"Time (MJD)" "Temp./1e3 (K)" "Temp. Err." "Radius/1e15 (cm)" "Radius Err." "Bol. Lum" "Bol. Err"
-4.128 19.956 1.880 0.528 0.045 31458735825854493320539534909107780018241536.000 6486462766566386498026172635725959836729344.000
-3.120 19.103 1.679 0.581 0.048 32024654634284118676903866775008622422261760.000 6025357223390475134200459821088365799800832.000
-2.113 25.094 2.115 0.418 0.029 49280778986240697514544175376302385311776768.000 9879000949946131980422738569722811534802944.000
-1.105 26.722 2.337 0.430 0.030 67336317182336289731907879532245454952595456.000 14234077130534886932964041193542295738122240.000
-0.097 22.137 1.157 0.547 0.024 51110063966306812812706948391754279828848640.000 6157400267176075851970070243578532581081088.000
0.911 16.771 0.577 0.727 0.025 29779661674616689185202434976997276783738880.000 2093647960113091258743609592302913904967680.000
1.918 14.365 0.384 0.871 0.025 23030406937878130344528551755419016746762240.000 1139792661917515497019728010829806958542848.000
2.926 14.268 0.371 0.879 0.025 22825089144681648671891353863781556810678272.000 1093138942890976376150380229938511427403776.000
3.934 14.583 0.385 0.856 0.024 23625152810649390337312260072117277078585344.000 1167048138351180795790509168180574101176320.000
4.941 14.932 0.402 0.832 0.024 24545194069899675272195443707773644571672576.000 1255780258459190070469032534400615428653056.000
5.949 15.281 0.419 0.810 0.023 25485145638406568663426063034668671626641408.000 1349196478398608327882961614926154991403008.000
6.957 15.062 0.400 0.817 0.023 24504045101271489802156648782861244039168000.000 1245813055691371323493442964877443241869312.000
7.965 14.822 0.381 0.826 0.023 23485604683806311022151387524193089635745792.000 1144316968185082471164960146471423836160000.000
8.972 14.570 0.363 0.836 0.022 22451547714521944063859948670493614153924608.000 1047169475051355729812529899534338505048064.000
9.980 14.372 0.349 0.842 0.022 21545629190972093549111318813762475662508032.000 970749989197793285068556799312333843202048.000
10.988 13.940 0.323 0.862 0.022 19971831655406701249771597382104122468073472.000 840282917645695423794867263441025313538048.000
11.995 11.923 0.224 1.004 0.023 14527397096369242931265975602499901859037184.000 429827979181845504955316481974409040494592.000
13.003 10.456 0.164 1.155 0.025 11352814651011715093613591717835563440537600.000 239739093433733873083769464831633543659520.000
14.011 9.761 0.129 1.225 0.023 9698595029669997997030181856337759630786560.000 160197426289060370069429362035627451744256.000
15.018 9.739 0.128 1.209 0.023 9377069836959903377134817615870882872295424.000 153365944556751236182651831427367140589568.000
16.026 9.628 0.123 1.208 0.022 8936207009808947319954561769604128998162432.000 140687357476355548104950500296873276866560.000
17.034 9.474 0.116 1.221 0.022 8551810038874531679980002440355689873276928.000 126824897747277125111122857650497249083392.000
18.042 9.265 0.110 1.247 0.022 8160521788330064440222100491127956965425152.000 113460064162220151897862113584238966079488.000
19.049 9.083 0.105 1.270 0.022 7817356733911331439432561125919557798592512.000 102685814586182431844917257072338070929408.000
20.057 8.908 0.100 1.293 0.022 7499622138688113679128605061757393430380544.000 93261048092122134286125011852669705256960.000
21.065 8.742 0.096 1.316 0.022 7205624256297018880736334505051138094530560.000 85023412048473568581656924556061667491840.000
22.072 8.586 0.092 1.338 0.022 6936518462302134725433399382921084883959808.000 77936721980428791597528466848304599138304.000
23.080 8.436 0.088 1.361 0.023 6685356694758397470045825399220657119559680.000 71672844777784928669389816526512595140608.000
24.088 8.299 0.085 1.382 0.023 6453138822224854053424753380249894320603136.000 66305021172823920477108164461067197480960.000
25.096 8.301 0.085 1.365 0.022 6307160445093772381610017612185284915494912.000 65484322427148374009018108504193955266560.000
26.103 8.297 0.086 1.350 0.022 6158036815968138926704688363433468899622912.000 64513217973060177413691795435541351104512.000
27.111 8.268 0.085 1.341 0.022 5987991520600213947244634812307085887275008.000 62749004470714697985528971199983445344256.000
28.119 8.266 0.086 1.326 0.022 5848102840021944658410081533304349332078592.000 62036510074598872581297716524152854151168.000
29.126 8.244 0.085 1.317 0.022 5706064693432006336634809916370974956060672.000 60861822933274175404362601347550952816640.000
30.134 8.091 0.083 1.347 0.022 5538436695469434759771727192993476053565440.000 56617865445727784437441444843165117841408.000
31.142 7.944 0.080 1.377 0.022 5381759322985866746707065621499602343559168.000 52809264376396171275653778134620142829568.000
32.150 7.803 0.078 1.408 0.023 5235110149387973757765318441783841576189952.000 49386461239874776187797187972037162827776.000
33.157 7.664 0.075 1.440 0.024 5098816043173588912703715456628757186478080.000 46270260375263352387390619857050218266624.000
34.165 7.547 0.074 1.469 0.024 4985320503320128573758337070557121889697792.000 43822210135473524639444519478532283301888.000
35.173 7.530 0.074 1.466 0.024 4925390070126272995483775482972123831468032.000 43719359932739458392347898284801230110720.000
36.180 7.507 0.074 1.466 0.024 4862067305465601448344951335245817030115328.000 43480002961689125105721287770758728122368.000
37.188 7.459 0.074 1.472 0.025 4778152411173050242947126605920217811910656.000 42516252808476463136787424916295483654144.000
38.196 7.389 0.073 1.485 0.025 4687081854430843575081448010800844326830080.000 41194720695810964433748796706302774476800.000
39.203 7.371 0.074 1.478 0.025 4597177061566535656023915535724983808425984.000 40758197806834017810535474668720757932032.000
40.211 7.540 0.078 1.397 0.024 4494211827414128031697121171742405238456320.000 43403410722146259258362168413330910216192.000
41.219 7.681 0.082 1.331 0.023 4394998487326839170996285116026014939480064.000 45699313915665632987540118335629190758400.000
42.227 7.532 0.079 1.363 0.024 4260449044873189821336946275430696640053248.000 42399369608516974294591406478946358788096.000
43.234 7.398 0.077 1.393 0.024 4139607198518760060254197766386823131561984.000 39640258479230347364487790838240675627008.000
44.242 7.298 0.076 1.413 0.025 4035273686403197457605137532702434080587776.000 37606671408195730234876963516830843928576.000
45.250 7.181 0.074 1.440 0.025 3930374964622314701861177211280735288164352.000 35463702066538275323853898708056910331904.000
46.257 7.062 0.072 1.470 0.026 3828315151317223142546347484384292683907072.000 33442934576431653176028941725070748811264.000
47.265 6.914 0.070 1.511 0.027 3714775834665539860944443861467836364881920.000 31173634765872337984801691707116240240640.000
48.273 6.827 0.069 1.529 0.028 3620360887646246423519422454313000233861120.000 29795145830427350222933193001507837968384.000
49.281 6.697 0.068 1.568 0.029 3522423781896584459581093139879693268287488.000 28082830126803984800316916714107138211840.000
50.288 6.616 0.067 1.587 0.029 3437372342205290911633358978882216132608000.000 26992613835364871356446091285575860486144.000
51.296 6.524 0.066 1.612 0.030 3355114919759972774843965170271979229413376.000 25915338160456034471969356972488105394176.000
52.304 6.439 0.065 1.637 0.031 3281472195828111567714069634968754388467712.000 25063859339363036408121251333801236234240.000
53.311 6.358 0.065 1.661 0.032 3211138629564609396335950774897460719386624.000 24327457930562471289074440606754564734976.000
54.319 6.279 0.064 1.685 0.033 3144337512530039541635875936053447035453440.000 23694888337627936323420457589983378669568.000
55.327 6.204 0.063 1.709 0.034 3082729714013319183068825867347952228368384.000 23179616587560079967361362994744858247168.000
56.335 6.135 0.063 1.731 0.035 3024563721643460315434838271673826585608192.000 22776517336042933723862286096287607554048.000
57.342 6.147 0.065 1.714 0.035 2989604108514129998833217435957454146895872.000 22916600779972465740886485350683682799616.000
58.350 6.176 0.067 1.688 0.035 2955288979199271676426003923601673376759808.000 23137165624325671564053158443157515403264.000
59.358 6.209 0.069 1.661 0.035 2922444314357839199318075900832692725350400.000 23411060680781240972115642423383192240128.000
60.365 6.242 0.071 1.634 0.035 2890211693946547445203642410831933880664064.000 23718064180842553540916164472176029728768.000
61.373 6.245 0.072 1.622 0.036 2851483777572707263302521151474415186214912.000 23849023361180039435707536435018016489472.000
62.381 6.261 0.074 1.607 0.036 2826760010104513537839570565353413025988608.000 24110923550382484073417432403382112354304.000
63.389 6.311 0.076 1.567 0.036 2774152232172275199920230130659807931138048.000 24393752113951394193257457412394532732928.000
64.396 6.462 0.081 1.451 0.034 2615282501100084699863272198592754809307136.000 24662296950034127807548748675582259101696.000
65.404 6.643 0.087 1.330 0.031 2453984002620273973320928113348531711901696.000 25321653136774942981701607847139204923392.000
66.412 6.862 0.095 1.208 0.029 2304269364904284626595631434929875722436608.000 26598618874232632097997433784006839631872.000
67.419 7.146 0.106 1.082 0.027 2174109749951452590464110669161342733123584.000 28994650495465877593348824407530916544512.000
68.427 7.202 0.110 1.037 0.027 2061289558061001599574254404199891398033408.000 28801599938375535999027585351737378078720.000
69.435 6.543 0.092 1.240 0.032 2008160603026898598222546715397418987290624.000 21694070774123374256855489628845016875008.000
70.442 6.033 0.078 1.466 0.037 2028908089563019783037626791371699220643840.000 19045618291558833102498837787145597353984.000
71.450 5.705 0.070 1.669 0.042 2102024104654766179262335045072283804631040.000 19488414379527673828940376130054608912384.000
72.458 5.450 0.065 1.854 0.047 2160253088332515261401810065845111882776576.000 21012194668965624690290167871547111374848.000
73.466 5.417 0.065 1.867 0.048 2138161053512282239124217886999448028971008.000 21330807011409381770361812468532280033280.000
74.473 5.385 0.065 1.876 0.049 2109782087926397913964548081851265733099520.000 21540564072773424645276274287608502157312.000
75.481 5.384 0.065 1.853 0.049 2056044909237482863552897602438899081150464.000 21277889898935813093043933678434470854656.000
76.489 5.386 0.066 1.826 0.049 2000088233090558963580089415574316499599360.000 20976113330344658533994184562335939559424.000
77.496 5.420 0.068 1.775 0.048 1937712229875005579727409125569518987378688.000 20448308552676809434285923270508746375168.000
78.504 5.552 0.075 1.655 0.047 1854436239356426615994520279858946890530816.000 19501670601543930349179961338484993556480.000
79.512 5.547 0.076 1.649 0.047 1835062659367595385863075404041344799211520.000 19620805249012509125436176255609343049728.000
80.520 5.632 0.079 1.567 0.046 1761672339099607129600455898901826043379712.000 18928720935311548952086533750736998629376.000
81.527 5.447 0.085 1.673 0.057 1693610558358335055819008659299714377711616.000 20795262351424446120179126742531165913088.000
82.535 5.508 0.089 1.611 0.056 1592154338369927031383145102912541515841536.000 19408537180114554970524334064047090565120.000
83.543 5.559 0.091 1.556 0.055 1503221283687854991292870533824660352532480.000 18305248012735449913534046332532610301952.000
84.550 5.572 0.093 1.521 0.055 1419695785076657552213417829713338035077120.000 17438802898898959421308495181240971821056.000
85.558 5.584 0.095 1.489 0.054 1348018458192253285528163369411785261056000.000 16715822286913165304102580581254859587584.000
86.566 5.610 0.098 1.439 0.054 1259694774254571517866197586806185954115584.000 15746716518593262165171691459880423522304.000
87.574 5.632 0.101 1.403 0.053 1203119009973689397014855793893692573483008.000 15193384953944471374401415684804514414592.000
88.581 5.650 0.103 1.372 0.053 1156154753251200110355054554761133526351872.000 14770005140358773785414391393802925375488.000
89.589 5.303 0.105 1.529 0.066 1057050550158861760198148010877585746558976.000 14761630739159666951928287380760738922496.000
90.597 2.500 0.000 5.879 0.040 1010366496057935214174371597120193190428672.000 14248661311770426220678157103314698764288.000
91.604 2.500 0.000 5.778 0.040 967503466785182996206109167582077660430336.000 13792928079135855102376278501891403415552.000
92.612 2.500 0.000 5.323 0.076 848206789970848372752093018298241198850048.000 23743832526746354041960232730084771889152.000
93.620 2.500 0.000 5.226 0.075 808461214662509945568546884827141768216576.000 23048876382828079976330564873492778450944.000
94.628 2.500 0.000 5.135 0.075 773385795700222349536078981571474505072640.000 22459167100922901029779178820710864781312.000
95.635 2.500 0.000 5.068 0.076 747064074680249120490291915769823656673280.000 22101975691218855324695207539020702679040.000
96.643 2.500 0.000 5.001 0.076 722573300793406245283301604589402845085696.000 21775475025515880535916772340855033823232.000
97.651 2.500 0.000 4.936 0.076 699638693371666936693865085156208263823360.000 21474323687630002988505688715210080124928.000
98.658 2.500 0.000 4.871 0.077 678050558573210132428729714165639626620928.000 21194118046661207499027782174570442653696.000
99.666 2.500 0.000 4.807 0.077 657636296119446010717206657480631200514048.000 20931197616581470903512880904186871414784.000
100.674 2.500 0.000 4.744 0.077 626450705445940852087666687174997247524864.000 20405480207257873600095486070564585472000.000
101.681 2.500 0.000 4.682 0.078 610118058020059441354637677192535078862848.000 20217506436550008770874104123675709014016.000
102.689 2.500 0.000 4.620 0.078 594211230805758673469746778296069933498368.000 20030462412202577042002116642310480461824.000
103.697 2.500 0.000 4.560 0.078 578719121937684242520881566900929972666368.000 19844175800328119389487170932225953759232.000
104.705 2.500 0.000 4.500 0.078 563630918995210984686912814232569322143744.000 19658500325626784968044909229826803499008.000
105.712 2.500 0.000 4.441 0.079 548936091456110421612527227563571140362240.000 19473305994921915388859318687175966457856.000
106.720 2.500 0.000 4.383 0.079 534624383346991503650054867578950642565120.000 19288482100419294634297270140239496609792.000
107.728 2.500 0.000 4.325 0.079 520685806085321549245993982289090617278464.000 19103934643850546926281172228856612913152.000
108.735 2.500 0.000 4.268 0.080 507110631508098135349556239244462666022912.000 18919584116838333713666468312404686012416.000
109.743 2.500 0.000 4.212 0.080 493889385082265131383767385323769943818240.000 18735368390086501182853128486761827139584.000
110.751 2.500 0.000 4.157 0.080 481012839292132804368699613022922653827072.000 18551233864968571422054430870536531738624.000
111.759 2.500 0.000 4.103 0.080 468472007199225872470364769722414502248448.000 18367143009546915743474438839363308617728.000
112.766 2.500 0.000 4.049 0.081 456258136170006518253281691954555496955904.000 18183065516791546312517152977124658774016.000
113.774 2.500 0.000 3.996 0.081 444362701767149784504542938095682072870912.000 17998982297450362231156090518275664904192.000
114.782 2.500 0.000 3.943 0.081 432777401800078176573139220689994381262848.000 17814881042149295151938881702249652813824.000
115.789 2.500 0.000 3.891 0.081 421494150530596998518824580052833041121280.000 17630761587928599700805972388835407953920.000
116.797 2.500 0.000 3.840 0.082 410505073029618182031945926346180109795328.000 17446626997391390064741862049396975206400.000
117.805 2.500 0.000 3.790 0.082 399802499680999749053160343479164258484224.000 17262486410484356562639727793742142242816.000
118.813 2.500 0.000 3.740 0.082 389378960828684725808185604127392058572800.000 17078358751669011518060958469120940048384.000
119.820 2.500 0.000 3.691 0.082 379227181563396364435047182601146333134848.000 16894263324679895706848315946063590588416.000
120.828 2.500 0.000 3.643 0.082 369340076645256937158538817145760093569024.000 16710225879004045897002178507993222479872.000
121.836 2.500 0.000 3.595 0.083 359710745558780851548012981089763091021824.000 16526275108082691017777132099966697734144.000
122.843 2.500 0.000 3.548 0.083 350332467696789085232672060572771419160576.000 16342443790219002750246391642905198460928.000
123.851 2.500 0.000 3.501 0.083 341198697669891476564814826692819212566528.000 16158767174147943594321719491004886679552.000
124.859 2.500 0.000 3.455 0.083 332303060738258380465122010755730063228928.000 15975281248519588555968713951474173870080.000
125.866 2.500 0.000 3.410 0.083 323639348362491866139378606671315427393536.000 15792028486497298614887443289320191950848.000
126.874 2.500 0.000 3.365 0.083 315201513870496267952000031606716709732352.000 15609047146541796544899910872870401605632.000
127.882 2.500 0.000 3.321 0.083 306983668237316993270171891293800519172096.000 15426382921876908450845563870390576480256.000
128.890 2.500 0.000 3.277 0.084 298980075975009065795975906231198890852352.000 15244077678175325954181765967231531876352.000
129.897 2.500 0.000 3.234 0.084 291185151129665820689812259635644713664512.000 15062175456155244278110891772204625690624.000
130.905 2.500 0.000 3.192 0.084 283593453382805248664307404540898699116544.000 14880721409368063426718695980319195004928.000
131.913 2.500 0.000 3.150 0.084 276199684254406652868416431051197097443328.000 14699758440820340175359143142335560286208.000
132.920 2.500 0.000 3.109 0.084 268998683404936743818528524184591674638336.000 14519335103862376149154916229513329246208.000
133.928 2.500 0.000 3.068 0.084 261985425033790527894245515011326906204160.000 14339492681137226296250639762765956251648.000
134.936 2.500 0.000 3.028 0.084 255155014371628323017654963581704938192896.000 14160279118594614453455613529054186045440.000
135.944 2.500 0.000 2.988 0.084 248502684264167877186758142082005195554816.000 13981736863963192806867400353082792476672.000
136.951 2.500 0.000 2.949 0.084 242023791845038342282104456802009905889280.000 13803909415733431227570158371605300903936.000
137.959 2.500 0.000 2.910 0.084 235713815295381193958794875468207766896640.000 13626839594744537584825282736383787532288.000
