5.0 43.592 43.288
6.0 43.52 43.11
7.0 43.449 42.964
8.0 43.397 42.846
9.0 43.346 42.716
10.0 43.3 42.632
11.0 43.261 42.528
12.0 43.224 42.442
13.0 43.191 42.392
14.0 43.157 42.325
15.0 43.126 42.247
16.0 43.097 42.199
17.0 43.069 42.146
18.0 43.041 42.101
19.0 43.016 42.066
20.0 42.991 42.032
21.0 42.968 41.982
22.0 42.945 41.966
23.0 42.925 41.929
24.0 42.904 41.9
25.0 42.885 41.888
26.0 42.867 41.866
27.0 42.849 41.845
28.0 42.833 41.817
29.0 42.817 41.803
30.0 42.803 41.782
31.0 42.788 41.76
32.0 42.775 41.743
33.0 42.763 41.734
34.0 42.751 41.706
35.0 42.74 41.707
36.0 42.73 41.697
37.0 42.72 41.685
38.0 42.711 41.671
39.0 42.702 41.677
40.0 42.693 41.662
41.0 42.685 41.661
42.0 42.677 41.667
43.0 42.67 41.664
44.0 42.662 41.661
45.0 42.654 41.654
46.0 42.647 41.649
47.0 42.639 41.689
48.0 42.632 41.645
49.0 42.624 41.644
50.0 42.616 41.631
51.0 42.608 41.623
52.0 42.6 41.617
53.0 42.592 41.615
54.0 42.583 41.612
55.0 42.574 41.589
56.0 42.566 41.579
57.0 42.557 41.623
58.0 42.547 41.558
59.0 42.538 41.592
60.0 42.528 41.529
61.0 42.518 41.516
62.0 42.508 41.551
63.0 42.498 41.535
64.0 42.488 41.527
65.0 42.478 41.503
66.0 42.468 41.459
67.0 42.458 41.43
68.0 42.447 41.419
69.0 42.438 41.403
70.0 42.428 41.445
71.0 42.418 41.443
72.0 42.409 41.423
73.0 42.399 41.432
74.0 42.389 41.371
75.0 42.379 41.37
76.0 42.368 41.405
77.0 42.357 41.408
78.0 42.345 41.445
79.0 42.334 41.375
80.0 42.322 41.36
81.0 42.309 41.358
82.0 42.298 41.415
83.0 42.285 41.397
84.0 42.273 41.404
85.0 42.262 41.407
86.0 42.25 41.426
87.0 42.238 41.428
88.0 42.225 41.432
89.0 42.212 41.445
90.0 42.2 41.465
91.0 42.188 41.489
92.0 42.175 41.509
93.0 42.163 41.492
94.0 42.15 41.555
95.0 42.137 41.564
