-6.0 43.077 42.922
-5.0 42.886 42.313
-4.0 42.814 41.852
-3.0 42.778 41.612
-2.0 42.75 41.505
-1.0 42.721 41.477
-0.0 42.692 41.417
1.0 42.665 41.329
2.0 42.64 41.34
3.0 42.622 41.261
4.0 42.608 41.235
5.0 42.597 41.268
6.0 42.588 41.243
7.0 42.58 41.183
8.0 42.57 41.205
9.0 42.557 41.177
10.0 42.54 41.109
11.0 42.521 41.075
12.0 42.499 41.096
13.0 42.477 41.073
14.0 42.456 41.104
15.0 42.436 41.008
16.0 42.419 41.033
17.0 42.405 40.979
18.0 42.393 40.957
19.0 42.384 40.985
20.0 42.377 40.912
21.0 42.371 40.931
22.0 42.365 40.911
23.0 42.36 40.892
24.0 42.354 40.864
25.0 42.348 40.863
26.0 42.342 40.858
27.0 42.336 40.856
28.0 42.329 40.824
29.0 42.323 40.815
30.0 42.317 40.778
31.0 42.31 40.766
32.0 42.304 40.746
33.0 42.298 40.752
34.0 42.292 40.746
35.0 42.286 40.764
36.0 42.28 40.784
37.0 42.274 40.81
38.0 42.268 40.847
39.0 42.262 40.825
40.0 42.255 40.801
41.0 42.249 40.836
42.0 42.242 40.818
43.0 42.236 40.815
44.0 42.23 40.807
45.0 42.223 40.795
46.0 42.216 40.802
47.0 42.209 40.807
48.0 42.2 40.768
49.0 42.189 40.73
50.0 42.176 40.681
51.0 42.162 40.657
52.0 42.145 40.614
53.0 42.126 40.609
54.0 42.102 40.602
55.0 42.073 40.613
56.0 42.039 40.612
57.0 42.003 40.623
58.0 41.963 40.689
59.0 41.914 40.879
