-7.0 42.808 42.338
-6.0 42.789 42.236
-5.0 42.772 42.156
-4.0 42.76 42.05
-3.0 42.744 41.977
-2.0 42.729 41.935
-1.0 42.715 41.876
-0.0 42.7 41.839
1.0 42.687 41.821
2.0 42.673 41.799
3.0 42.66 41.801
4.0 42.648 41.722
5.0 42.635 41.705
6.0 42.623 41.701
7.0 42.609 41.658
8.0 42.597 41.637
9.0 42.585 41.618
10.0 42.572 41.605
11.0 42.561 41.585
12.0 42.549 41.606
13.0 42.538 41.55
14.0 42.527 41.586
15.0 42.516 41.568
16.0 42.506 41.571
17.0 42.495 41.51
18.0 42.485 41.54
19.0 42.476 41.521
20.0 42.467 41.523
21.0 42.459 41.518
22.0 42.451 41.499
23.0 42.443 41.492
24.0 42.436 41.477
25.0 42.429 41.467
26.0 42.423 41.463
27.0 42.417 41.449
28.0 42.412 41.446
29.0 42.407 41.429
30.0 42.403 41.421
31.0 42.4 41.422
32.0 42.396 41.352
33.0 42.394 41.355
34.0 42.391 41.389
35.0 42.389 41.353
36.0 42.387 41.349
37.0 42.385 41.393
38.0 42.385 41.375
39.0 42.384 41.39
40.0 42.383 41.398
41.0 42.383 41.391
42.0 42.383 41.383
43.0 42.383 41.396
44.0 42.384 41.407
45.0 42.385 41.421
46.0 42.386 41.422
47.0 42.386 41.421
48.0 42.387 41.428
49.0 42.388 41.438
50.0 42.389 41.451
51.0 42.39 41.449
52.0 42.391 41.462
53.0 42.391 41.486
54.0 42.393 41.464
55.0 42.393 41.477
56.0 42.393 41.479
57.0 42.393 41.484
58.0 42.392 41.55
59.0 42.392 41.488
60.0 42.39 41.487
61.0 42.389 41.497
62.0 42.388 41.499
63.0 42.385 41.496
64.0 42.382 41.584
65.0 42.38 41.5
66.0 42.376 41.517
67.0 42.372 41.489
68.0 42.368 41.489
69.0 42.364 41.506
70.0 42.359 41.544
71.0 42.354 41.484
72.0 42.349 41.499
73.0 42.343 41.482
74.0 42.337 41.473
75.0 42.331 41.479
76.0 42.324 41.452
77.0 42.318 41.455
78.0 42.311 41.442
79.0 42.305 41.465
80.0 42.298 41.446
81.0 42.29 41.442
82.0 42.284 41.406
83.0 42.275 41.455
84.0 42.267 41.472
85.0 42.258 41.473
86.0 42.248 41.499
87.0 42.237 41.504
88.0 42.225 41.597
89.0 42.216 41.474
90.0 42.202 41.533
91.0 42.188 41.535
92.0 42.173 41.561
93.0 42.16 41.521
94.0 42.143 41.585
95.0 42.128 41.559
96.0 42.111 41.598
97.0 42.095 41.598
98.0 42.08 41.595
99.0 42.061 41.585
100.0 42.042 41.64
101.0 42.024 41.656
102.0 42.007 41.634
103.0 41.988 41.664
104.0 41.969 41.669
105.0 41.949 41.711
106.0 41.934 41.68
107.0 41.917 41.719
108.0 41.895 41.695
109.0 41.877 41.693
110.0 41.86 41.683
111.0 41.845 41.67
112.0 41.825 41.691
113.0 41.81 41.675
114.0 41.791 41.687
115.0 41.776 41.736
116.0 41.762 41.754
117.0 41.742 41.682
