-0.0 42.526 41.908
1.0 42.526 41.773
2.0 42.525 41.727
3.0 42.522 41.692
4.0 42.516 41.694
5.0 42.509 41.616
6.0 42.5 41.563
7.0 42.489 41.529
8.0 42.478 41.522
9.0 42.465 41.438
10.0 42.452 41.447
11.0 42.438 41.402
12.0 42.424 41.368
13.0 42.41 41.271
14.0 42.397 41.228
15.0 42.384 41.189
16.0 42.371 41.205
17.0 42.359 41.125
18.0 42.347 41.155
19.0 42.337 41.126
20.0 42.327 41.103
21.0 42.319 41.085
22.0 42.312 41.049
23.0 42.306 41.08
24.0 42.301 41.09
25.0 42.296 41.071
26.0 42.292 41.076
27.0 42.289 41.064
28.0 42.286 41.053
29.0 42.283 40.999
30.0 42.28 41.046
31.0 42.277 41.03
32.0 42.274 41.037
33.0 42.271 41.023
34.0 42.267 40.997
35.0 42.264 40.955
36.0 42.26 40.997
37.0 42.256 40.975
38.0 42.251 40.962
39.0 42.247 40.946
40.0 42.243 40.961
41.0 42.239 40.934
42.0 42.236 40.934
43.0 42.234 40.912
44.0 42.232 40.921
45.0 42.23 40.997
46.0 42.229 40.935
47.0 42.228 40.932
48.0 42.226 40.941
49.0 42.224 41.024
50.0 42.223 40.942
51.0 42.22 40.936
52.0 42.217 41.038
53.0 42.215 40.922
54.0 42.212 40.949
55.0 42.209 40.941
56.0 42.206 40.949
57.0 42.203 41.044
58.0 42.2 40.954
59.0 42.197 40.97
60.0 42.193 41.072
61.0 42.191 40.976
62.0 42.188 40.989
63.0 42.185 40.985
64.0 42.182 40.988
65.0 42.179 41.005
66.0 42.177 41.0
67.0 42.174 41.006
68.0 42.172 41.037
69.0 42.169 41.055
70.0 42.167 41.008
71.0 42.165 41.008
72.0 42.163 41.1
73.0 42.162 41.044
74.0 42.159 41.032
75.0 42.157 41.045
76.0 42.155 41.069
77.0 42.152 41.129
78.0 42.149 41.063
79.0 42.146 41.048
80.0 42.143 41.052
81.0 42.14 41.079
82.0 42.138 41.096
83.0 42.137 41.037
84.0 42.135 41.143
85.0 42.132 41.103
86.0 42.129 41.114
87.0 42.125 41.115
88.0 42.122 41.105
89.0 42.115 41.182
90.0 42.109 41.182
91.0 42.101 41.106
92.0 42.091 41.096
93.0 42.081 41.094
94.0 42.067 41.123
95.0 42.055 41.045
96.0 42.04 41.036
97.0 42.024 40.999
98.0 42.007 41.155
99.0 41.991 40.976
100.0 41.975 40.996
101.0 41.956 41.071
102.0 41.94 40.984
103.0 41.92 40.963
104.0 41.9 40.965
105.0 41.876 41.031
106.0 41.852 40.995
107.0 41.824 40.974
108.0 41.794 41.001
109.0 41.761 40.981
110.0 41.724 41.016
