58984.405 19.423 0.094
58985.31 19.2 0.083
58985.38 19.352 0.106
58986.292 19.246 0.087
58986.384 19.112 0.074
58987.333 19.19 0.112
58987.409 19.14 0.087
58991.268 19.1 0.075
58991.315 19.14 0.087
58992.272 19.14 0.09
58993.269 19.054 0.094
58993.299 19.106 0.103
58994.268 19.117 0.079
58994.31 19.149 0.085
58995.258 19.122 0.098
58996.273 19.077 0.09
58996.317 19.218 0.073
58997.295 19.116 0.106
58998.261 19.176 0.107
58998.295 19.198 0.105
58998.352 19.27 0.081
58999.246 19.326 0.139
58999.27 19.323 0.111
58999.296 19.03 0.107
59000.289 19.274 0.128
59000.4 19.28 0.127
59001.261 19.207 0.163
59001.37 19.364 0.127
59004.219 19.317 0.18
59004.27 19.343 0.212
59005.226 19.331 0.176
59008.319 19.204 0.127
59009.268 19.74 0.16
59011.256 19.176 0.095
59011.29 19.644 0.118
59014.237 19.239 0.089
59017.256 19.308 0.084
59017.303 19.851 0.096
59023.197 19.334 0.114
59023.236 19.873 0.167
59024.25 19.384 0.091
59026.233 20.018 0.178
59026.288 19.28 0.154
59029.215 19.155 0.126
59032.25 19.241 0.13
59038.214 19.361 0.103
59041.255 19.34 0.121
59044.232 19.345 0.099
59047.215 19.307 0.096
59047.243 20.166 0.138
59050.194 20.291 0.193
59050.29 19.337 0.12
59054.196 19.338 0.1
59057.174 19.365 0.117
59066.24 19.506 0.174
59067.183 19.507 0.135
59070.212 20.56 0.188
59072.177 19.688 0.15
59073.185 19.62 0.132
58983.45 19.249 0.047
58984.405 19.42 0.09
58985.31 19.2 0.08
58937.624 21.343 1.522
58937.627 22.901 2.285
58941.539 22.62 1.05
58945.509 21.9 2.014
58950.598 22.64 2.753
58950.6 22.003 2.163
58958.584 23.897 2.79
58958.587 23.183 1.836
58960.473 22.895 0.858
58960.475 26.097 13.918
58968.549 24.181 5.292
58968.552 23.108 1.516
58971.406 25.316 18.761
58973.454 22.148 0.609
58976.432 20.792 1.415
58976.435 22.182 4.076
58983.523 19.197 0.079
58983.526 19.766 0.094
58989.512 19.112 0.05
58989.515 19.021 0.067
58995.469 19.123 0.095
58995.472 19.058 0.074
58999.487 19.355 0.063
58999.49 19.166 0.059
59003.452 19.148 0.089
59003.455 19.233 0.186
59007.303 19.261 0.059
59007.306 19.165 0.114
59009.342 19.433 0.072
59009.345 19.181 0.039
59013.456 19.654 0.165
59013.459 19.382 0.314
59016.442 19.603 0.115
59016.445 19.334 0.054
59019.48 19.309 0.173
59019.482 19.935 0.367
59023.436 19.843 0.084
59023.439 19.426 0.037
59026.291 19.269 0.108
59026.294 19.917 0.147
59028.293 19.997 0.059
59028.296 19.26 0.031
59030.394 19.402 0.05
59030.397 19.376 0.049
59031.285 19.431 0.21
59031.288 19.193 0.156
59034.275 19.307 0.076
59034.278 19.364 0.074
59037.384 19.312 0.065
59037.387 19.313 0.059
59040.363 19.195 0.23
59040.366 19.35 0.094
59043.357 19.472 0.084
59043.359 20.092 0.132
59048.351 20.016 0.107
59048.354 19.438 0.048
59052.401 20.094 0.226
59052.403 19.334 0.069
59055.326 20.143 0.206
59055.329 19.463 0.098
59059.375 19.299 0.104
59059.378 19.527 0.091
59062.368 19.505 0.085
59062.371 19.516 0.076
59065.297 19.444 0.054
59065.3 19.536 0.08
59069.344 19.385 0.058
59069.347 19.61 0.077
59071.285 20.395 0.191
59071.287 19.523 0.095
59077.267 20.713 0.214
59077.27 19.615 0.097
59079.261 19.915 0.063
59079.264 20.89 0.167
59082.304 21.008 0.726
59082.306 19.747 0.184
59083.263 21.297 0.385
59083.265 20.122 0.094
59094.259 20.589 0.342
59094.262 20.824 0.758
59096.262 20.825 0.425
59096.264 20.615 0.195
59102.249 20.583 0.297
59102.252 21.935 0.543
59106.245 20.806 0.187
59106.247 22.609 0.916
59108.244 21.732 0.381
59108.247 21.352 0.41
59113.229 20.655 1.299
59113.232 21.626 2.272
59117.228 21.347 1.512
59119.239 20.748 0.456
59119.242 21.128 0.499
59122.23 20.848 0.901
59122.233 21.79 2.277
59136.22 22.105 1.734
59136.223 21.338 0.553
59139.214 21.074 0.815
59139.216 21.856 2.146
59144.213 21.538 1.946
59144.215 22.683 5.25
59148.209 21.323 1.718
59148.212 21.887 1.788
59270.596 22.329 3.973
59270.599 22.679 6.532
59297.516 22.742 3.788
59297.519 23.133 4.087
59299.544 22.698 1.199
59303.522 22.113 0.913
59304.519 21.83 1.803
59304.522 23.994 18.371
59306.466 23.357 1.868
59306.469 22.758 1.397
59313.622 23.084 1.135
59313.625 21.914 0.594
59314.475 22.783 0.689
59314.478 22.371 0.691
59321.473 25.775 11.047
59321.476 23.074 0.813
59326.423 22.594 3.216
59326.426 22.171 1.657
59327.443 21.723 0.607
59327.446 23.014 1.325
59331.408 24.02 20.617
59334.448 21.616 0.677
59334.451 22.72 2.543
59337.549 22.492 2.262
59343.395 24.906 6.883
59343.397 23.651 3.513
59357.374 22.04 1.867
59358.374 24.664 13.11
59360.384 21.955 1.432
59360.387 24.352 16.088
59365.359 25.396 14.995
59368.372 21.932 1.325
59379.314 22.09 0.424
59379.317 24.488 2.956
59382.289 22.256 0.428
59382.291 23.294 1.099
59384.273 22.982 2.709
59384.276 21.679 1.126
59385.272 24.214 11.45
59408.391 22.628 0.91
59408.393 22.473 0.956
59414.336 21.715 1.447
59414.339 21.667 1.217
59416.314 22.893 9.77
59422.332 20.998 1.554
59422.334 20.472 1.656
59429.279 22.45 1.662
59429.282 22.96 1.749
59431.326 21.664 0.989
59431.328 22.268 1.614
59437.259 22.821 1.992
59442.255 22.314 1.302
59442.257 22.16 1.031
59447.25 24.558 5.379
59450.296 23.732 7.494
59450.299 25.585 61.604
59813.254 29.729 1956.94
59813.257 22.994 2.748
59819.252 23.733 1.824
59819.255 23.656 1.581
59824.252 23.346 2.152
59830.246 20.851 0.603
59833.265 21.879 3.803
59838.238 25.516 28.88
59843.231 23.247 1.623
59843.234 25.542 13.767
59847.228 23.962 5.868
59851.229 22.477 2.777
59851.232 22.658 3.641
59860.257 20.551 1.763
58983.523 19.19 0.07
58988.52 19.0 0.04
58992.505 19.13 0.03
58983.423 19.558 0.172
59719.519 26.987 41.929
59719.522 25.395 8.086
59741.453 21.394 2.625
59741.456 23.206 6.464
59769.356 21.647 1.408
59769.359 23.118 3.441
59778.354 21.346 3.113
59786.37 23.639 6.895
59786.374 24.645 6.951
59791.262 21.513 2.93
59797.275 22.799 1.119
59801.279 23.49 5.375
