59108.39 20.083 0.176
59109.322 19.286 0.119
59109.41 19.568 0.144
59110.346 19.078 0.084
59110.359 19.303 0.099
59111.367 19.035 0.101
59113.302 19.075 0.105
59113.34 19.195 0.072
59113.39 19.011 0.073
59114.322 19.03 0.074
59115.305 19.057 0.078
59116.265 19.124 0.098
59116.307 19.137 0.104
59116.337 19.081 0.07
59116.362 19.081 0.084
59117.286 19.101 0.101
59117.373 19.068 0.085
59118.262 19.229 0.105
59119.338 19.26 0.127
59119.36 19.186 0.104
59120.284 19.184 0.132
59121.307 19.235 0.174
59126.362 19.243 0.155
59129.269 19.253 0.097
59129.33 19.707 0.144
59131.235 19.301 0.117
59131.317 19.545 0.151
59134.268 19.823 0.132
59134.298 19.391 0.122
59136.3 19.382 0.084
59136.344 20.019 0.158
59138.233 20.087 0.175
59138.306 19.457 0.134
59140.249 19.444 0.141
59140.277 20.029 0.142
59144.214 19.577 0.12
59144.332 20.246 0.165
59155.264 19.516 0.14
59157.333 19.649 0.189
59167.227 19.91 0.188
59169.191 19.976 0.135
59173.218 19.93 0.141
59107.356 20.636 0.283
59108.39 20.083 0.176
59109.322 19.29 0.12
59036.591 22.788 1.39
59051.557 23.586 2.514
59051.56 22.955 1.172
59055.541 26.046 27.221
59060.5 22.209 0.591
59077.467 22.709 0.592
59079.489 24.339 3.092
59079.492 23.806 3.416
59093.414 22.923 3.703
59100.429 23.432 13.91
59100.431 24.035 11.866
59103.396 23.327 1.656
59107.534 20.93 0.282
59107.537 21.343 0.207
59111.505 19.206 0.163
59111.508 19.009 0.152
59117.374 19.007 0.063
59117.377 19.215 0.092
59120.374 19.079 0.298
59120.376 19.504 0.384
59127.362 19.148 0.186
59127.365 19.226 0.256
59130.478 19.452 0.143
59130.48 19.234 0.107
59132.452 19.807 0.053
59137.453 19.505 0.036
59137.456 19.985 0.051
59142.269 20.117 0.085
59142.272 19.698 0.05
59143.265 19.585 0.177
59143.268 20.686 0.362
59145.29 20.141 0.096
59145.293 19.462 0.046
59147.417 20.406 0.179
59147.42 19.652 0.128
59154.408 19.669 0.17
59154.411 19.49 0.117
59158.393 19.387 0.269
59163.354 19.559 0.047
59163.356 21.076 0.17
59169.221 20.884 0.228
59169.224 19.645 0.06
59173.375 21.231 0.392
59173.378 20.033 0.12
59182.358 20.264 0.377
59182.361 19.997 0.206
59186.345 20.304 0.221
59186.348 20.138 0.109
59190.286 22.127 0.296
59190.289 20.274 0.137
59192.306 20.55 0.211
59192.309 21.938 0.741
59381.58 21.962 0.771
59381.582 23.252 3.331
59385.597 28.705 156.091
59390.601 21.721 0.674
59390.604 23.985 9.682
59400.571 23.141 0.931
59400.574 23.365 0.794
59401.557 22.825 1.747
59410.564 25.972 41.038
59412.513 22.407 0.65
59417.516 23.342 5.944
59417.519 21.401 1.93
59420.556 21.77 1.108
59428.523 22.013 1.074
59428.526 27.197 51.232
59431.478 22.299 0.715
59438.617 25.18 6.236
59446.593 22.692 1.729
59448.596 22.145 0.886
59455.595 22.406 2.524
59455.598 25.132 34.93
59458.581 25.006 12.737
59464.393 24.16 8.499
59467.562 23.522 2.368
59467.565 22.644 0.933
59485.517 23.9 9.938
59491.495 22.947 1.292
59491.497 29.675 412.943
59510.44 21.871 1.69
59514.412 23.836 2.837
59519.278 22.955 0.806
59530.369 24.74 7.851
59537.324 22.861 3.348
59538.238 24.174 4.635
59541.324 23.677 5.128
59545.331 22.41 2.715
59810.447 22.531 3.82
59825.443 26.505 21.315
59825.446 23.531 1.743
59830.425 23.022 4.356
59841.376 23.023 2.25
59842.376 25.625 12.496
59850.389 24.341 4.257
59854.484 23.909 2.646
59867.48 22.424 1.723
59876.395 24.073 4.756
59876.403 23.573 2.518
59881.278 23.323 2.829
59881.28 23.081 2.405
59908.216 22.357 1.823
59113.462 19.129 0.161
59112.5 19.19 0.03
59112.551 18.97 0.09
59143.288 19.725 0.068
59143.313 19.792 0.106
59101.425 20.774 0.567
59101.448 21.417 1.192
59101.454 21.117 0.758
59103.501 22.608 3.364
59103.504 20.176 1.168
59103.52 22.365 2.341
59105.478 22.807 2.758
59105.481 22.63 2.488
59105.538 20.71 0.44
59107.487 20.993 0.67
59107.492 22.033 1.63
59107.502 20.947 0.52
59109.402 19.321 0.217
59109.405 19.721 0.283
59109.409 19.224 0.164
59109.432 19.737 0.178
59111.398 19.131 0.312
59111.401 19.226 0.302
59111.404 20.593 1.65
59111.442 18.821 0.135
59113.462 19.203 0.14
59113.467 18.805 0.106
59113.472 19.205 0.139
59113.483 19.221 0.138
59115.496 19.182 0.138
59115.499 19.15 0.125
59115.506 18.851 0.093
59115.522 18.795 0.115
59117.415 19.159 0.149
59117.438 19.118 0.141
59117.467 18.974 0.106
59117.472 19.07 0.125
59118.354 19.207 0.204
59118.363 19.065 0.154
59118.37 19.141 0.159
59118.373 19.209 0.191
59119.37 18.98 0.167
59119.377 18.954 0.233
59119.378 19.044 0.225
59119.409 19.218 0.215
59121.431 19.365 0.198
59121.435 19.306 0.232
59121.467 18.93 0.127
59121.472 19.328 0.301
59127.438 18.586 0.346
59127.447 18.874 0.368
59127.458 18.742 0.264
59129.459 19.095 0.149
59129.466 19.053 0.109
59129.469 19.106 0.135
59129.488 19.128 0.192
59131.462 19.175 0.177
59131.465 19.362 0.19
59131.485 19.57 0.239
59131.501 19.235 0.171
59133.405 19.001 0.115
59133.408 19.346 0.153
59133.414 19.099 0.1
59133.431 19.604 0.175
59135.425 19.68 0.204
59135.429 19.828 0.304
59135.434 20.279 0.363
59135.448 19.229 0.225
59137.42 19.507 0.193
59137.429 19.349 0.16
59137.433 19.381 0.24
59137.444 19.246 0.235
59139.409 19.832 0.177
59139.413 19.915 0.211
59139.418 19.85 0.154
59139.432 19.426 0.129
59141.378 19.427 0.144
59141.381 19.821 0.218
59141.413 19.261 0.11
59141.418 19.594 0.147
59143.4 20.446 0.937
59143.403 20.408 0.807
59143.408 21.261 3.1
59145.398 19.57 0.107
59145.4 19.665 0.179
59145.413 19.598 0.163
59145.424 19.66 0.197
59147.384 19.4 0.167
59147.387 19.75 0.272
59147.393 19.742 0.212
59147.403 19.904 0.31
59148.3 20.91 23.88
59148.307 19.862 0.372
59148.313 19.191 0.278
59155.501 18.677 1.512
59157.377 19.404 0.171
59157.38 19.454 0.171
59157.387 19.367 0.218
59157.397 19.369 0.152
59159.344 17.12 0.444
59160.351 19.458 0.54
59160.355 18.192 0.413
59160.361 19.959 0.579
59161.374 19.307 0.134
59161.379 19.758 0.228
59161.385 19.647 0.202
59163.42 21.003 0.69
59163.423 20.118 0.303
59163.429 21.605 1.196
59163.442 21.627 1.55
59169.332 19.389 0.159
59169.351 20.391 0.387
59169.354 19.689 0.185
59169.362 19.673 0.202
59185.369 20.087 0.588
59185.375 19.652 0.337
59185.379 21.696 2.415
59185.393 23.076 7.222
59187.362 20.037 0.371
59187.366 19.396 0.226
59187.372 19.796 0.344
59187.384 19.955 0.42
59189.288 20.459 0.431
59189.294 19.692 0.207
59189.312 20.311 0.373
59191.262 21.159 0.673
59191.265 21.684 0.892
59191.271 20.879 0.511
59191.282 21.871 1.232
59193.297 20.875 0.645
59193.302 20.639 0.579
59193.317 20.015 0.362
59193.328 19.922 0.3
59195.315 22.16 1.868
59195.319 21.525 1.101
59195.338 24.154 12.167
59195.344 21.374 0.96
59197.27 21.823 1.5
59197.274 20.549 0.432
59197.296 20.951 0.532
59199.282 21.821 1.612
59199.32 21.66 1.462
59739.604 23.779 3.19
59739.607 21.978 0.963
59740.598 24.614 4.341
59757.586 23.093 0.938
59765.568 25.518 26.213
59774.558 23.203 2.313
59776.548 22.754 3.875
59795.53 22.868 1.553
59795.533 24.969 11.99
