59084.428 17.179 0.054
59088.494 17.208 0.043
59090.509 17.127 0.033
59091.417 17.267 0.038
59092.428 17.34 0.054
59094.416 17.171 0.045
59094.44 17.135 0.046
59094.5 17.38 0.053
59096.398 17.191 0.048
59102.458 17.281 0.058
59106.519 17.927 0.096
59108.37 17.993 0.086
59108.462 17.369 0.051
59111.396 18.112 0.06
59111.42 17.417 0.04
59114.352 18.268 0.075
59114.46 17.474 0.035
59116.435 17.504 0.036
59117.382 17.48 0.037
59118.479 18.388 0.062
59120.363 18.453 0.092
59120.44 18.409 0.058
59121.365 18.383 0.09
59122.362 18.554 0.131
59123.355 17.511 0.064
59123.4 18.431 0.108
59124.353 17.555 0.045
59125.397 18.406 0.11
59125.465 17.529 0.043
59128.409 17.647 0.068
59130.405 18.544 0.082
59130.428 17.636 0.045
59134.436 17.682 0.051
59136.406 18.653 0.07
59138.337 17.724 0.055
59140.366 17.698 0.048
59140.413 18.712 0.096
59142.362 17.709 0.048
59142.407 18.756 0.069
59144.396 18.811 0.068
59144.401 17.784 0.051
59150.3 17.778 0.061
59151.319 18.7 0.139
59151.374 17.872 0.054
59152.39 17.77 0.064
59155.28 17.775 0.058
59155.361 18.852 0.114
59157.371 18.713 0.1
59157.422 17.865 0.058
59158.32 18.949 0.147
59158.351 17.814 0.054
59165.3 18.974 0.097
59165.35 17.927 0.051
59167.346 17.969 0.046
59169.277 17.934 0.05
59169.332 19.09 0.094
59171.26 19.244 0.124
59174.339 18.093 0.055
59176.329 18.046 0.049
59176.347 19.133 0.095
59178.319 18.113 0.059
59185.255 18.228 0.067
59187.246 18.203 0.078
59189.237 18.373 0.053
59194.254 18.703 0.077
59196.255 18.671 0.111
59198.214 19.051 0.119
59200.237 19.173 0.099
59080.604 17.91 0.02
59080.606 17.559 0.017
59090.583 17.072 0.013
59105.601 17.377 0.023
59105.603 17.751 0.032
59108.589 17.913 0.023
59108.592 17.344 0.014
59114.569 17.494 0.028
59114.571 18.149 0.036
59118.555 17.5 0.048
59118.558 17.526 0.039
59130.486 17.588 0.024
59130.489 17.581 0.023
59132.552 17.645 0.023
59132.555 18.524 0.038
59136.505 17.668 0.015
59136.508 18.555 0.022
59140.48 17.724 0.023
59140.483 18.572 0.037
59146.458 18.641 0.024
59146.46 17.717 0.019
59148.424 17.786 0.02
59148.427 17.693 0.031
59158.482 17.782 0.024
59158.485 17.779 0.019
59161.442 17.807 0.022
59161.445 18.783 0.049
59172.389 19.023 0.109
59172.391 17.974 0.058
59185.398 18.22 0.039
59185.401 18.202 0.034
59190.408 18.346 0.037
59190.411 19.645 0.102
59192.37 19.692 0.158
59192.373 18.254 0.07
59194.328 20.07 0.103
59194.331 18.646 0.032
59198.363 20.384 0.273
59198.366 18.91 0.097
59458.57 23.872 6.274
59467.567 22.889 3.047
59467.57 23.308 1.771
59485.557 21.781 1.64
59491.5 22.324 0.602
59494.621 23.034 5.723
59516.463 22.551 2.708
59525.465 23.253 1.905
59529.476 22.862 0.93
59540.38 25.216 41.479
59544.422 22.926 2.069
59080.604 17.91 0.02
59087.546 17.11 0.01
59106.572 17.35 0.01
59084.428 17.179 0.0
59084.428 17.18 0.05
59084.428 17.179 0.0
59088.494 17.21 0.04
59078.573 18.472 0.094
59110.512 17.36 0.2
59106.572 17.353 0.006
59106.584 17.345 0.007
59106.595 17.385 0.007
59106.606 17.368 0.007
59130.6 17.598 0.014
59130.609 17.558 0.015
59130.618 17.555 0.015
59130.627 17.563 0.013
59172.407 18.279 0.023
59172.419 18.431 0.031
59172.43 18.317 0.027
59172.441 18.303 0.024
59193.328 18.79 0.03
59193.34 18.681 0.022
59193.352 18.686 0.024
59193.364 18.742 0.024
59217.314 20.247 0.08
59221.33 20.28 0.052
59221.341 20.323 0.06
59221.363 20.254 0.059
59100.543 17.182 0.034
59100.545 17.204 0.033
59100.549 17.222 0.039
59100.559 17.243 0.036
59102.558 17.305 0.035
59102.561 17.213 0.032
59102.564 17.359 0.034
59102.569 17.263 0.032
59104.546 17.319 0.026
59104.549 17.311 0.028
59104.552 17.408 0.024
59106.548 17.742 0.036
59106.55 17.634 0.031
59106.552 17.577 0.03
59106.557 17.752 0.034
59108.495 17.373 0.026
59108.498 17.316 0.028
59108.504 17.501 0.029
59108.511 17.27 0.026
59109.478 17.76 0.032
59109.5 17.679 0.032
59109.534 17.741 0.03
59109.538 17.824 0.032
59110.529 17.823 0.035
59110.531 17.739 0.035
59110.537 17.79 0.038
59110.558 17.666 0.028
59112.506 17.41 0.032
59112.507 17.417 0.029
59112.514 17.433 0.032
59112.523 17.32 0.03
59113.48 17.92 0.08
59113.485 17.962 0.048
59113.502 17.965 0.046
59113.508 18.04 0.04
59114.529 17.887 0.043
59114.533 18.003 0.047
59114.543 17.821 0.04
59114.549 17.92 0.045
59120.504 17.535 0.049
59120.506 17.547 0.044
59120.509 17.471 0.043
59120.515 17.66 0.046
59121.373 17.588 0.071
59121.394 17.389 0.056
59121.4 17.636 0.068
59121.403 17.633 0.078
59123.436 17.469 0.072
59123.449 17.502 0.074
59123.453 17.796 0.089
59123.459 17.531 0.084
59128.553 17.775 0.062
59128.559 17.82 0.079
59128.56 20.326 0.87
59128.565 17.736 0.061
59128.599 17.505 0.047
59130.59 17.739 0.046
59130.593 17.567 0.04
59130.598 17.581 0.046
59130.621 17.579 0.043
59132.468 17.536 0.037
59132.47 17.706 0.043
59132.483 17.845 0.039
59132.494 17.72 0.044
59132.496 18.259 0.081
59132.498 18.05 0.064
59133.466 17.53 0.036
59133.47 17.553 0.034
59133.477 17.667 0.039
59133.487 17.522 0.033
59134.585 17.877 0.059
59134.588 17.564 0.092
59134.594 17.271 0.043
59134.611 17.086 0.034
59136.473 17.69 0.039
59136.476 17.836 0.045
59136.481 17.604 0.035
59136.486 17.676 0.041
59138.481 18.264 0.14
59138.483 18.221 0.115
59138.485 18.609 0.503
59138.521 18.267 0.081
59140.459 17.671 0.039
59140.462 17.768 0.037
59140.465 17.707 0.036
59140.476 17.759 0.037
59142.437 18.221 0.057
59142.44 18.49 0.069
59142.443 18.425 0.063
59142.459 18.417 0.066
59144.403 17.775 0.057
59144.405 17.766 0.049
59144.429 17.822 0.048
59144.435 17.719 0.046
59146.486 18.297 0.054
59146.519 18.082 0.048
59146.522 18.241 0.056
59146.524 18.309 0.059
59146.528 18.264 0.053
59146.53 18.204 0.043
59146.534 18.295 0.059
59146.545 18.18 0.053
59147.441 17.741 0.041
59147.442 17.897 0.051
59147.446 17.815 0.05
59147.452 17.657 0.038
59148.43 17.791 0.06
59148.432 17.469 0.109
59148.436 17.436 0.051
59148.446 17.895 0.107
59150.59 17.729 0.055
59150.602 15.593 1.017
59156.483 17.865 0.074
59156.487 17.909 0.082
59156.515 17.706 0.056
59156.544 17.802 0.059
59157.484 17.903 0.084
59157.493 17.976 0.096
59157.5 17.834 0.087
59157.503 17.791 0.071
59158.475 18.212 0.402
59158.502 17.874 0.064
59158.505 18.014 0.191
59158.534 17.722 0.111
59160.453 17.803 0.086
59160.457 17.668 0.036
59160.462 17.956 0.05
59160.473 18.026 0.061
59170.469 18.809 0.092
59170.474 18.436 0.077
59170.479 18.525 0.077
59170.507 18.591 0.094
59173.412 18.791 0.102
59173.415 18.271 0.057
59173.447 18.682 0.084
59173.454 18.387 0.07
59178.502 18.402 0.099
59178.523 17.937 0.066
59178.526 18.028 0.064
59178.534 17.908 0.054
