58954.387 17.882 0.067
58954.444 18.263 0.075
58955.404 17.78 0.055
58955.426 18.111 0.065
58956.343 18.028 0.055
58956.369 17.617 0.032
58961.41 17.711 0.065
58964.283 17.795 0.048
58964.345 17.559 0.05
58967.288 17.679 0.069
58967.341 17.824 0.064
58970.307 17.808 0.066
58970.391 17.917 0.06
58973.267 17.903 0.067
58973.304 17.991 0.061
58975.275 18.056 0.137
58976.201 18.091 0.092
58976.298 18.05 0.073
58979.24 18.188 0.066
58980.329 18.144 0.068
58985.299 18.369 0.083
58991.235 18.401 0.059
58991.307 18.462 0.073
58994.244 18.516 0.064
58997.221 18.653 0.087
58997.29 18.458 0.066
59000.246 18.675 0.085
59000.266 18.7 0.103
59004.203 18.825 0.13
59004.273 18.419 0.07
59009.215 18.578 0.093
59009.243 19.001 0.131
59012.206 19.061 0.101
59012.239 18.67 0.087
59016.208 19.129 0.093
59019.22 18.839 0.088
59019.26 19.163 0.135
59022.227 18.826 0.096
59025.209 18.921 0.101
59025.237 19.321 0.069
59028.223 19.052 0.125
59029.207 19.313 0.182
59031.218 19.044 0.127
59036.264 19.108 0.119
59037.197 19.307 0.161
59037.224 19.564 0.216
59038.196 19.213 0.124
59039.226 19.234 0.093
59042.234 19.262 0.107
59043.241 19.313 0.125
59044.219 19.299 0.105
59045.196 19.464 0.137
59045.236 19.816 0.178
59046.197 19.495 0.155
59047.219 19.542 0.14
59048.207 19.447 0.116
59048.267 19.835 0.194
59051.197 19.525 0.151
58954.387 17.88 0.07
58954.444 18.26 0.07
58954.459 18.509 0.157
58868.653 22.394 1.017
58868.656 21.867 0.816
58873.62 24.177 6.363
58873.623 22.872 1.815
58929.538 22.32 1.287
58942.481 21.614 1.107
58942.483 21.264 0.563
58956.471 17.949 0.04
58956.474 18.552 0.039
58958.515 17.549 0.018
58958.518 18.102 0.029
58960.458 17.582 0.025
58960.461 17.697 0.018
58969.374 17.578 0.041
58972.431 18.041 0.043
58972.434 18.352 0.068
58974.415 18.09 0.099
58974.418 18.299 0.109
58975.43 18.031 0.036
58975.433 18.269 0.051
58982.454 18.391 0.064
58982.457 18.319 0.049
58984.285 18.436 0.039
58984.288 18.474 0.047
58987.383 18.534 0.082
58987.386 18.455 0.081
58992.289 18.689 0.027
58992.292 18.434 0.021
58997.321 18.751 0.035
58997.324 18.474 0.025
58999.366 18.837 0.051
58999.369 18.639 0.061
59014.418 19.43 0.125
59014.421 18.772 0.074
59017.292 19.441 0.111
59021.289 19.454 0.069
59021.291 18.874 0.043
59022.29 19.474 0.28
59026.286 19.532 0.189
59028.278 19.974 0.12
59028.281 19.047 0.072
59030.284 19.035 0.037
59030.286 19.132 0.045
59033.278 18.993 0.057
59033.281 18.991 0.088
59037.269 19.261 0.049
59037.271 19.256 0.052
59040.268 19.466 0.216
59040.271 19.452 0.103
59042.291 19.417 0.059
59042.294 20.268 0.123
59047.266 19.647 0.217
59047.269 20.178 0.268
59051.276 20.638 0.134
59051.279 19.811 0.086
59053.273 21.341 0.781
59053.275 19.888 0.145
59064.295 22.537 3.865
59072.268 21.989 1.648
59074.274 22.598 1.865
59078.256 22.49 1.502
59081.25 21.351 0.763
59093.254 21.85 1.598
59095.245 21.423 0.402
59095.248 21.363 0.614
59097.236 20.666 0.295
59097.239 21.149 0.224
59217.641 24.672 15.803
59220.66 22.954 1.744
59242.636 19.527 0.293
59242.639 20.488 0.608
59245.662 22.029 1.752
59246.642 22.936 4.92
59257.568 22.706 0.904
59313.528 22.266 0.875
59317.493 22.081 1.308
59326.392 22.728 4.23
59328.46 22.893 8.545
59328.463 21.915 2.691
59333.43 21.729 1.108
59333.433 21.395 0.368
59344.33 22.979 2.105
59382.266 22.295 0.854
59382.269 22.719 1.051
59383.266 22.227 1.261
59383.269 22.636 1.156
59384.266 21.284 0.61
59802.298 21.991 3.877
59806.318 22.792 4.626
59806.321 22.162 1.752
59811.254 23.859 9.164
59820.245 23.543 6.972
58973.387 17.385 0.059
58973.388 17.302 0.077
58973.389 16.881 0.086
58973.389 17.558 0.05
58973.392 17.244 0.188
58973.392 17.527 0.045
58978.834 17.532 0.05
58978.836 17.324 0.064
58978.837 17.035 0.08
58978.838 17.475 0.037
58978.842 17.6 0.198
58978.843 17.586 0.037
58980.895 17.904 0.063
58980.898 17.469 0.073
58980.898 16.879 0.079
58980.899 17.503 0.04
58980.903 16.849 0.138
58980.904 17.561 0.039
58981.9 18.083 0.11
58981.901 17.738 0.114
58981.901 17.142 0.129
58981.902 18.099 0.077
58985.217 17.579 0.065
58985.219 17.339 0.08
58985.219 16.991 0.088
58985.22 17.644 0.052
58985.222 16.809 0.145
58985.223 17.672 0.049
58986.415 17.77 0.058
58986.416 17.521 0.074
58986.416 17.001 0.075
58986.417 17.708 0.044
58986.419 17.124 0.135
58986.419 17.827 0.043
58986.48 17.888 0.087
58986.482 17.546 0.105
59003.001 17.66 0.046
59003.003 17.863 0.072
59003.003 17.214 0.049
59003.004 17.795 0.037
59003.007 17.092 0.134
59003.007 17.76 0.033
59007.251 17.698 0.046
59007.253 17.796 0.073
59007.254 17.122 0.052
59007.255 17.56 0.033
59007.259 17.219 0.131
59007.259 17.721 0.035
59011.356 17.709 0.059
59011.359 17.948 0.098
59011.359 17.285 0.093
59011.36 17.589 0.041
59011.364 17.624 0.193
59011.365 17.727 0.041
59015.084 17.649 0.092
59015.085 18.021 0.153
59015.085 17.439 0.159
59015.086 17.448 0.063
59015.088 17.711 0.072
59019.455 17.707 0.051
59019.457 17.825 0.069
59019.457 17.453 0.077
59019.458 17.586 0.035
59019.461 17.664 0.173
59019.461 17.6 0.033
59023.639 17.611 0.053
59027.557 17.642 0.056
59027.559 17.893 0.094
59027.56 17.127 0.079
59027.561 17.595 0.039
59027.565 17.741 0.194
59027.566 17.684 0.038
59034.602 17.569 0.046
59034.605 17.843 0.074
59034.606 17.389 0.085
59034.608 17.605 0.036
59034.613 17.652 0.181
59034.614 17.69 0.042
58971.36 18.05 0.03
59003.387 18.76 0.19
59038.348 19.24 0.1
59587.638 21.486 0.683
59588.646 21.312 0.808
59588.648 21.855 0.965
59594.598 21.158 1.105
59594.601 22.971 3.945
59596.619 21.962 0.467
59596.622 21.868 0.495
59597.604 20.789 0.506
59598.617 21.197 0.32
59598.62 21.317 0.457
59600.615 21.244 0.695
59600.618 21.937 0.861
59601.632 24.656 29.844
59602.655 22.206 1.452
59604.611 21.191 0.237
59604.614 21.43 0.319
59620.603 24.25 10.288
59620.606 21.427 1.077
59623.556 21.606 0.904
59623.559 21.815 1.259
59625.612 22.05 1.417
59625.614 24.686 25.402
59627.606 21.887 2.194
59650.481 24.511 13.63
59653.51 20.804 1.74
59653.512 20.78 1.407
59662.479 23.787 6.154
59662.482 21.751 1.931
59678.419 22.479 1.253
59678.422 21.959 1.333
59693.387 21.773 1.707
59693.39 21.016 0.495
59695.319 23.536 4.678
59695.322 21.809 1.413
59711.377 22.826 2.325
59712.334 23.964 19.761
59714.498 21.832 4.578
59717.349 21.854 0.603
59717.352 22.265 0.86
59726.265 21.619 0.328
59726.268 21.509 0.376
59731.262 21.934 1.941
59731.265 21.464 0.494
59734.271 21.613 0.319
59734.274 21.242 0.254
59767.267 21.676 2.184
59767.27 21.326 0.726
59772.294 21.886 1.01
59772.297 20.956 0.535
59776.296 21.686 0.507
59780.301 21.492 1.473
59780.305 21.866 3.249
59781.264 21.712 2.035
59789.269 23.301 4.188
