58954.444 18.263 0.075
58955.426 18.111 0.065
58956.343 18.028 0.055
58961.41 17.711 0.065
58964.283 17.795 0.048
58967.341 17.824 0.064
58970.391 17.917 0.06
58973.304 17.991 0.061
58976.298 18.05 0.073
58980.329 18.144 0.068
58991.235 18.401 0.059
58997.29 18.458 0.066
59004.273 18.419 0.07
59009.215 18.578 0.093
59012.239 18.67 0.087
59019.22 18.839 0.088
59022.227 18.826 0.096
59025.209 18.921 0.101
59028.223 19.052 0.125
59031.218 19.044 0.127
59036.264 19.108 0.119
59037.197 19.307 0.161
59038.196 19.213 0.124
59039.226 19.234 0.093
59042.234 19.262 0.107
59043.241 19.313 0.125
59044.219 19.299 0.105
59045.196 19.464 0.137
59046.197 19.495 0.155
59047.219 19.542 0.14
59048.207 19.447 0.116
59051.197 19.525 0.151
58954.444 18.26 0.07
58942.483 21.264 0.563
58956.474 18.552 0.039
58960.461 17.697 0.018
58974.415 18.09 0.099
58975.43 18.031 0.036
59030.284 19.035 0.037
59033.278 18.993 0.057
59037.269 19.261 0.049
59040.271 19.452 0.103
59047.266 19.647 0.217
59053.275 19.888 0.145
59081.25 21.351 0.763
59095.245 21.423 0.402
59097.239 21.149 0.224
59242.636 19.527 0.293
59313.528 22.266 0.875
59333.433 21.395 0.368
59596.622 21.868 0.495
59597.604 20.789 0.506
59598.617 21.197 0.32
59600.618 21.937 0.861
59623.556 21.606 0.904
59693.39 21.016 0.495
59717.349 21.854 0.603
59726.268 21.509 0.376
59731.265 21.464 0.494
59734.271 21.613 0.319
59767.27 21.326 0.726
59776.296 21.686 0.507
