59100.543 17.182 0.034
59100.545 17.204 0.033
59100.549 17.222 0.039
59100.559 17.243 0.036
59102.558 17.305 0.035
59102.561 17.213 0.032
59102.564 17.359 0.034
59102.569 17.263 0.032
59104.546 17.319 0.026
59104.549 17.311 0.028
59104.552 17.408 0.024
59108.495 17.373 0.026
59108.498 17.316 0.028
59108.504 17.501 0.029
59108.511 17.27 0.026
59112.506 17.41 0.032
59112.507 17.417 0.029
59112.514 17.433 0.032
59112.523 17.32 0.03
59120.504 17.535 0.049
59120.506 17.547 0.044
59120.509 17.471 0.043
59120.515 17.66 0.046
59121.373 17.588 0.071
59121.394 17.389 0.056
59121.4 17.636 0.068
59121.403 17.633 0.078
59123.436 17.469 0.072
59123.449 17.502 0.074
59123.453 17.796 0.089
59123.459 17.531 0.084
59128.553 17.775 0.062
59128.559 17.82 0.079
59128.56 20.326 0.87
59128.565 17.736 0.061
59128.599 17.505 0.047
59130.59 17.739 0.046
59130.593 17.567 0.04
59130.598 17.581 0.046
59130.621 17.579 0.043
59132.468 17.536 0.037
59132.47 17.706 0.043
59132.483 17.845 0.039
59132.494 17.72 0.044
59132.496 18.259 0.081
59132.498 18.05 0.064
59133.466 17.53 0.036
59133.47 17.553 0.034
59133.477 17.667 0.039
59133.487 17.522 0.033
59134.585 17.877 0.059
59134.588 17.564 0.092
59134.594 17.271 0.043
59134.611 17.086 0.034
59136.473 17.69 0.039
59136.476 17.836 0.045
59136.481 17.604 0.035
59136.486 17.676 0.041
59140.459 17.671 0.039
59140.462 17.768 0.037
59140.465 17.707 0.036
59140.476 17.759 0.037
59144.403 17.775 0.057
59144.405 17.766 0.049
59144.429 17.822 0.048
59144.435 17.719 0.046
59147.441 17.741 0.041
59147.442 17.897 0.051
59147.446 17.815 0.05
59147.452 17.657 0.038
59148.43 17.791 0.06
59148.432 17.469 0.109
59148.436 17.436 0.051
59148.446 17.895 0.107
59150.59 17.729 0.055
59156.483 17.865 0.074
59156.487 17.909 0.082
59156.515 17.706 0.056
59156.544 17.802 0.059
59157.484 17.903 0.084
59157.493 17.976 0.096
59157.5 17.834 0.087
59157.503 17.791 0.071
59158.475 18.212 0.402
59158.502 17.874 0.064
59158.505 18.014 0.191
59158.534 17.722 0.111
59160.453 17.803 0.086
59160.457 17.668 0.036
59160.462 17.956 0.05
59160.473 18.026 0.061
59178.502 18.402 0.099
59178.523 17.937 0.066
59178.526 18.028 0.064
59178.534 17.908 0.054
