59084.428 17.179 0.054
59088.494 17.208 0.043
59091.417 17.267 0.038
59092.428 17.34 0.054
59094.5 17.38 0.053
59106.519 17.927 0.096
59108.37 17.993 0.086
59111.396 18.112 0.06
59114.352 18.268 0.075
59118.479 18.388 0.062
59120.363 18.453 0.092
59120.44 18.409 0.058
59121.365 18.383 0.09
59122.362 18.554 0.131
59123.4 18.431 0.108
59125.397 18.406 0.11
59130.405 18.544 0.082
59136.406 18.653 0.07
59140.413 18.712 0.096
59142.407 18.756 0.069
59144.396 18.811 0.068
59151.319 18.7 0.139
59155.361 18.852 0.114
59157.371 18.713 0.1
59158.32 18.949 0.147
59165.3 18.974 0.097
59169.332 19.09 0.094
59171.26 19.244 0.124
59176.347 19.133 0.095
59080.606 17.559 0.017
59105.603 17.751 0.032
59108.589 17.913 0.023
59114.571 18.149 0.036
59132.555 18.524 0.038
59136.508 18.555 0.022
59140.483 18.572 0.037
59146.458 18.641 0.024
59161.445 18.783 0.049
59172.389 19.023 0.109
59190.411 19.645 0.102
59192.37 19.692 0.158
59194.328 20.07 0.103
59198.363 20.384 0.273
59491.5 22.324 0.602
59529.476 22.862 0.93
59084.428 17.179 0.0
59084.428 17.18 0.05
59084.428 17.179 0.0
59088.494 17.21 0.04
