59108.39 20.083 0.176
59109.41 19.568 0.144
59110.359 19.303 0.099
59113.302 19.075 0.105
59113.34 19.195 0.072
59115.305 19.057 0.078
59116.337 19.081 0.07
59116.362 19.081 0.084
59117.373 19.068 0.085
59118.262 19.229 0.105
59126.362 19.243 0.155
59129.269 19.253 0.097
59131.235 19.301 0.117
59134.298 19.391 0.122
59136.3 19.382 0.084
59138.306 19.457 0.134
59140.249 19.444 0.141
59144.214 19.577 0.12
59155.264 19.516 0.14
59157.333 19.649 0.189
59167.227 19.91 0.188
59169.191 19.976 0.135
59173.218 19.93 0.141
59108.39 20.083 0.176
59060.5 22.209 0.591
59111.505 19.206 0.163
59120.376 19.504 0.384
59127.362 19.148 0.186
59130.478 19.452 0.143
59137.453 19.505 0.036
59142.272 19.698 0.05
59154.408 19.669 0.17
59158.393 19.387 0.269
59173.378 20.033 0.12
59182.358 20.264 0.377
59186.345 20.304 0.221
59390.601 21.721 0.674
59400.574 23.365 0.794
59757.586 23.093 0.938
