59090.509 17.127 0.033
59094.416 17.171 0.045
59094.44 17.135 0.046
59096.398 17.191 0.048
59102.458 17.281 0.058
59108.462 17.369 0.051
59111.42 17.417 0.04
59114.46 17.474 0.035
59116.435 17.504 0.036
59117.382 17.48 0.037
59123.355 17.511 0.064
59124.353 17.555 0.045
59125.465 17.529 0.043
59128.409 17.647 0.068
59130.428 17.636 0.045
59134.436 17.682 0.051
59138.337 17.724 0.055
59140.366 17.698 0.048
59142.362 17.709 0.048
59144.401 17.784 0.051
59150.3 17.778 0.061
59151.374 17.872 0.054
59152.39 17.77 0.064
59155.28 17.775 0.058
59157.422 17.865 0.058
59158.351 17.814 0.054
59165.35 17.927 0.051
59167.346 17.969 0.046
59169.277 17.934 0.05
59174.339 18.093 0.055
59176.329 18.046 0.049
59178.319 18.113 0.059
59185.255 18.228 0.067
59187.246 18.203 0.078
59189.237 18.373 0.053
59194.254 18.703 0.077
59196.255 18.671 0.111
59198.214 19.051 0.119
59200.237 19.173 0.099
59090.583 17.072 0.013
59108.592 17.344 0.014
59114.569 17.494 0.028
59118.558 17.526 0.039
59130.489 17.581 0.023
59148.424 17.786 0.02
59158.485 17.779 0.019
59172.391 17.974 0.058
59185.401 18.202 0.034
59194.331 18.646 0.032
