59113.462 19.129 0.161
59101.425 20.774 0.567
59101.454 21.117 0.758
59105.538 20.71 0.44
59109.402 19.321 0.217
59109.405 19.721 0.283
59109.409 19.224 0.164
59109.432 19.737 0.178
59113.462 19.203 0.14
59113.467 18.805 0.106
59113.472 19.205 0.139
59113.483 19.221 0.138
59117.415 19.159 0.149
59117.438 19.118 0.141
59117.467 18.974 0.106
59117.472 19.07 0.125
59118.354 19.207 0.204
59118.363 19.065 0.154
59118.37 19.141 0.159
59118.373 19.209 0.191
59119.37 18.98 0.167
59119.377 18.954 0.233
59119.378 19.044 0.225
59119.409 19.218 0.215
59121.431 19.365 0.198
59121.435 19.306 0.232
59121.467 18.93 0.127
59121.472 19.328 0.301
59127.438 18.586 0.346
59127.447 18.874 0.368
59127.458 18.742 0.264
59129.459 19.095 0.149
59129.466 19.053 0.109
59129.469 19.106 0.135
59129.488 19.128 0.192
59131.462 19.175 0.177
59131.465 19.362 0.19
59131.485 19.57 0.239
59131.501 19.235 0.171
59133.405 19.001 0.115
59133.408 19.346 0.153
59133.414 19.099 0.1
59133.431 19.604 0.175
59137.42 19.507 0.193
59137.429 19.349 0.16
59137.433 19.381 0.24
59137.444 19.246 0.235
59141.378 19.427 0.144
59141.381 19.821 0.218
59141.413 19.261 0.11
59141.418 19.594 0.147
59145.398 19.57 0.107
59145.4 19.665 0.179
59145.413 19.598 0.163
59145.424 19.66 0.197
59147.384 19.4 0.167
59147.387 19.75 0.272
59147.393 19.742 0.212
59147.403 19.904 0.31
59148.307 19.862 0.372
59148.313 19.191 0.278
59157.377 19.404 0.171
59157.38 19.454 0.171
59157.387 19.367 0.218
59157.397 19.369 0.152
59159.344 17.12 0.444
59161.374 19.307 0.134
59161.379 19.758 0.228
59161.385 19.647 0.202
59169.332 19.389 0.159
59169.351 20.391 0.387
59169.354 19.689 0.185
59169.362 19.673 0.202
59185.369 20.087 0.588
59185.375 19.652 0.337
59187.362 20.037 0.371
59187.366 19.396 0.226
59187.372 19.796 0.344
59187.384 19.955 0.42
59189.288 20.459 0.431
59189.294 19.692 0.207
59189.312 20.311 0.373
59193.297 20.875 0.645
59193.302 20.639 0.579
59193.317 20.015 0.362
59193.328 19.922 0.3
