58954.387 17.882 0.067
58955.404 17.78 0.055
58956.369 17.617 0.032
58964.345 17.559 0.05
58967.288 17.679 0.069
58970.307 17.808 0.066
58973.267 17.903 0.067
58975.275 18.056 0.137
58976.201 18.091 0.092
58979.24 18.188 0.066
58985.299 18.369 0.083
58991.307 18.462 0.073
58994.244 18.516 0.064
58997.221 18.653 0.087
59000.246 18.675 0.085
59000.266 18.7 0.103
59004.203 18.825 0.13
59009.243 19.001 0.131
59012.206 19.061 0.101
59016.208 19.129 0.093
59019.26 19.163 0.135
59025.237 19.321 0.069
59029.207 19.313 0.182
59037.224 19.564 0.216
59045.236 19.816 0.178
59048.267 19.835 0.194
58954.387 17.88 0.07
58868.656 21.867 0.816
58956.471 17.949 0.04
58958.515 17.549 0.018
58960.458 17.582 0.025
58969.374 17.578 0.041
58972.431 18.041 0.043
58982.454 18.391 0.064
58984.285 18.436 0.039
58987.383 18.534 0.082
58992.289 18.689 0.027
58997.321 18.751 0.035
58999.366 18.837 0.051
59014.418 19.43 0.125
59017.292 19.441 0.111
59021.289 19.454 0.069
59022.29 19.474 0.28
59028.278 19.974 0.12
59042.294 20.268 0.123
59047.269 20.178 0.268
59051.276 20.638 0.134
59053.273 21.341 0.781
59588.648 21.855 0.965
59604.611 21.191 0.237
