58958.518 18.102 0.029
58975.433 18.269 0.051
58982.457 18.319 0.049
58987.386 18.455 0.081
58992.292 18.434 0.021
58997.324 18.474 0.025
58999.369 18.639 0.061
59014.421 18.772 0.074
59021.291 18.874 0.043
59026.286 19.532 0.189
59030.286 19.132 0.045
59037.271 19.256 0.052
59042.291 19.417 0.059
59051.279 19.811 0.086
59095.248 21.363 0.614
59242.639 20.488 0.608
59257.568 22.706 0.904
58971.36 18.05 0.03
59038.348 19.24 0.1
59587.638 21.486 0.683
59596.619 21.962 0.467
59598.62 21.317 0.457
59604.614 21.43 0.319
59717.352 22.265 0.86
59726.265 21.619 0.328
59734.274 21.242 0.254
