59107.487 20.993 0.67
59107.502 20.947 0.52
59111.398 19.131 0.312
59111.401 19.226 0.302
59111.442 18.821 0.135
59115.496 19.182 0.138
59115.499 19.15 0.125
59115.506 18.851 0.093
59115.522 18.795 0.115
59135.425 19.68 0.204
59135.429 19.828 0.304
59135.434 20.279 0.363
59135.448 19.229 0.225
59139.409 19.832 0.177
59139.413 19.915 0.211
59139.418 19.85 0.154
59139.432 19.426 0.129
59143.4 20.446 0.937
59143.403 20.408 0.807
59160.351 19.458 0.54
59160.355 18.192 0.413
59160.361 19.959 0.579
59163.42 21.003 0.69
59163.423 20.118 0.303
59191.262 21.159 0.673
59191.265 21.684 0.892
59191.271 20.879 0.511
59195.344 21.374 0.96
59197.274 20.549 0.432
59197.296 20.951 0.532
