59078.573 18.472 0.094
59106.548 17.742 0.036
59106.55 17.634 0.031
59106.552 17.577 0.03
59106.557 17.752 0.034
59109.478 17.76 0.032
59109.5 17.679 0.032
59109.534 17.741 0.03
59109.538 17.824 0.032
59110.529 17.823 0.035
59110.531 17.739 0.035
59110.537 17.79 0.038
59110.558 17.666 0.028
59113.48 17.92 0.08
59113.485 17.962 0.048
59113.502 17.965 0.046
59113.508 18.04 0.04
59114.529 17.887 0.043
59114.533 18.003 0.047
59114.543 17.821 0.04
59114.549 17.92 0.045
59138.481 18.264 0.14
59138.483 18.221 0.115
59138.485 18.609 0.503
59138.521 18.267 0.081
59142.437 18.221 0.057
59142.44 18.49 0.069
59142.443 18.425 0.063
59142.459 18.417 0.066
59146.486 18.297 0.054
59146.519 18.082 0.048
59146.522 18.241 0.056
59146.524 18.309 0.059
59146.528 18.264 0.053
59146.53 18.204 0.043
59146.534 18.295 0.059
59146.545 18.18 0.053
59170.469 18.809 0.092
59170.474 18.436 0.077
59170.479 18.525 0.077
59170.507 18.591 0.094
59173.412 18.791 0.102
59173.415 18.271 0.057
59173.447 18.682 0.084
59173.454 18.387 0.07
