58985.31 19.2 0.083
58986.384 19.112 0.074
58987.409 19.14 0.087
58991.315 19.14 0.087
58993.269 19.054 0.094
58994.268 19.117 0.079
58996.317 19.218 0.073
58998.352 19.27 0.081
58999.246 19.326 0.139
58999.27 19.323 0.111
59000.289 19.274 0.128
59000.4 19.28 0.127
59001.37 19.364 0.127
59004.219 19.317 0.18
59005.226 19.331 0.176
59009.268 19.74 0.16
59011.29 19.644 0.118
59017.303 19.851 0.096
59023.236 19.873 0.167
59026.233 20.018 0.178
59047.243 20.166 0.138
59050.194 20.291 0.193
59070.212 20.56 0.188
58983.45 19.249 0.047
58985.31 19.2 0.08
58960.473 22.895 0.858
58983.523 19.197 0.079
58989.515 19.021 0.067
58995.469 19.123 0.095
58999.49 19.166 0.059
59013.456 19.654 0.165
59016.442 19.603 0.115
59019.482 19.935 0.367
59023.436 19.843 0.084
59026.294 19.917 0.147
59028.293 19.997 0.059
59043.359 20.092 0.132
59048.351 20.016 0.107
59052.401 20.094 0.226
59055.326 20.143 0.206
59071.285 20.395 0.191
59077.267 20.713 0.214
59079.264 20.89 0.167
59082.304 21.008 0.726
59083.263 21.297 0.385
59102.252 21.935 0.543
59106.247 22.609 0.916
59108.244 21.732 0.381
59314.478 22.371 0.691
59321.476 23.074 0.813
59379.314 22.09 0.424
59382.289 22.256 0.428
59408.391 22.628 0.91
59431.326 21.664 0.989
58983.523 19.19 0.07
