"Time (MJD)" LasCumbres/LasCumbres.SDSS_gp LasCumbres/LasCumbres.SDSS_gp_err LasCumbres/LasCumbres.SDSS_ip LasCumbres/LasCumbres.SDSS_ip_err LasCumbres/LasCumbres.SDSS_rp LasCumbres/LasCumbres.SDSS_rp_err LasCumbres/LasCumbres.SDSS_up LasCumbres/LasCumbres.SDSS_up_err PAN-STARRS/PS1.g PAN-STARRS/PS1.g_err PAN-STARRS/PS1.i PAN-STARRS/PS1.i_err PAN-STARRS/PS1.r PAN-STARRS/PS1.r_err PAN-STARRS/PS1.z PAN-STARRS/PS1.z_err Palomar/ZTF.g Palomar/ZTF.g_err Palomar/ZTF.r Palomar/ZTF.r_err SLOAN/SDSS.i SLOAN/SDSS.i_err Swift/UVOT.B Swift/UVOT.B_err Swift/UVOT.U Swift/UVOT.U_err Swift/UVOT.UVM2 Swift/UVOT.UVM2_err Swift/UVOT.UVW1 Swift/UVOT.UVW1_err Swift/UVOT.UVW2 Swift/UVOT.UVW2_err Swift/UVOT.V Swift/UVOT.V_err "Temp./1e3 (K)" "Temp. Err." "Radius/1e15 (cm)" "Radius Err." "Log10(Bol. Lum)" "Log10(Bol. Err)"
-3.000 -21.884 -0.136 -21.767 -0.123 -21.914 -0.122 -22.357 -0.116 -22.387 -0.164 -21.639 -0.098 -22.316 -0.094 -21.251 -0.043 -21.905 -0.062 -21.408 -0.052 -21.302 -0.045 -21.585 -0.046 -20.543 -0.049 -20.140 -0.958 -20.919 -0.063 -21.005 -0.054 -20.605 -0.079 21.643 5.032 1.822 0.382 44.715 44.724
-2.000 -22.035 -0.077 -22.049 -0.068 -22.075 -0.068 -22.542 -0.063 -22.517 -0.094 -21.926 -0.051 -22.381 -0.048 -21.733 -0.026 -22.147 -0.030 -21.900 -0.023 -21.708 -0.020 -21.846 -0.020 -21.212 -0.031 -20.889 -0.783 -21.404 -0.030 -21.470 -0.025 -21.148 -0.042 17.166 1.951 2.925 0.334 44.724 44.430
-1.000 -22.016 -0.045 -22.150 -0.039 -22.121 -0.039 -22.624 -0.036 -22.566 -0.047 -22.109 -0.024 -22.423 -0.020 -22.088 -0.027 -22.318 -0.013 -22.218 -0.010 -22.004 -0.009 -22.018 -0.009 -21.733 -0.034 -21.500 -0.588 -21.770 -0.012 -21.816 -0.010 -21.564 -0.022 14.884 0.654 3.984 0.186 44.744 44.043
-0.000 -21.853 -0.036 -22.088 -0.031 -22.072 -0.031 -22.625 -0.029 -22.557 -0.021 -22.207 -0.014 -22.455 -0.009 -22.326 -0.027 -22.428 -0.008 -22.394 -0.006 -22.203 -0.006 -22.133 -0.006 -22.103 -0.035 -21.942 -0.377 -22.021 -0.006 -22.052 -0.007 -21.854 -0.011 13.102 0.523 4.960 0.226 44.713 43.977
1.000 -21.585 -0.034 -21.894 -0.028 -21.952 -0.028 -22.569 -0.027 -22.511 -0.014 -22.244 -0.012 -22.483 -0.007 -22.460 -0.023 -22.488 -0.008 -22.469 -0.006 -22.326 -0.005 -22.214 -0.003 -22.334 -0.031 -22.188 -0.156 -22.173 -0.005 -22.195 -0.006 -22.032 -0.005 11.675 0.502 5.889 0.305 44.662 43.965
2.000 -21.256 -0.034 -21.609 -0.027 -21.786 -0.027 -22.481 -0.025 -22.444 -0.015 -22.242 -0.011 -22.506 -0.006 -22.513 -0.019 -22.507 -0.007 -22.479 -0.006 -22.390 -0.005 -22.277 -0.003 -22.448 -0.028 -22.223 -0.086 -22.245 -0.005 -22.265 -0.006 -22.121 -0.004 10.682 0.402 6.699 0.318 44.619 43.870
3.000 -20.907 -0.037 -21.274 -0.029 -21.594 -0.028 -22.377 -0.027 -22.365 -0.015 -22.221 -0.012 -22.519 -0.008 -22.510 -0.018 -22.494 -0.006 -22.459 -0.007 -22.414 -0.007 -22.326 -0.004 -22.477 -0.029 -22.046 -0.304 -22.261 -0.007 -22.282 -0.006 -22.144 -0.005 10.178 0.248 7.225 0.238 44.601 43.672
4.000 -20.577 -0.042 -20.925 -0.035 -21.394 -0.033 -22.269 -0.030 -22.278 -0.015 -22.194 -0.017 -22.519 -0.010 -22.474 -0.021 -22.460 -0.005 -22.431 -0.007 -22.414 -0.008 -22.360 -0.005 -22.455 -0.033 -21.666 -0.520 -22.245 -0.008 -22.266 -0.006 -22.129 -0.005 9.820 0.181 7.572 0.196 44.580 43.534
5.000 -20.289 -0.045 -20.590 -0.039 -21.194 -0.036 -22.163 -0.033 -22.183 -0.015 -22.166 -0.023 -22.503 -0.011 -22.426 -0.024 -22.415 -0.003 -22.408 -0.006 -22.404 -0.009 -22.377 -0.005 -22.411 -0.035 -21.107 -0.721 -22.215 -0.009 -22.235 -0.005 -22.098 -0.004 9.621 0.181 7.702 0.208 44.559 43.525
6.000 -20.056 -0.046 -20.284 -0.040 -20.998 -0.038 -22.059 -0.034 -22.078 -0.014 -22.139 -0.029 -22.476 -0.010 -22.380 -0.025 -22.367 -0.003 -22.393 -0.006 -22.392 -0.008 -22.377 -0.005 -22.371 -0.035 -20.400 -0.903 -22.187 -0.009 -22.202 -0.005 -22.068 -0.004 9.382 0.208 7.866 0.258 44.533 43.575
7.000 -19.877 -0.051 -20.009 -0.045 -20.804 -0.044 -21.953 -0.038 -21.960 -0.012 -22.109 -0.034 -22.442 -0.008 -22.343 -0.024 -22.323 -0.003 -22.387 -0.006 -22.385 -0.008 -22.365 -0.004 -22.349 -0.032 -19.582 -1.063 -22.168 -0.008 -22.175 -0.006 -22.049 -0.006 9.027 0.241 8.258 0.345 44.509 43.641
8.000 -19.737 -0.069 -19.755 -0.062 -20.608 -0.059 -21.843 -0.050 -21.831 -0.011 -22.074 -0.037 -22.409 -0.007 -22.318 -0.022 -22.291 -0.003 -22.385 -0.006 -22.383 -0.007 -22.349 -0.003 -22.348 -0.029 -18.695 -1.198 -22.160 -0.008 -22.159 -0.007 -22.044 -0.008 8.803 0.281 8.535 0.433 44.494 43.706
9.000 -19.614 -0.102 -19.508 -0.090 -20.403 -0.084 -21.723 -0.070 -21.693 -0.011 -22.031 -0.036 -22.382 -0.007 -22.303 -0.023 -22.272 -0.003 -22.383 -0.006 -22.388 -0.007 -22.337 -0.003 -22.365 -0.030 -17.780 -1.309 -22.160 -0.007 -22.155 -0.007 -22.050 -0.009 8.692 0.401 8.633 0.637 44.482 43.855
10.000 -19.484 -0.142 -19.249 -0.123 -20.183 -0.112 -21.595 -0.092 -21.552 -0.011 -21.979 -0.030 -22.363 -0.007 -22.292 -0.027 -22.265 -0.003 -22.381 -0.006 -22.396 -0.007 -22.335 -0.004 -22.390 -0.033 -16.873 -1.397 -22.164 -0.007 -22.162 -0.006 -22.062 -0.009 8.802 0.743 8.301 1.111 44.469 44.104
11.000 -19.323 -0.183 -18.964 -0.153 -19.947 -0.138 -21.460 -0.112 -21.413 -0.012 -21.921 -0.021 -22.349 -0.007 -22.280 -0.029 -22.267 -0.003 -22.376 -0.006 -22.403 -0.006 -22.343 -0.005 -22.414 -0.036 -16.009 -1.464 -22.166 -0.007 -22.175 -0.005 -22.075 -0.008 9.734 1.540 6.779 1.575 44.468 44.363
12.000 -19.115 -0.218 -18.645 -0.172 -19.693 -0.156 -21.322 -0.123 -21.281 -0.012 -21.862 -0.015 -22.335 -0.007 -22.264 -0.029 -22.271 -0.003 -22.367 -0.005 -22.406 -0.005 -22.358 -0.005 -22.427 -0.035 -15.210 -1.513 -22.166 -0.006 -22.189 -0.003 -22.085 -0.007 11.062 2.894 5.212 1.801 44.462 44.561
13.000 -18.849 -0.243 -18.295 -0.177 -19.426 -0.161 -21.186 -0.124 -21.160 -0.012 -21.807 -0.019 -22.315 -0.007 -22.241 -0.026 -22.271 -0.003 -22.355 -0.005 -22.402 -0.005 -22.376 -0.005 -22.427 -0.032 -14.495 -1.548 -22.162 -0.006 -22.200 -0.003 -22.089 -0.007 13.677 5.782 3.233 1.603 44.416 44.708
14.000 -18.527 -0.255 -17.923 -0.164 -19.152 -0.152 -21.059 -0.113 -21.049 -0.013 -21.759 -0.028 -22.287 -0.007 -22.212 -0.021 -22.262 -0.004 -22.339 -0.006 -22.392 -0.005 -22.388 -0.005 -22.414 -0.027 -13.872 -1.572 -22.158 -0.006 -22.206 -0.004 -22.087 -0.008 15.557 11.479 1.744 1.435 44.104 44.632
15.000 -18.161 -0.255 -17.550 -0.134 -18.879 -0.131 -20.943 -0.092 -20.947 -0.014 -21.722 -0.036 -22.248 -0.007 -22.178 -0.018 -22.243 -0.005 -22.321 -0.006 -22.377 -0.006 -22.390 -0.005 -22.394 -0.022 -13.344 -1.588 -22.156 -0.006 -22.205 -0.005 -22.083 -0.008 16.580 19.502 0.971 1.287 43.706 44.438
16.000 -17.768 -0.247 -17.197 -0.091 -18.617 -0.108 -20.839 -0.068 -20.850 -0.016 -21.692 -0.041 -22.204 -0.008 -22.142 -0.018 -22.214 -0.006 -22.301 -0.007 -22.361 -0.007 -22.383 -0.005 -22.375 -0.019 -12.908 -1.598 -22.157 -0.008 -22.201 -0.006 -22.079 -0.008 15.380 23.542 0.661 1.252 43.241 44.098
17.000 -17.374 -0.234 -16.887 -0.042 -18.375 -0.099 -20.745 -0.058 -20.753 -0.019 -21.667 -0.046 -22.159 -0.009 -22.106 -0.019 -22.179 -0.006 -22.281 -0.006 -22.346 -0.009 -22.368 -0.005 -22.362 -0.020 -12.557 -1.604 -22.163 -0.010 -22.194 -0.005 -22.076 -0.008 13.712 19.649 0.510 1.180 42.817 43.684
18.000 -17.001 -0.218 -16.637 -0.006 -18.160 -0.114 -20.657 -0.072 -20.654 -0.021 -21.640 -0.053 -22.118 -0.011 -22.071 -0.020 -22.141 -0.007 -22.263 -0.007 -22.336 -0.011 -22.350 -0.006 -22.356 -0.023 -12.282 -1.607 -22.172 -0.012 -22.190 -0.006 -22.076 -0.009 14.256 18.045 0.355 1.007 42.570 43.451
19.000 -16.675 -0.199 -16.458 -0.046 -17.980 -0.142 -20.570 -0.095 -20.550 -0.022 -21.606 -0.062 -22.085 -0.011 -22.037 -0.020 -22.106 -0.008 -22.248 -0.009 -22.331 -0.012 -22.335 -0.007 -22.354 -0.023 -12.071 -1.609 -22.180 -0.013 -22.188 -0.007 -22.079 -0.011 18.242 49.426 0.211 0.873 42.544 43.679
20.000 -16.412 -0.175 -16.352 -0.070 -17.837 -0.167 -20.478 -0.112 -20.443 -0.022 -21.560 -0.070 -22.062 -0.011 -22.005 -0.023 -22.075 -0.010 -22.240 -0.011 -22.328 -0.012 -22.325 -0.008 -22.347 -0.024 -11.913 -1.610 -22.187 -0.012 -22.191 -0.009 -22.084 -0.013 22.993 98.721 0.140 0.763 42.592 43.900
21.000 -16.222 -0.144 -16.312 -0.078 -17.732 -0.181 -20.378 -0.118 -20.335 -0.020 -21.502 -0.074 -22.044 -0.011 -21.974 -0.029 -22.048 -0.011 -22.236 -0.012 -22.327 -0.011 -22.320 -0.009 -22.320 -0.038 -11.797 -1.611 -22.188 -0.011 -22.196 -0.010 -22.091 -0.016 25.388 125.795 0.117 0.698 42.610 43.974
22.000 -16.106 -0.107 -16.324 -0.069 -17.664 -0.182 -20.269 -0.113 -20.229 -0.019 -21.434 -0.072 -22.028 -0.010 -21.943 -0.036 -22.024 -0.011 -22.237 -0.012 -22.324 -0.009 -22.318 -0.010 -22.260 -0.078 -11.714 -1.611 -22.186 -0.009 -22.201 -0.011 -22.099 -0.016 24.615 111.840 0.118 0.677 42.563 43.895
23.000 -16.054 -0.066 -16.369 -0.048 -17.625 -0.172 -20.154 -0.100 -20.130 -0.019 -21.361 -0.064 -22.010 -0.010 -21.912 -0.041 -22.001 -0.011 -22.239 -0.011 -22.319 -0.008 -22.317 -0.009 -22.156 -0.143 -11.656 -1.611 -22.182 -0.008 -22.205 -0.010 -22.107 -0.016 23.244 91.670 0.124 0.681 42.505 43.789
24.000 -16.050 -0.027 -16.427 -0.021 -17.607 -0.159 -20.039 -0.086 -20.040 -0.019 -21.289 -0.054 -21.989 -0.009 -21.882 -0.042 -21.977 -0.010 -22.240 -0.011 -22.311 -0.008 -22.313 -0.007 -22.001 -0.231 -11.617 -1.611 -22.177 -0.007 -22.205 -0.008 -22.115 -0.015 21.845 71.577 0.133 0.684 42.460 43.681
25.000 -16.074 -0.005 -16.479 -0.004 -17.598 -0.149 -19.928 -0.077 -19.960 -0.020 -21.227 -0.046 -21.965 -0.008 -21.854 -0.038 -21.952 -0.011 -22.236 -0.012 -22.302 -0.007 -22.305 -0.005 -21.797 -0.337 -11.590 -1.611 -22.176 -0.007 -22.204 -0.006 -22.121 -0.015 14.707 12.520 0.288 0.558 42.441 43.154
26.000 -16.103 -0.025 -16.513 -0.021 -17.584 -0.146 -19.831 -0.075 -19.889 -0.020 -21.179 -0.043 -21.940 -0.008 -21.829 -0.033 -21.927 -0.012 -22.228 -0.013 -22.294 -0.007 -22.292 -0.003 -21.558 -0.453 -11.573 -1.611 -22.177 -0.007 -22.203 -0.003 -22.125 -0.015 16.436 32.551 0.231 0.869 42.444 43.482
27.000 -16.118 -0.031 -16.522 -0.027 -17.550 -0.145 -19.753 -0.078 -19.823 -0.019 -21.148 -0.045 -21.917 -0.007 -21.809 -0.027 -21.906 -0.013 -22.213 -0.014 -22.289 -0.006 -22.277 -0.003 -21.304 -0.569 -11.562 -1.611 -22.181 -0.006 -22.205 -0.003 -22.127 -0.014 16.005 32.044 0.249 0.909 42.461 43.496
28.000 -16.108 -0.024 -16.507 -0.021 -17.482 -0.144 -19.695 -0.083 -19.758 -0.019 -21.134 -0.049 -21.898 -0.007 -21.794 -0.024 -21.891 -0.013 -22.194 -0.013 -22.286 -0.006 -22.262 -0.003 -21.059 -0.674 -11.555 -1.611 -22.185 -0.006 -22.210 -0.005 -22.127 -0.011 16.971 34.412 0.216 0.818 42.440 43.485
29.000 -16.070 -0.007 -16.473 -0.006 -17.366 -0.154 -19.655 -0.089 -19.689 -0.019 -21.131 -0.052 -21.882 -0.007 -21.784 -0.023 -21.881 -0.012 -22.174 -0.012 -22.286 -0.006 -22.249 -0.003 -20.852 -0.758 -11.550 -1.611 -22.188 -0.005 -22.217 -0.007 -22.123 -0.008 16.443 26.728 0.223 0.747 42.413 43.384
30.000 -16.010 -0.014 -16.431 -0.013 -17.195 -0.197 -19.624 -0.098 -19.615 -0.020 -21.132 -0.055 -21.869 -0.007 -21.775 -0.022 -21.874 -0.011 -22.155 -0.010 -22.285 -0.006 -22.240 -0.003 -20.708 -0.812 -11.548 -1.611 -22.186 -0.006 -22.223 -0.008 -22.119 -0.005 15.672 26.590 0.242 0.862 42.401 43.394
31.000 -15.945 -0.031 -16.396 -0.029 -16.961 -0.283 -19.592 -0.108 -19.535 -0.020 -21.128 -0.057 -21.853 -0.008 -21.767 -0.021 -21.867 -0.009 -22.139 -0.009 -22.283 -0.006 -22.234 -0.003 -20.646 -0.828 -11.546 -1.611 -22.182 -0.006 -22.226 -0.007 -22.115 -0.004 14.839 26.832 0.273 0.949 42.411 43.412
32.000 -15.896 -0.038 -16.378 -0.036 -16.666 -0.404 -19.541 -0.114 -19.453 -0.021 -21.114 -0.057 -21.835 -0.008 -21.756 -0.022 -21.856 -0.008 -22.128 -0.008 -22.278 -0.006 -22.230 -0.003 -20.674 -0.804 -11.545 -1.611 -22.176 -0.007 -22.221 -0.005 -22.113 -0.006 14.813 28.449 0.275 0.957 42.413 43.429
33.000 -15.889 -0.033 -16.386 -0.032 -16.313 -0.548 -19.452 -0.112 -19.372 -0.021 -21.084 -0.054 -21.812 -0.008 -21.740 -0.024 -21.837 -0.007 -22.120 -0.007 -22.269 -0.006 -22.226 -0.003 -20.792 -0.741 -11.545 -1.611 -22.171 -0.007 -22.209 -0.003 -22.115 -0.007 14.113 24.146 0.306 0.995 42.422 43.397
34.000 -15.943 -0.014 -16.425 -0.014 -15.913 -0.703 -19.310 -0.112 -19.299 -0.022 -21.038 -0.054 -21.789 -0.008 -21.719 -0.025 -21.809 -0.006 -22.115 -0.006 -22.259 -0.007 -22.222 -0.003 -20.985 -0.646 -11.545 -1.611 -22.169 -0.008 -22.191 -0.003 -22.119 -0.007 13.486 16.787 0.337 0.973 42.428 43.310
35.000 -16.073 -0.015 -16.491 -0.014 -15.478 -0.860 -19.099 -0.140 -19.239 -0.021 -20.982 -0.058 -21.769 -0.008 -21.692 -0.023 -21.774 -0.005 -22.109 -0.006 -22.250 -0.007 -22.216 -0.003 -21.230 -0.525 -11.545 -1.611 -22.172 -0.008 -22.172 -0.003 -22.123 -0.007 14.685 20.344 0.289 0.867 42.442 43.354
36.000 -16.279 -0.046 -16.576 -0.045 -15.023 -1.009 -18.810 -0.214 -19.196 -0.019 -20.922 -0.066 -21.759 -0.007 -21.662 -0.022 -21.735 -0.004 -22.100 -0.006 -22.243 -0.006 -22.208 -0.004 -21.500 -0.392 -11.544 -1.611 -22.178 -0.008 -22.157 -0.004 -22.126 -0.005 16.710 35.481 0.260 0.843 42.573 43.602
37.000 -16.553 -0.072 -16.665 -0.070 -14.564 -1.144 -18.439 -0.328 -19.169 -0.022 -20.871 -0.075 -21.761 -0.008 -21.632 -0.023 -21.700 -0.004 -22.086 -0.006 -22.241 -0.008 -22.199 -0.005 -21.762 -0.259 -11.544 -1.611 -22.183 -0.008 -22.149 -0.005 -22.125 -0.003 18.755 55.230 0.248 0.889 42.734 43.873
38.000 -16.871 -0.081 -16.740 -0.080 -14.117 -1.262 -17.991 -0.468 -19.154 -0.041 -20.839 -0.079 -21.777 -0.018 -21.605 -0.028 -21.671 -0.003 -22.066 -0.007 -22.243 -0.013 -22.191 -0.005 -21.990 -0.139 -11.544 -1.611 -22.183 -0.017 -22.149 -0.005 -22.118 -0.003 20.733 79.782 0.214 0.909 42.782 44.027
39.000 -17.200 -0.066 -16.784 -0.065 -13.694 -1.359 -17.475 -0.624 -19.144 -0.072 -20.832 -0.080 -21.803 -0.037 -21.584 -0.034 -21.651 -0.003 -22.044 -0.007 -22.246 -0.020 -22.183 -0.006 -22.158 -0.048 -11.544 -1.611 -22.175 -0.035 -22.154 -0.004 -22.105 -0.006 21.989 86.559 0.187 0.828 42.763 44.020
40.000 -17.504 -0.020 -16.777 -0.020 -13.306 -1.435 -16.909 -0.784 -19.128 -0.108 -20.854 -0.083 -21.831 -0.061 -21.570 -0.036 -21.640 -0.003 -22.020 -0.009 -22.249 -0.027 -22.175 -0.007 -22.256 -0.033 -11.544 -1.611 -22.156 -0.060 -22.159 -0.003 -22.088 -0.009 23.931 78.356 0.161 0.722 42.783 43.983
41.000 -17.744 -0.060 -16.707 -0.059 -12.959 -1.493 -16.310 -0.940 -19.098 -0.144 -20.900 -0.091 -21.850 -0.087 -21.562 -0.035 -21.634 -0.004 -22.000 -0.010 -22.249 -0.031 -22.168 -0.007 -22.279 -0.051 -11.544 -1.611 -22.128 -0.086 -22.157 -0.004 -22.070 -0.011 21.310 103.990 0.152 0.887 42.531 43.888
42.000 -17.888 -0.172 -16.566 -0.170 -12.659 -1.535 -15.700 -1.085 -19.045 -0.174 -20.957 -0.104 -21.851 -0.110 -21.557 -0.031 -21.629 -0.005 -21.986 -0.011 -22.244 -0.031 -22.158 -0.008 -22.237 -0.042 -11.544 -1.611 -22.094 -0.110 -22.145 -0.005 -22.055 -0.012 15.720 107.580 0.151 1.274 41.997 43.504
43.000 -17.912 -0.311 -16.350 -0.308 -12.406 -1.564 -15.101 -1.212 -18.964 -0.192 -21.006 -0.111 -21.826 -0.124 -21.548 -0.028 -21.621 -0.006 -21.979 -0.010 -22.231 -0.027 -22.146 -0.007 -22.146 -0.054 -11.544 -1.611 -22.058 -0.125 -22.124 -0.006 -22.045 -0.011 13.414 96.120 0.154 1.466 41.737 43.274
44.000 -17.803 -0.469 -16.066 -0.466 -12.198 -1.583 -14.531 -1.319 -18.854 -0.194 -21.025 -0.103 -21.772 -0.126 -21.532 -0.024 -21.607 -0.007 -21.976 -0.008 -22.210 -0.020 -22.129 -0.007 -22.030 -0.131 -11.544 -1.611 -22.026 -0.127 -22.097 -0.006 -22.039 -0.010 11.115 72.199 0.196 1.771 41.619 43.120
45.000 -17.562 -0.638 -15.721 -0.634 -12.032 -1.595 -14.005 -1.405 -18.719 -0.179 -20.988 -0.070 -21.693 -0.113 -21.503 -0.022 -21.586 -0.008 -21.975 -0.006 -22.184 -0.012 -22.110 -0.006 -21.914 -0.236 -11.544 -1.611 -22.002 -0.114 -22.069 -0.007 -22.037 -0.010 10.404 61.706 0.222 1.909 41.614 43.081
46.000 -17.202 -0.807 -15.333 -0.804 -11.904 -1.602 -13.534 -1.471 -18.567 -0.151 -20.873 -0.011 -21.595 -0.085 -21.459 -0.030 -21.560 -0.009 -21.969 -0.006 -22.153 -0.006 -22.090 -0.007 -21.824 -0.350 -11.544 -1.611 -21.988 -0.086 -22.048 -0.008 -22.036 -0.012 10.389 49.939 0.243 1.771 41.689 43.072
47.000 -16.745 -0.968 -14.917 -0.965 -11.809 -1.606 -13.127 -1.520 -18.408 -0.118 -20.662 -0.090 -21.490 -0.046 -21.399 -0.053 -21.532 -0.011 -21.955 -0.008 -22.120 -0.005 -22.071 -0.008 -21.775 -0.458 -11.544 -1.611 -21.983 -0.046 -22.035 -0.009 -22.033 -0.015 9.592 58.479 0.225 2.115 41.484 42.973
48.000 -16.220 -1.114 -14.493 -1.111 -11.743 -1.609 -12.784 -1.554 -18.254 -0.100 -20.345 -0.214 -21.391 -0.008 -21.328 -0.082 -21.501 -0.012 -21.928 -0.010 -22.087 -0.006 -22.054 -0.010 -21.779 -0.547 -11.544 -1.611 -21.983 -0.006 -22.030 -0.010 -22.027 -0.017 9.358 48.673 0.256 2.108 41.554 42.978
49.000 -15.658 -1.240 -14.080 -1.237 -11.702 -1.610 -12.508 -1.577 -18.115 -0.108 -19.925 -0.362 -21.310 -0.041 -21.252 -0.112 -21.471 -0.013 -21.890 -0.012 -22.056 -0.011 -22.041 -0.010 -21.834 -0.606 -11.544 -1.611 -21.985 -0.041 -22.029 -0.011 -22.017 -0.017 9.588 70.224 0.160 1.915 41.185 42.764
50.000 -15.092 -1.344 -13.693 -1.341 -11.683 -1.610 -12.295 -1.591 -18.000 -0.130 -19.413 -0.526 -21.253 -0.071 -21.181 -0.134 -21.441 -0.013 -21.844 -0.013 -22.030 -0.020 -22.029 -0.010 -21.927 -0.625 -11.544 -1.611 -21.984 -0.072 -22.026 -0.010 -22.004 -0.017 9.184 69.721 0.161 2.024 41.117 42.713
51.000 -14.550 -1.425 -13.347 -1.423 -11.685 -1.610 -12.141 -1.600 -17.914 -0.148 -18.828 -0.695 -21.225 -0.083 -21.121 -0.143 -21.409 -0.012 -21.794 -0.013 -22.007 -0.027 -22.015 -0.008 -22.036 -0.601 -11.544 -1.611 -21.978 -0.084 -22.016 -0.010 -21.988 -0.016 8.870 66.525 0.175 2.191 41.129 42.721
52.000 -14.056 -1.486 -13.053 -1.485 -11.707 -1.610 -12.043 -1.604 -17.859 -0.156 -18.199 -0.861 -21.222 -0.075 -21.081 -0.135 -21.373 -0.012 -21.748 -0.013 -21.990 -0.028 -21.997 -0.007 -22.133 -0.531 -11.544 -1.611 -21.964 -0.075 -21.996 -0.009 -21.969 -0.013 8.542 60.602 0.204 2.428 41.198 42.767
53.000 -13.629 -1.529 -12.818 -1.528 -11.749 -1.609 -11.997 -1.606 -17.830 -0.157 -17.561 -1.016 -21.235 -0.046 -21.061 -0.111 -21.332 -0.011 -21.708 -0.012 -21.976 -0.020 -21.970 -0.005 -22.184 -0.420 -11.544 -1.611 -21.942 -0.046 -21.965 -0.008 -21.947 -0.010 8.191 51.516 0.263 2.763 41.346 42.862
54.000 -13.281 -1.557 -12.649 -1.557 -11.815 -1.606 -12.000 -1.605 -17.821 -0.163 -16.948 -1.153 -21.253 -0.009 -21.058 -0.073 -21.282 -0.011 -21.674 -0.012 -21.962 -0.007 -21.933 -0.003 -22.159 -0.271 -11.544 -1.611 -21.914 -0.007 -21.927 -0.007 -21.919 -0.005 7.872 34.739 0.435 3.171 41.714 43.073
55.000 -13.019 -1.573 -12.547 -1.573 -11.907 -1.602 -12.051 -1.601 -17.819 -0.181 -16.395 -1.266 -21.263 -0.054 -21.061 -0.034 -21.222 -0.011 -21.640 -0.012 -21.946 -0.028 -21.886 -0.002 -22.030 -0.095 -11.544 -1.611 -21.880 -0.054 -21.884 -0.006 -21.883 -0.004 7.661 33.319 0.498 3.525 41.784 43.135
56.000 -12.844 -1.578 -12.514 -1.578 -12.027 -1.595 -12.148 -1.595 -17.814 -0.207 -15.934 -1.355 -21.249 -0.103 -21.055 -0.031 -21.150 -0.012 -21.596 -0.013 -21.920 -0.058 -21.831 -0.003 -21.778 -0.108 -11.544 -1.611 -21.839 -0.104 -21.839 -0.004 -21.837 -0.008 8.006 35.615 0.442 3.131 41.757 43.114
57.000 -12.757 -1.574 -12.548 -1.574 -12.179 -1.583 -12.291 -1.583 -17.789 -0.232 -15.589 -1.418 -21.201 -0.140 -21.018 -0.054 -21.062 -0.014 -21.527 -0.015 -21.880 -0.084 -21.769 -0.004 -21.393 -0.313 -11.544 -1.611 -21.790 -0.140 -21.789 -0.004 -21.779 -0.012 8.246 43.148 0.363 2.935 41.639 43.061
58.000 -12.751 -1.560 -12.648 -1.560 -12.365 -1.564 -12.480 -1.564 -17.732 -0.243 -15.377 -1.456 -21.111 -0.152 -20.930 -0.060 -20.954 -0.017 -21.424 -0.018 -21.819 -0.098 -21.699 -0.005 -20.877 -0.518 -11.544 -1.611 -21.728 -0.153 -21.731 -0.007 -21.710 -0.015 9.315 55.416 0.238 2.106 41.482 42.954
59.000 -12.822 -1.533 -12.811 -1.534 -12.588 -1.536 -12.715 -1.536 -17.631 -0.236 -15.309 -1.468 -20.974 -0.135 -20.769 -0.045 -20.822 -0.023 -21.278 -0.027 -21.733 -0.092 -21.619 -0.006 -20.243 -0.715 -11.544 -1.611 -21.651 -0.136 -21.658 -0.009 -21.631 -0.020 10.437 64.667 0.183 1.629 41.454 42.938
60.000 -12.961 -1.493 -13.031 -1.494 -12.846 -1.494 -12.993 -1.494 -17.475 -0.219 -15.386 -1.455 -20.794 -0.086 -20.520 -0.058 -20.664 -0.032 -21.089 -0.049 -21.617 -0.062 -21.523 -0.006 -19.511 -0.896 -11.544 -1.611 -21.553 -0.086 -21.562 -0.009 -21.543 -0.026 10.828 66.659 0.185 1.539 41.524 42.997
61.000 -13.159 -1.436 -13.302 -1.437 -13.138 -1.437 -13.312 -1.437 -17.260 -0.218 -15.599 -1.417 -20.575 -0.010 -20.171 -0.142 -20.480 -0.042 -20.862 -0.083 -21.473 -0.008 -21.405 -0.005 -18.710 -1.057 -11.544 -1.611 -21.431 -0.009 -21.440 -0.005 -21.444 -0.032 11.565 46.114 0.273 1.391 41.978 43.255
62.000 -13.407 -1.359 -13.617 -1.361 -13.460 -1.359 -13.665 -1.359 -16.985 -0.271 -15.934 -1.354 -20.330 -0.096 -19.722 -0.266 -20.276 -0.050 -20.614 -0.126 -21.304 -0.075 -21.263 -0.005 -17.870 -1.194 -11.544 -1.611 -21.286 -0.096 -21.293 -0.006 -21.329 -0.031 12.045 59.741 0.232 1.381 41.908 43.272
63.000 -13.691 -1.260 -13.964 -1.262 -13.805 -1.259 -14.046 -1.260 -16.653 -0.382 -16.371 -1.264 -20.072 -0.211 -19.179 -0.415 -20.060 -0.054 -20.362 -0.174 -21.115 -0.170 -21.096 -0.004 -17.024 -1.306 -11.544 -1.611 -21.120 -0.211 -21.124 -0.015 -21.188 -0.017 13.537 54.904 0.239 1.095 42.136 43.407
64.000 -14.002 -1.136 -14.334 -1.139 -14.165 -1.136 -14.445 -1.136 -16.271 -0.527 -16.881 -1.149 -19.816 -0.326 -18.555 -0.578 -19.846 -0.049 -20.128 -0.219 -20.918 -0.271 -20.914 -0.006 -16.200 -1.395 -11.544 -1.611 -20.939 -0.326 -20.941 -0.023 -21.008 -0.017 16.385 85.433 0.143 0.793 42.022 43.395
65.000 -14.324 -0.989 -14.713 -0.992 -14.529 -0.989 -14.850 -0.989 -15.850 -0.688 -17.437 -1.010 -19.578 -0.427 -17.871 -0.747 -19.652 -0.037 -19.928 -0.254 -20.725 -0.365 -20.730 -0.014 -15.424 -1.463 -11.544 -1.611 -20.753 -0.428 -20.750 -0.025 -20.773 -0.073 26.042 197.033 0.059 0.425 42.051 43.577
66.000 -14.647 -0.821 -15.089 -0.824 -14.887 -0.820 -15.249 -0.821 -15.403 -0.850 -18.008 -0.849 -19.371 -0.504 -17.151 -0.910 -19.490 -0.021 -19.774 -0.274 -20.547 -0.441 -20.563 -0.026 -14.714 -1.514 -11.544 -1.611 -20.573 -0.504 -20.554 -0.016 -20.469 -0.155 25.194 130.221 0.076 0.366 42.222 43.579
67.000 -14.958 -0.636 -15.448 -0.639 -15.227 -0.635 -15.629 -0.636 -14.945 -1.004 -18.563 -0.672 -19.208 -0.545 -16.422 -1.062 -19.371 -0.019 -19.670 -0.274 -20.398 -0.487 -20.431 -0.038 -14.084 -1.549 -11.544 -1.611 -20.411 -0.546 -20.351 -0.018 -20.082 -0.263 28.265 126.666 0.074 0.297 42.398 43.691
68.000 -15.245 -0.440 -15.779 -0.443 -15.539 -0.440 -15.979 -0.440 -14.489 -1.143 -19.076 -0.490 -19.095 -0.545 -15.707 -1.195 -19.298 -0.032 -19.611 -0.255 -20.288 -0.496 -20.347 -0.046 -13.539 -1.573 -11.544 -1.611 -20.279 -0.546 -20.132 -0.070 -19.607 -0.393 40.000 200.159 0.043 0.178 42.528 43.863
69.000 -15.499 -0.244 -16.071 -0.246 -15.813 -0.243 -16.288 -0.243 -14.050 -1.262 -19.524 -0.317 -19.038 -0.502 -15.028 -1.307 -19.263 -0.037 -19.586 -0.226 -20.224 -0.464 -20.314 -0.043 -13.080 -1.588 -11.544 -1.611 -20.186 -0.503 -19.883 -0.150 -19.047 -0.539 40.000 150.557 0.043 0.143 42.528 43.744
70.000 -15.713 -0.055 -16.318 -0.056 -16.042 -0.054 -16.549 -0.055 -13.637 -1.360 -19.893 -0.200 -19.035 -0.419 -14.404 -1.397 -19.250 -0.024 -19.579 -0.209 -20.209 -0.392 -20.323 -0.023 -12.703 -1.598 -11.544 -1.611 -20.138 -0.419 -19.589 -0.256 -18.411 -0.694 25.834 26.732 0.091 0.121 42.422 43.114
71.000 -15.883 -0.114 -16.513 -0.115 -16.223 -0.115 -16.757 -0.115 -13.261 -1.437 -20.171 -0.220 -19.083 -0.302 -13.845 -1.466 -19.234 -0.028 -19.575 -0.228 -20.244 -0.285 -20.350 -0.023 -12.402 -1.604 -11.544 -1.611 -20.136 -0.302 -19.234 -0.386 -17.717 -0.851 40.000 133.483 0.051 0.155 42.673 43.840
72.000 -16.007 -0.255 -16.656 -0.257 -16.355 -0.256 -16.910 -0.256 -12.926 -1.494 -20.358 -0.321 -19.174 -0.161 -13.359 -1.516 -19.189 -0.095 -19.563 -0.283 -20.322 -0.153 -20.365 -0.093 -12.166 -1.607 -11.544 -1.611 -20.180 -0.161 -18.808 -0.533 -16.988 -1.000 40.000 163.264 0.034 0.108 42.332 43.575
73.000 -16.085 -0.360 -16.748 -0.364 -16.438 -0.360 -17.010 -0.360 -12.636 -1.536 -20.456 -0.419 -19.297 -0.025 -12.948 -1.552 -19.086 -0.196 -19.536 -0.350 -20.436 -0.015 -20.330 -0.193 -11.986 -1.609 -11.544 -1.611 -20.261 -0.018 -18.307 -0.690 -16.250 -1.137 40.000 968.335 0.034 0.617 42.332 44.346
74.000 -16.121 -0.422 -16.791 -0.428 -16.477 -0.423 -17.060 -0.423 -12.390 -1.564 -20.477 -0.488 -19.440 -0.145 -12.608 -1.575 -18.902 -0.323 -19.493 -0.409 -20.573 -0.139 -20.211 -0.318 -11.852 -1.610 -11.544 -1.611 -20.370 -0.144 -17.738 -0.849 -15.530 -1.256 40.000 385.312 0.021 0.150 41.904 43.518
75.000 -16.120 -0.442 -16.793 -0.449 -16.478 -0.442 -17.067 -0.442 -12.187 -1.583 -20.433 -0.519 -19.587 -0.279 -12.334 -1.590 -18.622 -0.472 -19.440 -0.446 -20.719 -0.271 -19.979 -0.464 -11.755 -1.611 -11.544 -1.611 -20.493 -0.278 -17.114 -1.000 -14.849 -1.354 40.000 296.364 0.018 0.102 41.795 43.295
76.000 -16.089 -0.421 -16.761 -0.429 -16.449 -0.420 -17.038 -0.421 -12.024 -1.595 -20.341 -0.513 -19.722 -0.385 -12.119 -1.600 -18.240 -0.633 -19.388 -0.454 -20.855 -0.376 -19.620 -0.623 -11.685 -1.611 -11.544 -1.611 -20.614 -0.384 -16.455 -1.138 -14.227 -1.433 40.000 266.673 0.017 0.087 41.740 43.194
77.000 -16.034 -0.365 -16.702 -0.374 -16.397 -0.365 -16.983 -0.365 -11.895 -1.602 -20.220 -0.474 -19.830 -0.453 -11.954 -1.605 -17.763 -0.796 -19.347 -0.431 -20.965 -0.445 -19.132 -0.785 -11.637 -1.611 -11.544 -1.611 -20.713 -0.452 -15.785 -1.258 -13.675 -1.492 40.000 246.568 0.017 0.080 41.731 43.152
78.000 -15.965 -0.285 -16.627 -0.293 -16.332 -0.285 -16.911 -0.285 -11.796 -1.606 -20.085 -0.411 -19.894 -0.476 -11.831 -1.608 -17.207 -0.955 -19.327 -0.381 -21.029 -0.469 -18.529 -0.943 -11.604 -1.611 -11.544 -1.611 -20.774 -0.476 -15.129 -1.358 -13.201 -1.535 40.000 243.143 0.017 0.079 41.731 43.146
79.000 -15.889 -0.193 -16.545 -0.200 -16.262 -0.193 -16.832 -0.193 -11.721 -1.609 -19.954 -0.337 -19.901 -0.452 -11.741 -1.610 -16.595 -1.100 -19.335 -0.315 -21.032 -0.447 -17.835 -1.090 -11.582 -1.611 -11.544 -1.611 -20.778 -0.452 -14.507 -1.436 -12.804 -1.564 40.000 250.923 0.017 0.084 41.731 43.161
80.000 -15.814 -0.101 -16.464 -0.105 -16.195 -0.101 -16.755 -0.101 -11.666 -1.610 -19.838 -0.264 -19.836 -0.381 -11.676 -1.610 -15.953 -1.227 -19.368 -0.247 -20.957 -0.377 -17.084 -1.218 -11.568 -1.611 -11.544 -1.611 -20.709 -0.381 -13.940 -1.495 -12.482 -1.584 40.000 271.972 0.017 0.097 41.731 43.200
81.000 -15.749 -0.022 -16.394 -0.023 -16.137 -0.021 -16.689 -0.021 -11.627 -1.610 -19.747 -0.209 -19.692 -0.267 -11.631 -1.611 -15.309 -1.333 -19.420 -0.198 -20.794 -0.265 -16.312 -1.326 -11.558 -1.611 -11.544 -1.611 -20.556 -0.267 -13.438 -1.537 -12.227 -1.596 35.275 22.507 0.062 0.042 42.624 43.084
82.000 -15.697 -0.036 -16.342 -0.038 -16.095 -0.037 -16.641 -0.037 -11.599 -1.611 -19.688 -0.184 -19.462 -0.120 -11.600 -1.611 -14.689 -1.417 -19.476 -0.182 -20.534 -0.116 -15.552 -1.412 -11.553 -1.611 -11.544 -1.611 -20.309 -0.118 -13.007 -1.566 -12.031 -1.603 40.000 34.804 0.049 0.041 42.638 43.225
83.000 -15.665 -0.068 -16.312 -0.072 -16.071 -0.068 -16.614 -0.068 -11.580 -1.611 -19.661 -0.185 -19.145 -0.070 -11.580 -1.611 -14.113 -1.481 -19.515 -0.191 -20.176 -0.063 -14.836 -1.477 -11.549 -1.611 -11.544 -1.611 -19.967 -0.066 -12.649 -1.585 -11.883 -1.607 40.000 63.854 0.040 0.056 42.457 43.302
84.000 -15.653 -0.071 -16.308 -0.076 -16.067 -0.071 -16.611 -0.071 -11.567 -1.611 -19.663 -0.197 -18.744 -0.257 -11.566 -1.611 -13.596 -1.527 -19.518 -0.202 -19.723 -0.254 -14.185 -1.525 -11.547 -1.611 -11.544 -1.611 -19.531 -0.256 -12.360 -1.596 -11.776 -1.609 40.000 46.508 0.038 0.039 42.426 43.132
85.000 -15.662 -0.050 -16.329 -0.055 -16.080 -0.050 -16.630 -0.050 -11.559 -1.611 -19.687 -0.209 -18.268 -0.456 -11.558 -1.611 -13.147 -1.559 -19.461 -0.208 -19.185 -0.453 -13.614 -1.558 -11.546 -1.611 -11.544 -1.611 -19.011 -0.455 -12.133 -1.603 -11.699 -1.610 40.000 35.706 0.044 0.036 42.545 43.139
86.000 -15.686 -0.013 -16.372 -0.015 -16.106 -0.013 -16.666 -0.013 -11.553 -1.611 -19.721 -0.216 -17.730 -0.652 -11.552 -1.611 -12.769 -1.581 -19.328 -0.220 -18.576 -0.649 -13.130 -1.580 -11.545 -1.611 -11.544 -1.611 -18.420 -0.651 -11.960 -1.607 -11.645 -1.611 22.662 6.771 0.108 0.047 42.340 42.509
87.000 -15.719 -0.029 -16.428 -0.033 -16.136 -0.029 -16.709 -0.029 -11.550 -1.611 -19.749 -0.218 -17.146 -0.836 -11.549 -1.611 -12.459 -1.594 -19.105 -0.266 -17.914 -0.834 -12.731 -1.593 -11.545 -1.611 -11.544 -1.611 -17.777 -0.836 -11.831 -1.609 -11.609 -1.611 40.000 32.176 0.049 0.038 42.649 43.202
88.000 -15.751 -0.065 -16.487 -0.076 -16.160 -0.065 -16.750 -0.065 -11.547 -1.611 -19.754 -0.213 -16.535 -1.003 -11.547 -1.611 -12.213 -1.602 -18.787 -0.358 -17.221 -1.001 -12.413 -1.601 -11.545 -1.611 -11.544 -1.611 -17.101 -1.002 -11.738 -1.610 -11.585 -1.611 40.000 46.782 0.038 0.038 42.420 43.127
89.000 -15.772 -0.083 -16.536 -0.103 -16.168 -0.083 -16.773 -0.083 -11.546 -1.611 -19.718 -0.201 -15.915 -1.148 -11.546 -1.611 -12.022 -1.606 -18.377 -0.487 -16.518 -1.146 -12.165 -1.606 -11.545 -1.611 -11.544 -1.611 -16.415 -1.147 -11.672 -1.611 -11.569 -1.611 40.000 62.299 0.032 0.042 42.283 43.112
90.000 -15.768 -0.073 -16.560 -0.104 -16.148 -0.073 -16.766 -0.073 -11.545 -1.611 -19.624 -0.186 -15.307 -1.269 -11.545 -1.611 -11.879 -1.609 -17.886 -0.637 -15.826 -1.268 -11.979 -1.609 -11.544 -1.611 -11.544 -1.611 -15.739 -1.268 -11.627 -1.611 -11.559 -1.611 40.000 62.092 0.032 0.042 42.283 43.111
91.000 -15.731 -0.029 -16.547 -0.071 -16.088 -0.029 -16.714 -0.029 -11.545 -1.611 -19.457 -0.184 -14.725 -1.366 -11.545 -1.611 -11.773 -1.610 -17.328 -0.795 -15.165 -1.365 -11.841 -1.610 -11.544 -1.611 -11.544 -1.611 -15.093 -1.366 -11.597 -1.611 -11.553 -1.611 40.000 31.012 0.048 0.035 42.626 43.162
92.000 -15.650 -0.050 -16.483 -0.002 -15.981 -0.050 -16.608 -0.050 -11.545 -1.611 -19.208 -0.223 -14.185 -1.442 -11.545 -1.611 -11.698 -1.610 -16.725 -0.948 -14.551 -1.441 -11.743 -1.610 -11.544 -1.611 -11.544 -1.611 -14.492 -1.441 -11.577 -1.611 -11.549 -1.611 40.000 20.390 0.069 0.035 42.944 43.302
93.000 -15.519 -0.163 -16.361 -0.103 -15.823 -0.163 -16.442 -0.163 -11.545 -1.611 -18.872 -0.312 -13.697 -1.498 -11.545 -1.611 -11.645 -1.611 -16.100 -1.091 -13.995 -1.497 -11.675 -1.611 -11.544 -1.611 -11.544 -1.611 -13.948 -1.498 -11.564 -1.611 -11.547 -1.611 40.000 121.650 0.021 0.049 41.896 43.012
94.000 -15.338 -0.303 -16.176 -0.238 -15.611 -0.304 -16.212 -0.304 -11.545 -1.611 -18.452 -0.438 -13.266 -1.538 -11.544 -1.611 -11.609 -1.611 -15.475 -1.216 -13.505 -1.538 -11.628 -1.611 -11.544 -1.611 -11.544 -1.611 -13.467 -1.538 -11.556 -1.611 -11.546 -1.611 40.000 125.008 0.017 0.041 41.732 42.858
95.000 -15.108 -0.464 -15.930 -0.395 -15.350 -0.464 -15.924 -0.464 -11.544 -1.611 -17.957 -0.585 -12.896 -1.566 -11.544 -1.611 -11.585 -1.611 -14.871 -1.321 -13.083 -1.566 -11.597 -1.611 -11.544 -1.611 -11.544 -1.611 -13.054 -1.566 -11.551 -1.611 -11.545 -1.611 40.000 117.323 0.015 0.033 41.624 42.721
96.000 -14.835 -0.634 -15.628 -0.566 -15.046 -0.635 -15.584 -0.634 -11.544 -1.611 -17.401 -0.741 -12.585 -1.584 -11.544 -1.611 -11.569 -1.611 -14.306 -1.406 -12.729 -1.584 -11.576 -1.611 -11.544 -1.611 -11.544 -1.611 -12.707 -1.584 -11.548 -1.611 -11.545 -1.611 40.000 97.709 0.014 0.026 41.580 42.598
97.000 -14.530 -0.804 -15.281 -0.739 -14.710 -0.805 -15.205 -0.804 -11.544 -1.611 -16.803 -0.896 -12.330 -1.595 -11.544 -1.611 -11.559 -1.611 -13.792 -1.471 -12.439 -1.595 -11.564 -1.611 -11.544 -1.611 -11.544 -1.611 -12.423 -1.595 -11.547 -1.611 -11.545 -1.611 40.000 78.434 0.014 0.021 41.561 42.484
98.000 -14.203 -0.966 -14.900 -0.906 -14.355 -0.966 -14.801 -0.966 -11.544 -1.611 -16.182 -1.042 -12.126 -1.602 -11.544 -1.611 -11.553 -1.611 -13.339 -1.519 -12.207 -1.602 -11.556 -1.611 -11.544 -1.611 -11.544 -1.611 -12.195 -1.602 -11.546 -1.611 -11.545 -1.611 40.000 61.812 0.014 0.016 41.551 42.371
99.000 -13.867 -1.112 -14.502 -1.059 -13.993 -1.112 -14.386 -1.112 -11.544 -1.611 -15.560 -1.173 -11.967 -1.606 -11.544 -1.611 -11.550 -1.611 -12.948 -1.553 -12.026 -1.606 -11.551 -1.611 -11.544 -1.611 -11.544 -1.611 -12.017 -1.606 -11.545 -1.611 -11.544 -1.611 40.000 47.857 0.014 0.012 41.545 42.253
100.000 -13.534 -1.238 -14.102 -1.193 -13.636 -1.238 -13.977 -1.238 -11.544 -1.611 -14.957 -1.285 -11.845 -1.609 -11.544 -1.611 -11.547 -1.611 -12.622 -1.576 -11.887 -1.609 -11.548 -1.611 -11.544 -1.611 -11.544 -1.611 -11.881 -1.609 -11.545 -1.611 -11.544 -1.611 40.000 36.462 0.014 0.009 41.537 42.128
101.000 -13.215 -1.342 -13.712 -1.306 -13.297 -1.342 -13.586 -1.342 -11.544 -1.611 -14.389 -1.377 -11.755 -1.610 -11.544 -1.611 -11.546 -1.611 -12.354 -1.591 -11.784 -1.610 -11.546 -1.611 -11.544 -1.611 -11.544 -1.611 -11.780 -1.610 -11.545 -1.611 -11.544 -1.611 39.043 26.429 0.014 0.007 41.499 41.962
102.000 -12.920 -1.424 -13.346 -1.396 -12.985 -1.424 -13.224 -1.424 -11.544 -1.611 -13.871 -1.449 -11.688 -1.610 -11.544 -1.611 -11.545 -1.611 -12.142 -1.600 -11.708 -1.610 -11.546 -1.611 -11.544 -1.611 -11.544 -1.611 -11.705 -1.610 -11.544 -1.611 -11.544 -1.611 35.468 17.000 0.015 0.006 41.379 41.695
103.000 -12.654 -1.486 -13.012 -1.465 -12.704 -1.486 -12.898 -1.486 -11.544 -1.611 -13.410 -1.503 -11.641 -1.611 -11.544 -1.611 -11.545 -1.611 -11.976 -1.605 -11.655 -1.611 -11.545 -1.611 -11.544 -1.611 -11.544 -1.611 -11.653 -1.611 -11.544 -1.611 -11.544 -1.611 23.362 6.005 0.021 0.005 40.962 41.021
104.000 -12.422 -1.530 -12.716 -1.516 -12.460 -1.531 -12.614 -1.531 -11.544 -1.611 -13.011 -1.542 -11.608 -1.611 -11.544 -1.611 -11.545 -1.611 -11.850 -1.608 -11.617 -1.611 -11.545 -1.611 -11.544 -1.611 -11.544 -1.611 -11.616 -1.611 -11.544 -1.611 -11.544 -1.611 20.428 3.727 0.023 0.005 40.831 40.749
105.000 -12.224 -1.561 -12.461 -1.551 -12.252 -1.561 -12.373 -1.561 -11.544 -1.611 -12.675 -1.569 -11.585 -1.611 -11.544 -1.611 -11.545 -1.611 -11.757 -1.609 -11.591 -1.611 -11.545 -1.611 -11.544 -1.611 -11.544 -1.611 -11.590 -1.611 -11.544 -1.611 -11.544 -1.611 18.434 2.502 0.026 0.004 40.735 40.530
106.000 -12.060 -1.582 -12.247 -1.575 -12.081 -1.582 -12.173 -1.582 -11.544 -1.611 -12.399 -1.586 -11.570 -1.611 -11.544 -1.611 -11.544 -1.611 -11.689 -1.610 -11.574 -1.611 -11.544 -1.611 -11.544 -1.611 -11.544 -1.611 -11.573 -1.611 -11.544 -1.611 -11.544 -1.611 17.021 1.799 0.028 0.004 40.661 40.354
107.000 -11.928 -1.594 -12.072 -1.590 -11.943 -1.594 -12.011 -1.594 -11.544 -1.611 -12.177 -1.597 -11.560 -1.611 -11.544 -1.611 -11.544 -1.611 -11.641 -1.611 -11.563 -1.611 -11.544 -1.611 -11.544 -1.611 -11.544 -1.611 -11.562 -1.611 -11.544 -1.611 -11.544 -1.611 15.999 1.385 0.029 0.003 40.604 40.216
108.000 -11.824 -1.602 -11.933 -1.599 -11.835 -1.602 -11.885 -1.602 -11.544 -1.611 -12.004 -1.603 -11.554 -1.611 -11.544 -1.611 -11.544 -1.611 -11.607 -1.611 -11.556 -1.611 -11.544 -1.611 -11.544 -1.611 -11.544 -1.611 -11.555 -1.611 -11.544 -1.611 -11.544 -1.611 15.257 1.139 0.031 0.003 40.561 40.113
109.000 -11.744 -1.606 -11.825 -1.605 -11.751 -1.606 -11.787 -1.606 -11.544 -1.611 -11.871 -1.607 -11.550 -1.611 -11.544 -1.611 -11.544 -1.611 -11.585 -1.611 -11.551 -1.611 -11.544 -1.611 -11.544 -1.611 -11.544 -1.611 -11.551 -1.611 -11.544 -1.611 -11.544 -1.611 14.717 0.997 0.032 0.003 40.528 40.041
110.000 -11.684 -1.609 -11.743 -1.608 -11.689 -1.609 -11.714 -1.609 -11.544 -1.611 -11.772 -1.609 -11.548 -1.611 -11.544 -1.611 -11.544 -1.611 -11.570 -1.611 -11.548 -1.611 -11.544 -1.611 -11.544 -1.611 -11.544 -1.611 -11.548 -1.611 -11.544 -1.611 -11.544 -1.611 14.327 0.915 0.033 0.003 40.503 39.994
111.000 -11.640 -1.610 -11.682 -1.609 -11.643 -1.610 -11.661 -1.610 -11.544 -1.611 -11.700 -1.610 -11.546 -1.611 -11.544 -1.611 -11.544 -1.611 -11.560 -1.611 -11.547 -1.611 -11.544 -1.611 -11.544 -1.611 -11.544 -1.611 -11.547 -1.611 -11.544 -1.611 -11.544 -1.611 14.049 0.869 0.033 0.003 40.485 39.964
112.000 -11.609 -1.610 -11.638 -1.610 -11.611 -1.610 -11.622 -1.610 -11.544 -1.611 -11.649 -1.611 -11.546 -1.611 -11.544 -1.611 -11.544 -1.611 -11.554 -1.611 -11.546 -1.611 -11.544 -1.611 -11.544 -1.611 -11.544 -1.611 -11.546 -1.611 -11.544 -1.611 -11.544 -1.611 13.853 0.843 0.034 0.003 40.472 39.945
113.000 -11.587 -1.611 -11.606 -1.611 -11.588 -1.611 -11.596 -1.611 -11.544 -1.611 -11.613 -1.611 -11.545 -1.611 -11.544 -1.611 -11.544 -1.611 -11.550 -1.611 -11.545 -1.611 -11.544 -1.611 -11.544 -1.611 -11.544 -1.611 -11.545 -1.611 -11.544 -1.611 -11.544 -1.611 13.718 0.827 0.034 0.003 40.463 39.933
114.000 -11.572 -1.611 -11.585 -1.611 -11.573 -1.611 -11.578 -1.611 -11.544 -1.611 -11.589 -1.611 -11.545 -1.611 -11.544 -1.611 -11.544 -1.611 -11.548 -1.611 -11.545 -1.611 -11.544 -1.611 -11.544 -1.611 -11.544 -1.611 -11.545 -1.611 -11.544 -1.611 -11.544 -1.611 13.626 0.818 0.034 0.003 40.457 39.926
115.000 -11.562 -1.611 -11.570 -1.611 -11.562 -1.611 -11.565 -1.611 -11.544 -1.611 -11.572 -1.611 -11.545 -1.611 -11.544 -1.611 -11.544 -1.611 -11.546 -1.611 -11.545 -1.611 -11.544 -1.611 -11.544 -1.611 -11.544 -1.611 -11.545 -1.611 -11.544 -1.611 -11.544 -1.611 13.579 0.814 0.034 0.003 40.453 39.922
116.000 -11.555 -1.611 -11.561 -1.611 -11.555 -1.611 -11.557 -1.611 -11.544 -1.611 -11.562 -1.611 -11.545 -1.611 -11.544 -1.611 -11.544 -1.611 -11.545 -1.611 -11.545 -1.611 -11.544 -1.611 -11.544 -1.611 -11.544 -1.611 -11.545 -1.611 -11.544 -1.611 -11.544 -1.611 13.536 0.811 0.034 0.003 40.451 39.919
117.000 -11.551 -1.611 -11.554 -1.611 -11.551 -1.611 -11.552 -1.611 -11.544 -1.611 -11.555 -1.611 -11.544 -1.611 -11.544 -1.611 -11.544 -1.611 -11.545 -1.611 -11.544 -1.611 -11.544 -1.611 -11.544 -1.611 -11.544 -1.611 -11.544 -1.611 -11.544 -1.611 -11.544 -1.611 13.507 0.808 0.034 0.003 40.449 39.917
118.000 -11.548 -1.611 -11.550 -1.611 -11.548 -1.611 -11.549 -1.611 -11.544 -1.611 -11.551 -1.611 -11.544 -1.611 -11.544 -1.611 -11.544 -1.611 -11.545 -1.611 -11.544 -1.611 -11.544 -1.611 -11.544 -1.611 -11.544 -1.611 -11.544 -1.611 -11.544 -1.611 -11.544 -1.611 13.487 0.807 0.034 0.003 40.448 39.916
119.000 -11.547 -1.611 -11.548 -1.611 -11.547 -1.611 -11.547 -1.611 -11.544 -1.611 -11.548 -1.611 -11.544 -1.611 -11.544 -1.611 -11.544 -1.611 -11.545 -1.611 -11.544 -1.611 -11.544 -1.611 -11.544 -1.611 -11.544 -1.611 -11.544 -1.611 -11.544 -1.611 -11.544 -1.611 13.475 0.806 0.035 0.003 40.447 39.915
120.000 -11.546 -1.611 -11.546 -1.611 -11.546 -1.611 -11.546 -1.611 -11.544 -1.611 -11.546 -1.611 -11.544 -1.611 -11.544 -1.611 -11.544 -1.611 -11.544 -1.611 -11.544 -1.611 -11.544 -1.611 -11.544 -1.611 -11.544 -1.611 -11.544 -1.611 -11.544 -1.611 -11.544 -1.611 13.468 0.805 0.035 0.003 40.446 39.915
121.000 -11.545 -1.611 -11.546 -1.611 -11.545 -1.611 -11.545 -1.611 -11.544 -1.611 -11.546 -1.611 -11.544 -1.611 -11.544 -1.611 -11.544 -1.611 -11.544 -1.611 -11.544 -1.611 -11.544 -1.611 -11.544 -1.611 -11.544 -1.611 -11.544 -1.611 -11.544 -1.611 -11.544 -1.611 13.463 0.805 0.035 0.003 40.446 39.914
122.000 -11.545 -1.611 -11.545 -1.611 -11.545 -1.611 -11.545 -1.611 -11.544 -1.611 -11.545 -1.611 -11.544 -1.611 -11.544 -1.611 -11.544 -1.611 -11.544 -1.611 -11.544 -1.611 -11.544 -1.611 -11.544 -1.611 -11.544 -1.611 -11.544 -1.611 -11.544 -1.611 -11.544 -1.611 13.461 0.805 0.035 0.003 40.446 39.914
123.000 -11.545 -1.611 -11.545 -1.611 -11.545 -1.611 -11.545 -1.611 -11.544 -1.611 -11.545 -1.611 -11.544 -1.611 -11.544 -1.611 -11.544 -1.611 -11.544 -1.611 -11.544 -1.611 -11.544 -1.611 -11.544 -1.611 -11.544 -1.611 -11.544 -1.611 -11.544 -1.611 -11.544 -1.611 13.459 0.805 0.035 0.003 40.446 39.914
124.000 -11.545 -1.611 -11.545 -1.611 -11.545 -1.611 -11.545 -1.611 -11.544 -1.611 -11.545 -1.611 -11.544 -1.611 -11.544 -1.611 -11.544 -1.611 -11.544 -1.611 -11.544 -1.611 -11.544 -1.611 -11.544 -1.611 -11.544 -1.611 -11.544 -1.611 -11.544 -1.611 -11.544 -1.611 13.459 0.805 0.035 0.003 40.446 39.914
125.000 -11.544 -1.611 -11.545 -1.611 -11.544 -1.611 -11.544 -1.611 -11.544 -1.611 -11.545 -1.611 -11.544 -1.611 -11.544 -1.611 -11.544 -1.611 -11.544 -1.611 -11.544 -1.611 -11.544 -1.611 -11.544 -1.611 -11.544 -1.611 -11.544 -1.611 -11.544 -1.611 -11.544 -1.611 13.458 0.804 0.035 0.003 40.446 39.914
126.000 -11.544 -1.611 -11.544 -1.611 -11.544 -1.611 -11.544 -1.611 -11.544 -1.611 -11.544 -1.611 -11.544 -1.611 -11.544 -1.611 -11.544 -1.611 -11.544 -1.611 -11.544 -1.611 -11.544 -1.611 -11.544 -1.611 -11.544 -1.611 -11.544 -1.611 -11.544 -1.611 -11.544 -1.611 13.458 0.804 0.035 0.003 40.446 39.914
127.000 -11.544 -1.611 -11.544 -1.611 -11.544 -1.611 -11.544 -1.611 -11.544 -1.611 -11.544 -1.611 -11.544 -1.611 -11.544 -1.611 -11.544 -1.611 -11.544 -1.611 -11.544 -1.611 -11.544 -1.611 -11.544 -1.611 -11.544 -1.611 -11.544 -1.611 -11.544 -1.611 -11.544 -1.611 13.458 0.804 0.035 0.003 40.446 39.914
128.000 -11.544 -1.611 -11.544 -1.611 -11.544 -1.611 -11.544 -1.611 -11.544 -1.611 -11.544 -1.611 -11.544 -1.611 -11.544 -1.611 -11.544 -1.611 -11.544 -1.611 -11.544 -1.611 -11.544 -1.611 -11.544 -1.611 -11.544 -1.611 -11.544 -1.611 -11.544 -1.611 -11.544 -1.611 13.458 0.804 0.035 0.003 40.446 39.914
129.000 -11.544 -1.611 -11.544 -1.611 -11.544 -1.611 -11.544 -1.611 -11.544 -1.611 -11.544 -1.611 -11.544 -1.611 -11.544 -1.611 -11.544 -1.611 -11.544 -1.611 -11.544 -1.611 -11.544 -1.611 -11.544 -1.611 -11.544 -1.611 -11.544 -1.611 -11.544 -1.611 -11.544 -1.611 13.458 0.804 0.035 0.003 40.446 39.914
130.000 -11.544 -1.611 -11.544 -1.611 -11.544 -1.611 -11.544 -1.611 -11.544 -1.611 -11.544 -1.611 -11.544 -1.611 -11.544 -1.611 -11.544 -1.611 -11.544 -1.611 -11.544 -1.611 -11.544 -1.611 -11.544 -1.611 -11.544 -1.611 -11.544 -1.611 -11.544 -1.611 -11.544 -1.611 13.458 0.804 0.035 0.003 40.446 39.914
131.000 -11.544 -1.611 -11.544 -1.611 -11.544 -1.611 -11.544 -1.611 -11.544 -1.611 -11.544 -1.611 -11.544 -1.611 -11.544 -1.611 -11.544 -1.611 -11.544 -1.611 -11.544 -1.611 -11.544 -1.611 -11.544 -1.611 -11.544 -1.611 -11.544 -1.611 -11.544 -1.611 -11.544 -1.611 13.458 0.804 0.035 0.003 40.446 39.914
132.000 -11.544 -1.611 -11.544 -1.611 -11.544 -1.611 -11.544 -1.611 -11.544 -1.611 -11.544 -1.611 -11.544 -1.611 -11.544 -1.611 -11.544 -1.611 -11.544 -1.611 -11.544 -1.611 -11.544 -1.611 -11.544 -1.611 -11.544 -1.611 -11.544 -1.611 -11.544 -1.611 -11.544 -1.611 13.458 0.804 0.035 0.003 40.446 39.914
133.000 -11.544 -1.611 -11.544 -1.611 -11.544 -1.611 -11.544 -1.611 -11.544 -1.611 -11.544 -1.611 -11.544 -1.611 -11.544 -1.611 -11.544 -1.611 -11.544 -1.611 -11.544 -1.611 -11.544 -1.611 -11.544 -1.611 -11.544 -1.611 -11.544 -1.611 -11.544 -1.611 -11.544 -1.611 13.458 0.804 0.035 0.003 40.446 39.914
134.000 -11.544 -1.611 -11.544 -1.611 -11.544 -1.611 -11.544 -1.611 -11.544 -1.611 -11.544 -1.611 -11.544 -1.611 -11.544 -1.611 -11.544 -1.611 -11.544 -1.611 -11.544 -1.611 -11.544 -1.611 -11.544 -1.611 -11.544 -1.611 -11.544 -1.611 -11.544 -1.611 -11.544 -1.611 13.458 0.804 0.035 0.003 40.446 39.914
135.000 -11.544 -1.611 -11.544 -1.611 -11.544 -1.611 -11.544 -1.611 -11.544 -1.611 -11.544 -1.611 -11.544 -1.611 -11.544 -1.611 -11.544 -1.611 -11.544 -1.611 -11.544 -1.611 -11.544 -1.611 -11.544 -1.611 -11.544 -1.611 -11.544 -1.611 -11.544 -1.611 -11.544 -1.611 13.458 0.804 0.035 0.003 40.446 39.914
136.000 -11.544 -1.611 -11.544 -1.611 -11.544 -1.611 -11.544 -1.611 -11.544 -1.611 -11.544 -1.611 -11.544 -1.611 -11.544 -1.611 -11.544 -1.611 -11.544 -1.611 -11.544 -1.611 -11.544 -1.611 -11.544 -1.611 -11.544 -1.611 -11.544 -1.611 -11.544 -1.611 -11.544 -1.611 13.458 0.804 0.035 0.003 40.446 39.914
137.000 -11.544 -1.611 -11.544 -1.611 -11.544 -1.611 -11.544 -1.611 -11.544 -1.611 -11.544 -1.611 -11.544 -1.611 -11.544 -1.611 -11.544 -1.611 -11.544 -1.611 -11.544 -1.611 -11.544 -1.611 -11.544 -1.611 -11.544 -1.611 -11.544 -1.611 -11.544 -1.611 -11.544 -1.611 13.458 0.804 0.035 0.003 40.446 39.914
138.000 -11.544 -1.611 -11.544 -1.611 -11.544 -1.611 -11.544 -1.611 -11.544 -1.611 -11.544 -1.611 -11.544 -1.611 -11.544 -1.611 -11.544 -1.611 -11.544 -1.611 -11.544 -1.611 -11.544 -1.611 -11.544 -1.611 -11.544 -1.611 -11.544 -1.611 -11.544 -1.611 -11.544 -1.611 13.458 0.804 0.035 0.003 40.446 39.914
139.000 -11.544 -1.611 -11.544 -1.611 -11.544 -1.611 -11.544 -1.611 -11.544 -1.611 -11.544 -1.611 -11.544 -1.611 -11.544 -1.611 -11.544 -1.611 -11.544 -1.611 -11.544 -1.611 -11.544 -1.611 -11.544 -1.611 -11.544 -1.611 -11.544 -1.611 -11.544 -1.611 -11.544 -1.611 13.458 0.804 0.035 0.003 40.446 39.914
140.000 -11.544 -1.611 -11.544 -1.611 -11.544 -1.611 -11.544 -1.611 -11.544 -1.611 -11.544 -1.611 -11.544 -1.611 -11.544 -1.611 -11.544 -1.611 -11.544 -1.611 -11.544 -1.611 -11.544 -1.611 -11.544 -1.611 -11.544 -1.611 -11.544 -1.611 -11.544 -1.611 -11.544 -1.611 13.458 0.804 0.035 0.003 40.446 39.914
141.000 -11.544 -1.611 -11.544 -1.611 -11.544 -1.611 -11.544 -1.611 -11.544 -1.611 -11.544 -1.611 -11.544 -1.611 -11.544 -1.611 -11.544 -1.611 -11.544 -1.611 -11.544 -1.611 -11.544 -1.611 -11.544 -1.611 -11.544 -1.611 -11.544 -1.611 -11.544 -1.611 -11.544 -1.611 13.458 0.804 0.035 0.003 40.446 39.914
142.000 -11.544 -1.611 -11.544 -1.611 -11.544 -1.611 -11.544 -1.611 -11.544 -1.611 -11.544 -1.611 -11.544 -1.611 -11.544 -1.611 -11.544 -1.611 -11.544 -1.611 -11.544 -1.611 -11.544 -1.611 -11.544 -1.611 -11.544 -1.611 -11.544 -1.611 -11.544 -1.611 -11.544 -1.611 13.458 0.804 0.035 0.003 40.446 39.914
143.000 -11.544 -1.611 -11.544 -1.611 -11.544 -1.611 -11.544 -1.611 -11.544 -1.611 -11.544 -1.611 -11.544 -1.611 -11.544 -1.611 -11.544 -1.611 -11.544 -1.611 -11.544 -1.611 -11.544 -1.611 -11.544 -1.611 -11.544 -1.611 -11.544 -1.611 -11.544 -1.611 -11.544 -1.611 13.458 0.804 0.035 0.003 40.446 39.914
144.000 -11.544 -1.611 -11.544 -1.611 -11.544 -1.611 -11.544 -1.611 -11.544 -1.611 -11.544 -1.611 -11.544 -1.611 -11.544 -1.611 -11.544 -1.611 -11.544 -1.611 -11.544 -1.611 -11.544 -1.611 -11.544 -1.611 -11.544 -1.611 -11.544 -1.611 -11.544 -1.611 -11.544 -1.611 13.458 0.804 0.035 0.003 40.446 39.914
145.000 -11.544 -1.611 -11.544 -1.611 -11.544 -1.611 -11.544 -1.611 -11.544 -1.611 -11.544 -1.611 -11.544 -1.611 -11.544 -1.611 -11.544 -1.611 -11.544 -1.611 -11.544 -1.611 -11.544 -1.611 -11.544 -1.611 -11.544 -1.611 -11.544 -1.611 -11.544 -1.611 -11.544 -1.611 13.458 0.804 0.035 0.003 40.446 39.914
146.000 -11.544 -1.611 -11.544 -1.611 -11.544 -1.611 -11.544 -1.611 -11.544 -1.611 -11.544 -1.611 -11.544 -1.611 -11.544 -1.611 -11.544 -1.611 -11.544 -1.611 -11.544 -1.611 -11.544 -1.611 -11.544 -1.611 -11.544 -1.611 -11.544 -1.611 -11.544 -1.611 -11.544 -1.611 13.458 0.804 0.035 0.003 40.446 39.914
147.000 -11.544 -1.611 -11.544 -1.611 -11.544 -1.611 -11.544 -1.611 -11.544 -1.611 -11.544 -1.611 -11.544 -1.611 -11.544 -1.611 -11.544 -1.611 -11.544 -1.611 -11.544 -1.611 -11.544 -1.611 -11.544 -1.611 -11.544 -1.611 -11.544 -1.611 -11.544 -1.611 -11.544 -1.611 13.458 0.804 0.035 0.003 40.446 39.914
148.000 -11.544 -1.611 -11.544 -1.611 -11.544 -1.611 -11.544 -1.611 -11.544 -1.611 -11.544 -1.611 -11.544 -1.611 -11.544 -1.611 -11.544 -1.611 -11.544 -1.611 -11.544 -1.611 -11.544 -1.611 -11.544 -1.611 -11.544 -1.611 -11.544 -1.611 -11.544 -1.611 -11.544 -1.611 13.458 0.804 0.035 0.003 40.446 39.914
149.000 -11.544 -1.611 -11.544 -1.611 -11.544 -1.611 -11.544 -1.611 -11.544 -1.611 -11.544 -1.611 -11.544 -1.611 -11.544 -1.611 -11.544 -1.611 -11.544 -1.611 -11.544 -1.611 -11.544 -1.611 -11.544 -1.611 -11.544 -1.611 -11.544 -1.611 -11.544 -1.611 -11.544 -1.611 13.458 0.804 0.035 0.003 40.446 39.914
150.000 -11.544 -1.611 -11.544 -1.611 -11.544 -1.611 -11.544 -1.611 -11.544 -1.611 -11.544 -1.611 -11.544 -1.611 -11.544 -1.611 -11.544 -1.611 -11.544 -1.611 -11.544 -1.611 -11.544 -1.611 -11.544 -1.611 -11.544 -1.611 -11.544 -1.611 -11.544 -1.611 -11.544 -1.611 13.458 0.804 0.035 0.003 40.446 39.914
151.000 -11.544 -1.611 -11.544 -1.611 -11.544 -1.611 -11.544 -1.611 -11.544 -1.611 -11.544 -1.611 -11.544 -1.611 -11.544 -1.611 -11.544 -1.611 -11.544 -1.611 -11.544 -1.611 -11.544 -1.611 -11.544 -1.611 -11.544 -1.611 -11.544 -1.611 -11.544 -1.611 -11.544 -1.611 13.458 0.804 0.035 0.003 40.446 39.914
152.000 -11.544 -1.611 -11.544 -1.611 -11.544 -1.611 -11.544 -1.611 -11.544 -1.611 -11.544 -1.611 -11.544 -1.611 -11.544 -1.611 -11.544 -1.611 -11.544 -1.611 -11.544 -1.611 -11.544 -1.611 -11.544 -1.611 -11.544 -1.611 -11.544 -1.611 -11.544 -1.611 -11.544 -1.611 13.458 0.804 0.035 0.003 40.446 39.914
153.000 -11.544 -1.611 -11.544 -1.611 -11.544 -1.611 -11.544 -1.611 -11.544 -1.611 -11.544 -1.611 -11.544 -1.611 -11.544 -1.611 -11.544 -1.611 -11.544 -1.611 -11.545 -1.611 -11.544 -1.611 -11.544 -1.611 -11.544 -1.611 -11.544 -1.611 -11.544 -1.611 -11.544 -1.611 13.458 0.804 0.035 0.003 40.446 39.914
154.000 -11.544 -1.611 -11.544 -1.611 -11.544 -1.611 -11.544 -1.611 -11.544 -1.611 -11.544 -1.611 -11.544 -1.611 -11.544 -1.611 -11.544 -1.611 -11.544 -1.611 -11.545 -1.611 -11.544 -1.611 -11.544 -1.611 -11.544 -1.611 -11.544 -1.611 -11.544 -1.611 -11.544 -1.611 13.458 0.804 0.035 0.003 40.446 39.914
155.000 -11.544 -1.611 -11.544 -1.611 -11.544 -1.611 -11.544 -1.611 -11.544 -1.611 -11.544 -1.611 -11.544 -1.611 -11.544 -1.611 -11.544 -1.611 -11.544 -1.611 -11.545 -1.611 -11.544 -1.611 -11.544 -1.611 -11.544 -1.611 -11.544 -1.611 -11.544 -1.611 -11.544 -1.611 13.458 0.804 0.035 0.003 40.446 39.914
156.000 -11.544 -1.611 -11.544 -1.611 -11.544 -1.611 -11.544 -1.611 -11.544 -1.611 -11.544 -1.611 -11.544 -1.611 -11.544 -1.611 -11.544 -1.611 -11.545 -1.611 -11.545 -1.611 -11.544 -1.611 -11.544 -1.611 -11.544 -1.611 -11.544 -1.611 -11.544 -1.611 -11.544 -1.611 13.457 0.804 0.035 0.003 40.446 39.914
157.000 -11.545 -1.611 -11.545 -1.611 -11.545 -1.611 -11.545 -1.611 -11.544 -1.611 -11.545 -1.611 -11.544 -1.611 -11.544 -1.611 -11.544 -1.611 -11.545 -1.611 -11.546 -1.611 -11.544 -1.611 -11.544 -1.611 -11.544 -1.611 -11.544 -1.611 -11.544 -1.611 -11.544 -1.611 13.457 0.804 0.035 0.003 40.446 39.914
158.000 -11.545 -1.611 -11.545 -1.611 -11.545 -1.611 -11.545 -1.611 -11.544 -1.611 -11.545 -1.611 -11.544 -1.611 -11.544 -1.611 -11.544 -1.611 -11.545 -1.611 -11.546 -1.611 -11.544 -1.611 -11.544 -1.611 -11.544 -1.611 -11.544 -1.611 -11.544 -1.611 -11.544 -1.611 13.457 0.804 0.035 0.003 40.446 39.914
159.000 -11.545 -1.611 -11.545 -1.611 -11.545 -1.611 -11.545 -1.611 -11.544 -1.611 -11.545 -1.611 -11.545 -1.611 -11.544 -1.611 -11.544 -1.611 -11.545 -1.611 -11.548 -1.611 -11.544 -1.611 -11.544 -1.611 -11.544 -1.611 -11.545 -1.611 -11.544 -1.611 -11.544 -1.611 13.456 0.804 0.035 0.003 40.446 39.914
160.000 -11.545 -1.611 -11.545 -1.611 -11.545 -1.611 -11.545 -1.611 -11.544 -1.611 -11.545 -1.611 -11.545 -1.611 -11.544 -1.611 -11.544 -1.611 -11.546 -1.611 -11.550 -1.611 -11.544 -1.611 -11.544 -1.611 -11.544 -1.611 -11.545 -1.611 -11.544 -1.611 -11.544 -1.611 13.456 0.804 0.035 0.003 40.446 39.914
161.000 -11.546 -1.611 -11.546 -1.611 -11.546 -1.611 -11.546 -1.611 -11.544 -1.611 -11.546 -1.611 -11.545 -1.611 -11.544 -1.611 -11.544 -1.611 -11.547 -1.611 -11.554 -1.611 -11.544 -1.611 -11.544 -1.611 -11.544 -1.611 -11.545 -1.611 -11.544 -1.611 -11.544 -1.611 13.454 0.804 0.035 0.003 40.446 39.914
162.000 -11.546 -1.611 -11.547 -1.611 -11.546 -1.611 -11.547 -1.611 -11.544 -1.611 -11.547 -1.611 -11.545 -1.611 -11.544 -1.611 -11.544 -1.611 -11.548 -1.611 -11.560 -1.611 -11.544 -1.611 -11.544 -1.611 -11.544 -1.611 -11.545 -1.611 -11.544 -1.611 -11.544 -1.611 13.453 0.804 0.035 0.003 40.446 39.915
163.000 -11.548 -1.611 -11.548 -1.611 -11.548 -1.611 -11.548 -1.611 -11.544 -1.611 -11.549 -1.611 -11.546 -1.611 -11.544 -1.611 -11.544 -1.611 -11.551 -1.611 -11.570 -1.611 -11.544 -1.611 -11.544 -1.611 -11.544 -1.611 -11.546 -1.611 -11.544 -1.611 -11.544 -1.611 13.451 0.805 0.035 0.003 40.447 39.915
164.000 -11.550 -1.611 -11.551 -1.611 -11.550 -1.611 -11.551 -1.611 -11.544 -1.611 -11.552 -1.611 -11.547 -1.611 -11.544 -1.611 -11.544 -1.611 -11.556 -1.611 -11.585 -1.611 -11.544 -1.611 -11.544 -1.611 -11.544 -1.611 -11.548 -1.611 -11.544 -1.611 -11.544 -1.611 13.449 0.805 0.035 0.003 40.448 39.916
165.000 -11.554 -1.611 -11.555 -1.611 -11.554 -1.611 -11.556 -1.611 -11.544 -1.611 -11.557 -1.611 -11.549 -1.611 -11.544 -1.611 -11.544 -1.611 -11.563 -1.611 -11.607 -1.611 -11.544 -1.611 -11.544 -1.611 -11.544 -1.611 -11.550 -1.611 -11.544 -1.611 -11.544 -1.611 13.447 0.806 0.035 0.003 40.449 39.918
166.000 -11.560 -1.611 -11.561 -1.611 -11.561 -1.611 -11.563 -1.611 -11.544 -1.611 -11.566 -1.611 -11.553 -1.611 -11.545 -1.611 -11.544 -1.611 -11.575 -1.611 -11.638 -1.610 -11.544 -1.611 -11.545 -1.611 -11.544 -1.611 -11.554 -1.611 -11.544 -1.611 -11.544 -1.611 13.448 0.808 0.035 0.003 40.451 39.921
167.000 -11.569 -1.611 -11.571 -1.611 -11.570 -1.611 -11.573 -1.611 -11.544 -1.611 -11.578 -1.611 -11.558 -1.611 -11.545 -1.611 -11.544 -1.611 -11.592 -1.611 -11.684 -1.610 -11.544 -1.611 -11.545 -1.611 -11.544 -1.611 -11.560 -1.611 -11.544 -1.611 -11.544 -1.611 13.455 0.813 0.035 0.003 40.454 39.927
168.000 -11.583 -1.611 -11.587 -1.611 -11.585 -1.611 -11.590 -1.611 -11.544 -1.611 -11.597 -1.611 -11.567 -1.611 -11.545 -1.611 -11.544 -1.611 -11.620 -1.611 -11.747 -1.609 -11.544 -1.611 -11.545 -1.611 -11.544 -1.611 -11.569 -1.611 -11.544 -1.611 -11.544 -1.611 13.472 0.824 0.035 0.003 40.459 39.936
169.000 -11.603 -1.611 -11.609 -1.611 -11.606 -1.611 -11.614 -1.611 -11.544 -1.611 -11.625 -1.611 -11.581 -1.611 -11.545 -1.611 -11.544 -1.611 -11.660 -1.611 -11.834 -1.606 -11.544 -1.611 -11.545 -1.611 -11.544 -1.611 -11.584 -1.611 -11.544 -1.611 -11.544 -1.611 13.511 0.845 0.035 0.003 40.466 39.953
170.000 -11.633 -1.611 -11.642 -1.611 -11.637 -1.611 -11.649 -1.611 -11.544 -1.611 -11.666 -1.611 -11.601 -1.611 -11.546 -1.611 -11.544 -1.611 -11.717 -1.611 -11.950 -1.602 -11.544 -1.611 -11.546 -1.611 -11.544 -1.611 -11.606 -1.611 -11.544 -1.611 -11.544 -1.611 13.584 0.885 0.035 0.003 40.476 39.980
171.000 -11.674 -1.610 -11.688 -1.610 -11.680 -1.610 -11.698 -1.610 -11.544 -1.611 -11.723 -1.610 -11.632 -1.611 -11.547 -1.611 -11.544 -1.611 -11.799 -1.610 -12.103 -1.594 -11.544 -1.611 -11.548 -1.611 -11.544 -1.611 -11.639 -1.611 -11.544 -1.611 -11.544 -1.611 13.714 0.955 0.035 0.003 40.491 40.023
172.000 -11.732 -1.610 -11.751 -1.610 -11.741 -1.610 -11.766 -1.610 -11.544 -1.611 -11.803 -1.610 -11.675 -1.611 -11.549 -1.611 -11.544 -1.611 -11.912 -1.610 -12.298 -1.582 -11.544 -1.611 -11.550 -1.611 -11.544 -1.611 -11.687 -1.611 -11.544 -1.611 -11.544 -1.611 13.931 1.074 0.035 0.004 40.511 40.086
173.000 -11.810 -1.608 -11.837 -1.608 -11.822 -1.608 -11.858 -1.608 -11.544 -1.611 -11.910 -1.608 -11.737 -1.610 -11.553 -1.611 -11.544 -1.611 -12.065 -1.608 -12.542 -1.562 -11.544 -1.611 -11.554 -1.611 -11.544 -1.611 -11.754 -1.610 -11.544 -1.611 -11.544 -1.611 14.273 1.267 0.034 0.004 40.539 40.173
174.000 -11.912 -1.606 -11.950 -1.606 -11.929 -1.606 -11.980 -1.606 -11.544 -1.611 -12.051 -1.606 -11.822 -1.610 -11.558 -1.611 -11.544 -1.611 -12.266 -1.606 -12.843 -1.533 -11.544 -1.611 -11.560 -1.611 -11.544 -1.611 -11.847 -1.610 -11.544 -1.611 -11.544 -1.611 14.793 1.574 0.033 0.005 40.576 40.285
175.000 -12.044 -1.601 -12.096 -1.601 -12.068 -1.601 -12.136 -1.601 -11.544 -1.611 -12.233 -1.601 -11.937 -1.608 -11.566 -1.611 -11.544 -1.611 -12.525 -1.601 -13.202 -1.490 -11.544 -1.611 -11.569 -1.611 -11.544 -1.611 -11.972 -1.608 -11.544 -1.611 -11.544 -1.611 15.565 2.063 0.032 0.005 40.624 40.424
176.000 -12.211 -1.593 -12.280 -1.593 -12.241 -1.593 -12.333 -1.593 -11.544 -1.611 -12.461 -1.593 -12.088 -1.605 -11.579 -1.611 -11.544 -1.611 -12.851 -1.593 -13.624 -1.431 -11.544 -1.611 -11.584 -1.611 -11.544 -1.611 -12.137 -1.605 -11.544 -1.611 -11.544 -1.611 16.696 2.860 0.030 0.006 40.687 40.593
177.000 -12.414 -1.581 -12.504 -1.581 -12.454 -1.581 -12.573 -1.581 -11.544 -1.611 -12.741 -1.581 -12.283 -1.601 -11.599 -1.611 -11.544 -1.611 -13.250 -1.581 -14.106 -1.351 -11.544 -1.611 -11.606 -1.611 -11.544 -1.611 -12.350 -1.601 -11.544 -1.611 -11.544 -1.611 18.355 4.228 0.027 0.007 40.770 40.797
178.000 -12.657 -1.561 -12.773 -1.561 -12.709 -1.561 -12.861 -1.561 -11.544 -1.611 -13.076 -1.561 -12.528 -1.593 -11.628 -1.611 -11.544 -1.611 -13.728 -1.561 -14.645 -1.251 -11.544 -1.611 -11.639 -1.611 -11.544 -1.611 -12.617 -1.593 -11.544 -1.611 -11.544 -1.611 20.831 6.768 0.024 0.008 40.882 41.050
179.000 -12.941 -1.532 -13.086 -1.532 -13.005 -1.531 -13.196 -1.531 -11.544 -1.611 -13.466 -1.531 -12.827 -1.580 -11.670 -1.611 -11.544 -1.611 -14.283 -1.532 -15.232 -1.127 -11.544 -1.611 -11.687 -1.611 -11.544 -1.611 -12.944 -1.580 -11.544 -1.611 -11.544 -1.611 24.650 12.023 0.020 0.010 41.037 41.373
180.000 -13.261 -1.489 -13.440 -1.490 -13.340 -1.489 -13.575 -1.489 -11.544 -1.611 -13.907 -1.489 -13.185 -1.560 -11.729 -1.610 -11.544 -1.611 -14.912 -1.489 -15.854 -0.982 -11.544 -1.611 -11.754 -1.610 -11.544 -1.611 -13.334 -1.560 -11.544 -1.611 -11.544 -1.611 30.814 24.519 0.017 0.011 41.257 41.796
181.000 -13.613 -1.431 -13.829 -1.431 -13.708 -1.430 -13.992 -1.431 -11.544 -1.611 -14.391 -1.431 -13.601 -1.530 -11.812 -1.610 -11.544 -1.611 -15.603 -1.431 -16.494 -0.820 -11.544 -1.611 -11.847 -1.610 -11.544 -1.611 -13.788 -1.531 -11.544 -1.611 -11.544 -1.611 40.000 55.955 0.014 0.015 41.530 42.308
182.000 -13.988 -1.353 -14.243 -1.354 -14.100 -1.353 -14.435 -1.353 -11.544 -1.611 -14.907 -1.353 -14.071 -1.488 -11.922 -1.608 -11.544 -1.611 -16.339 -1.353 -17.134 -0.645 -11.544 -1.611 -11.973 -1.608 -11.544 -1.611 -14.301 -1.488 -11.544 -1.611 -11.544 -1.611 40.000 77.561 0.014 0.020 41.528 42.447
183.000 -14.373 -1.253 -14.669 -1.254 -14.502 -1.253 -14.891 -1.253 -11.544 -1.611 -15.437 -1.253 -14.587 -1.429 -12.069 -1.606 -11.544 -1.611 -17.096 -1.254 -17.749 -0.468 -11.544 -1.611 -12.140 -1.606 -11.544 -1.611 -14.865 -1.429 -11.544 -1.611 -11.544 -1.611 38.075 98.441 0.014 0.028 41.470 42.514
184.000 -14.755 -1.129 -15.091 -1.130 -14.901 -1.129 -15.341 -1.129 -11.544 -1.611 -15.961 -1.129 -15.136 -1.350 -12.257 -1.601 -11.544 -1.611 -17.845 -1.130 -18.318 -0.299 -11.544 -1.611 -12.354 -1.601 -11.544 -1.611 -15.464 -1.350 -11.544 -1.611 -11.544 -1.611 33.220 109.794 0.016 0.041 41.320 42.473
185.000 -15.115 -0.981 -15.489 -0.982 -15.277 -0.980 -15.767 -0.981 -11.544 -1.611 -16.457 -0.981 -15.700 -1.250 -12.494 -1.593 -11.544 -1.611 -18.553 -0.982 -18.816 -0.159 -11.544 -1.611 -12.625 -1.594 -11.544 -1.611 -16.079 -1.250 -11.544 -1.611 -11.544 -1.611 12.059 20.740 0.044 0.098 40.457 41.371
186.000 -15.437 -0.809 -15.846 -0.810 -15.613 -0.808 -16.148 -0.809 -11.544 -1.611 -16.900 -0.809 -16.257 -1.125 -12.784 -1.581 -11.544 -1.611 -19.186 -0.810 -19.222 -0.106 -11.544 -1.611 -12.956 -1.582 -11.544 -1.611 -16.688 -1.125 -11.544 -1.611 -11.544 -1.611 12.323 31.275 0.043 0.139 40.474 41.556
187.000 -15.704 -0.616 -16.141 -0.617 -15.892 -0.615 -16.463 -0.616 -11.544 -1.611 -17.267 -0.616 -16.783 -0.976 -13.131 -1.561 -11.544 -1.611 -19.710 -0.617 -19.518 -0.156 -11.544 -1.611 -13.353 -1.562 -11.544 -1.611 -17.262 -0.976 -11.544 -1.611 -11.544 -1.611 40.000 343.501 0.013 0.084 41.499 43.063
188.000 -15.901 -0.406 -16.359 -0.407 -16.097 -0.405 -16.696 -0.405 -11.544 -1.611 -17.538 -0.406 -17.251 -0.804 -13.535 -1.532 -11.544 -1.611 -20.098 -0.407 -19.690 -0.202 -11.544 -1.611 -13.816 -1.534 -11.544 -1.611 -17.773 -0.804 -11.544 -1.611 -11.544 -1.611 40.000 341.258 0.013 0.084 41.499 43.061
189.000 -16.016 -0.184 -16.488 -0.185 -16.217 -0.183 -16.833 -0.183 -11.544 -1.611 -17.697 -0.184 -17.638 -0.610 -13.992 -1.490 -11.544 -1.611 -20.326 -0.185 -19.730 -0.209 -11.544 -1.611 -14.340 -1.492 -11.544 -1.611 -18.197 -0.610 -11.544 -1.611 -11.544 -1.611 40.000 473.032 0.013 0.119 41.499 43.204
190.000 -16.044 -0.044 -16.519 -0.042 -16.246 -0.045 -16.865 -0.044 -11.544 -1.611 -17.735 -0.044 -17.923 -0.400 -14.495 -1.432 -11.544 -1.611 -20.381 -0.043 -19.635 -0.172 -11.544 -1.611 -14.917 -1.435 -11.544 -1.611 -18.507 -0.400 -11.544 -1.611 -11.544 -1.611 40.000 49.124 0.049 0.054 42.640 43.371
191.000 -15.982 -0.270 -16.451 -0.269 -16.181 -0.271 -16.792 -0.270 -11.544 -1.611 -17.650 -0.270 -18.088 -0.180 -15.030 -1.355 -11.544 -1.611 -20.260 -0.269 -19.412 -0.091 -11.544 -1.611 -15.532 -1.358 -11.544 -1.611 -18.688 -0.179 -11.544 -1.611 -11.544 -1.611 40.000 394.432 0.017 0.124 41.703 43.328
192.000 -15.834 -0.488 -16.288 -0.487 -16.026 -0.489 -16.617 -0.488 -11.544 -1.611 -17.446 -0.488 -18.124 -0.063 -15.580 -1.256 -11.544 -1.611 -19.971 -0.487 -19.069 -0.033 -11.544 -1.611 -16.166 -1.260 -11.544 -1.611 -18.728 -0.055 -11.544 -1.611 -11.544 -1.611 40.000 1074.415 0.017 0.335 41.703 43.763
193.000 -15.609 -0.692 -16.040 -0.691 -15.790 -0.693 -16.350 -0.693 -11.544 -1.611 -17.136 -0.692 -18.029 -0.280 -16.125 -1.133 -11.544 -1.611 -19.529 -0.691 -18.623 -0.181 -11.544 -1.611 -16.795 -1.138 -11.544 -1.611 -18.625 -0.277 -11.544 -1.611 -11.544 -1.611 40.000 364.139 0.013 0.091 41.515 43.105
194.000 -15.319 -0.878 -15.720 -0.877 -15.487 -0.879 -16.007 -0.878 -11.544 -1.611 -16.737 -0.878 -17.808 -0.496 -16.640 -0.986 -11.544 -1.611 -18.960 -0.877 -18.093 -0.351 -11.544 -1.611 -17.390 -0.991 -11.544 -1.611 -18.385 -0.495 -11.544 -1.611 -11.544 -1.611 40.000 231.047 0.013 0.056 41.494 42.886
195.000 -14.980 -1.041 -15.345 -1.040 -15.133 -1.042 -15.607 -1.041 -11.544 -1.611 -16.271 -1.041 -17.476 -0.700 -17.100 -0.816 -11.544 -1.611 -18.295 -1.040 -17.502 -0.533 -11.544 -1.611 -17.924 -0.822 -11.544 -1.611 -18.022 -0.698 -11.544 -1.611 -11.544 -1.611 40.000 178.243 0.013 0.043 41.489 42.769
196.000 -14.610 -1.180 -14.936 -1.179 -14.745 -1.180 -15.169 -1.180 -11.544 -1.611 -15.761 -1.180 -17.049 -0.884 -17.482 -0.626 -11.544 -1.611 -17.568 -1.179 -16.874 -0.714 -11.544 -1.611 -18.369 -0.631 -11.544 -1.611 -17.557 -0.883 -11.544 -1.611 -11.544 -1.611 40.000 154.483 0.013 0.038 41.494 42.711
197.000 -14.225 -1.294 -14.511 -1.294 -14.343 -1.295 -14.714 -1.294 -11.544 -1.611 -15.232 -1.294 -16.552 -1.046 -17.764 -0.421 -11.544 -1.611 -16.813 -1.294 -16.231 -0.887 -11.544 -1.611 -18.700 -0.424 -11.544 -1.611 -17.014 -1.045 -11.544 -1.611 -11.544 -1.611 40.000 159.421 0.013 0.039 41.494 42.725
198.000 -13.842 -1.385 -14.087 -1.385 -13.943 -1.386 -14.261 -1.385 -11.544 -1.611 -14.705 -1.385 -16.009 -1.184 -17.930 -0.215 -11.544 -1.611 -16.061 -1.385 -15.596 -1.044 -11.544 -1.611 -18.898 -0.211 -11.544 -1.611 -16.421 -1.183 -11.544 -1.611 -11.544 -1.611 40.000 233.366 0.013 0.058 41.494 42.892
199.000 -13.475 -1.455 -13.681 -1.455 -13.560 -1.456 -13.826 -1.455 -11.544 -1.611 -14.200 -1.455 -15.446 -1.298 -17.971 -0.117 -11.544 -1.611 -15.339 -1.455 -14.986 -1.181 -11.544 -1.611 -18.951 -0.084 -11.544 -1.611 -15.807 -1.297 -11.544 -1.611 -11.544 -1.611 40.000 416.473 0.013 0.106 41.494 43.144
