"Time (MJD)" GAIA/GAIA0.G GAIA/GAIA0.G_err Misc/Atlas.cyan Misc/Atlas.cyan_err Misc/Atlas.orange Misc/Atlas.orange_err PAN-STARRS/PS1.g PAN-STARRS/PS1.g_err PAN-STARRS/PS1.i PAN-STARRS/PS1.i_err PAN-STARRS/PS1.r PAN-STARRS/PS1.r_err PAN-STARRS/PS1.w PAN-STARRS/PS1.w_err PAN-STARRS/PS1.z PAN-STARRS/PS1.z_err Palomar/ZTF.g Palomar/ZTF.g_err Palomar/ZTF.r Palomar/ZTF.r_err "Temp./1e3 (K)" "Temp. Err." "Radius/1e15 (cm)" "Radius Err." "Log10(Bol. Lum)" "Log10(Bol. Err)"
-13.000 -15.180 -0.703 -15.210 -0.665 -15.309 -0.575 -15.370 -0.728 -15.364 -0.789 -15.347 -0.879 -15.317 -0.979 -15.248 -1.145 -14.878 -1.654 -14.074 -2.303 9.211 1.528 0.306 0.076 41.682 41.601
-12.000 -16.049 -0.303 -16.084 -0.249 -16.201 -0.093 -16.280 -0.389 -16.275 -0.455 -16.259 -0.542 -16.228 -0.631 -16.154 -0.769 -15.750 -1.168 -14.856 -1.734 10.245 1.850 0.400 0.105 42.098 42.049
-11.000 -16.668 -0.220 -16.706 -0.196 -16.835 -0.187 -16.924 -0.344 -16.919 -0.373 -16.902 -0.409 -16.871 -0.442 -16.792 -0.490 -16.361 -0.648 -15.402 -1.101 11.347 2.579 0.451 0.137 42.381 42.420
-10.000 -17.069 -0.044 -17.108 -0.018 -17.239 -0.140 -17.326 -0.282 -17.320 -0.293 -17.301 -0.298 -17.266 -0.293 -17.182 -0.260 -16.725 -0.020 -15.715 -0.668 12.889 0.559 0.443 0.022 42.587 41.890
-9.000 -17.312 -0.245 -17.350 -0.246 -17.476 -0.306 -17.548 -0.454 -17.539 -0.477 -17.515 -0.503 -17.475 -0.525 -17.382 -0.553 -16.894 -0.642 -15.840 -1.047 16.054 6.499 0.392 0.167 42.862 43.124
-8.000 -17.447 -0.349 -17.483 -0.353 -17.599 -0.428 -17.649 -0.642 -17.636 -0.684 -17.605 -0.739 -17.559 -0.795 -17.454 -0.881 -16.933 -1.145 -15.838 -1.612 17.134 7.733 0.387 0.177 42.964 43.270
-7.000 -17.501 -0.222 -17.535 -0.233 -17.639 -0.358 -17.668 -0.658 -17.650 -0.716 -17.613 -0.792 -17.560 -0.871 -17.445 -0.996 -16.893 -1.371 -15.762 -1.931 18.139 8.607 0.368 0.175 43.019 43.346
-6.000 -17.493 -0.043 -17.525 -0.057 -17.621 -0.232 -17.634 -0.544 -17.612 -0.602 -17.571 -0.680 -17.513 -0.761 -17.390 -0.892 -16.814 -1.306 -15.658 -1.938 17.544 8.238 0.372 0.183 42.970 43.296
-5.000 -17.453 -0.259 -17.484 -0.249 -17.577 -0.254 -17.582 -0.390 -17.559 -0.426 -17.515 -0.479 -17.455 -0.539 -17.327 -0.644 -16.738 -1.039 -15.564 -1.721 18.906 9.637 0.353 0.172 43.055 43.409
-4.000 -17.424 -0.293 -17.456 -0.280 -17.550 -0.238 -17.554 -0.208 -17.530 -0.215 -17.486 -0.234 -17.424 -0.267 -17.295 -0.346 -16.698 -0.730 -15.511 -1.450 17.038 7.798 0.403 0.179 42.989 43.297
-3.000 -17.434 -0.162 -17.466 -0.151 -17.564 -0.113 -17.571 -0.026 -17.548 -0.012 -17.504 -0.044 -17.442 -0.092 -17.313 -0.184 -16.710 -0.562 -15.510 -1.251 11.554 2.616 0.658 0.178 42.740 42.763
-2.000 -17.471 -0.031 -17.504 -0.037 -17.606 -0.085 -17.619 -0.141 -17.596 -0.151 -17.553 -0.166 -17.492 -0.187 -17.362 -0.236 -16.756 -0.507 -15.545 -1.095 11.207 2.116 0.642 0.172 42.666 42.633
-1.000 -17.491 -0.100 -17.526 -0.101 -17.632 -0.119 -17.653 -0.140 -17.631 -0.142 -17.589 -0.146 -17.529 -0.154 -17.402 -0.182 -16.798 -0.401 -15.583 -0.938 13.191 3.734 0.537 0.179 42.794 42.913
-0.000 -17.462 -0.078 -17.498 -0.074 -17.610 -0.069 -17.641 -0.042 -17.621 -0.029 -17.582 -0.013 -17.525 -0.030 -17.402 -0.088 -16.809 -0.356 -15.606 -0.901 9.851 1.447 0.819 0.160 42.653 42.502
1.000 -17.395 -0.033 -17.433 -0.034 -17.551 -0.069 -17.595 -0.120 -17.578 -0.130 -17.543 -0.146 -17.490 -0.168 -17.373 -0.218 -16.801 -0.476 -15.622 -1.025 9.800 1.500 0.764 0.185 42.584 42.476
2.000 -17.333 -0.054 -17.372 -0.056 -17.497 -0.093 -17.557 -0.151 -17.543 -0.162 -17.512 -0.179 -17.465 -0.202 -17.356 -0.255 -16.810 -0.535 -15.662 -1.133 9.732 1.540 0.754 0.187 42.561 42.466
3.000 -17.305 -0.067 -17.346 -0.067 -17.478 -0.090 -17.554 -0.103 -17.544 -0.101 -17.518 -0.101 -17.475 -0.112 -17.375 -0.161 -16.856 -0.485 -15.742 -1.160 8.578 0.950 0.932 0.172 42.525 42.286
4.000 -17.293 -0.056 -17.335 -0.057 -17.474 -0.090 -17.566 -0.088 -17.559 -0.074 -17.539 -0.050 -17.502 -0.034 -17.412 -0.091 -16.924 -0.463 -15.850 -1.191 7.808 0.519 1.103 0.124 42.508 42.051
5.000 -17.245 -0.235 -17.288 -0.221 -17.435 -0.178 -17.545 -0.103 -17.543 -0.084 -17.529 -0.061 -17.499 -0.061 -17.422 -0.130 -16.975 -0.521 -15.958 -1.270 8.719 1.276 0.935 0.200 42.556 42.416
6.000 -17.142 -0.536 -17.186 -0.509 -17.339 -0.397 -17.472 -0.195 -17.475 -0.152 -17.469 -0.095 -17.449 -0.053 -17.387 -0.127 -16.998 -0.576 -16.064 -1.352 8.862 1.633 0.891 0.230 42.543 42.497
7.000 -17.027 -0.822 -17.071 -0.783 -17.229 -0.621 -17.383 -0.331 -17.393 -0.273 -17.395 -0.198 -17.386 -0.129 -17.343 -0.124 -17.023 -0.590 -16.195 -1.380 9.523 1.857 0.776 0.200 42.548 42.519
8.000 -16.977 -0.974 -17.020 -0.928 -17.176 -0.738 -17.341 -0.403 -17.356 -0.339 -17.366 -0.254 -17.366 -0.171 -17.341 -0.113 -17.090 -0.552 -16.379 -1.316 8.807 1.414 0.857 0.191 42.498 42.391
9.000 -17.032 -0.954 -17.071 -0.908 -17.212 -0.714 -17.370 -0.383 -17.386 -0.320 -17.399 -0.237 -17.403 -0.152 -17.389 -0.062 -17.195 -0.467 -16.593 -1.161 8.290 1.015 0.958 0.168 42.490 42.270
10.000 -17.149 -0.804 -17.180 -0.761 -17.295 -0.587 -17.422 -0.305 -17.435 -0.253 -17.446 -0.185 -17.449 -0.114 -17.439 -0.017 -17.281 -0.362 -16.774 -0.958 8.218 0.746 0.996 0.129 42.509 42.158
11.000 -17.237 -0.595 -17.260 -0.559 -17.341 -0.420 -17.428 -0.210 -17.436 -0.174 -17.442 -0.127 -17.442 -0.079 -17.430 -0.023 -17.295 -0.268 -16.864 -0.770 8.304 0.542 0.978 0.091 42.510 42.016
12.000 -17.232 -0.390 -17.249 -0.365 -17.307 -0.268 -17.368 -0.132 -17.373 -0.109 -17.376 -0.080 -17.375 -0.050 -17.363 -0.016 -17.248 -0.198 -16.871 -0.615 8.382 0.362 0.936 0.057 42.489 41.814
13.000 -17.139 -0.225 -17.155 -0.210 -17.216 -0.156 -17.287 -0.084 -17.295 -0.071 -17.302 -0.054 -17.305 -0.036 -17.301 -0.017 -17.207 -0.142 -16.848 -0.462 8.050 0.271 0.963 0.048 42.443 41.667
14.000 -17.005 -0.103 -17.029 -0.097 -17.121 -0.079 -17.244 -0.051 -17.260 -0.044 -17.278 -0.035 -17.292 -0.025 -17.301 -0.015 -17.222 -0.077 -16.820 -0.293 7.184 0.251 1.143 0.066 42.394 41.652
15.000 -16.876 -0.035 -16.912 -0.031 -17.053 -0.029 -17.248 -0.023 -17.275 -0.021 -17.306 -0.018 -17.330 -0.016 -17.350 -0.017 -17.258 -0.023 -16.740 -0.197 6.503 0.268 1.363 0.106 42.374 41.729
16.000 -16.774 -0.033 -16.822 -0.027 -17.008 -0.015 -17.261 -0.005 -17.296 -0.003 -17.333 -0.007 -17.362 -0.012 -17.381 -0.022 -17.235 -0.060 -16.536 -0.260 5.655 0.212 1.843 0.150 42.393 41.739
17.000 -16.708 -0.032 -16.764 -0.027 -16.977 -0.019 -17.254 -0.015 -17.289 -0.014 -17.324 -0.013 -17.348 -0.015 -17.353 -0.021 -17.119 -0.082 -16.217 -0.334 5.576 0.273 1.871 0.205 42.382 41.850
18.000 -16.681 -0.024 -16.739 -0.020 -16.960 -0.016 -17.232 -0.016 -17.263 -0.015 -17.292 -0.012 -17.306 -0.010 -17.292 -0.014 -16.974 -0.093 -15.914 -0.386 5.653 0.268 1.780 0.186 42.363 41.813
19.000 -16.666 -0.029 -16.725 -0.023 -16.947 -0.012 -17.213 -0.019 -17.241 -0.021 -17.267 -0.023 -17.276 -0.026 -17.254 -0.037 -16.902 -0.131 -15.788 -0.455 5.710 0.322 1.721 0.226 42.351 41.890
20.000 -16.615 -0.037 -16.676 -0.030 -16.905 -0.015 -17.187 -0.027 -17.219 -0.029 -17.250 -0.031 -17.265 -0.035 -17.253 -0.048 -16.942 -0.161 -15.903 -0.518 5.570 0.302 1.796 0.234 42.345 41.875
21.000 -16.515 -0.045 -16.579 -0.038 -16.822 -0.024 -17.137 -0.033 -17.177 -0.032 -17.220 -0.030 -17.248 -0.028 -17.261 -0.032 -17.044 -0.155 -16.175 -0.539 5.242 0.218 2.028 0.205 42.345 41.763
22.000 -16.419 -0.050 -16.485 -0.043 -16.738 -0.029 -17.077 -0.036 -17.124 -0.034 -17.176 -0.030 -17.217 -0.023 -17.252 -0.015 -17.130 -0.145 -16.452 -0.540 5.020 0.140 2.198 0.148 42.340 41.583
23.000 -16.399 -0.043 -16.464 -0.036 -16.712 -0.021 -17.046 -0.029 -17.093 -0.028 -17.146 -0.025 -17.189 -0.023 -17.232 -0.031 -17.163 -0.165 -16.635 -0.562 4.920 0.099 2.295 0.120 42.342 41.462
24.000 -16.458 -0.035 -16.519 -0.028 -16.753 -0.019 -17.057 -0.023 -17.099 -0.021 -17.146 -0.020 -17.183 -0.024 -17.220 -0.045 -17.162 -0.195 -16.734 -0.587 5.058 0.076 2.160 0.082 42.338 41.324
25.000 -16.514 -0.058 -16.573 -0.053 -16.796 -0.045 -17.076 -0.034 -17.113 -0.030 -17.154 -0.025 -17.187 -0.027 -17.217 -0.050 -17.163 -0.200 -16.816 -0.564 5.073 0.129 2.160 0.133 42.343 41.546
26.000 -16.492 -0.082 -16.553 -0.077 -16.780 -0.065 -17.064 -0.043 -17.102 -0.037 -17.145 -0.029 -17.179 -0.027 -17.214 -0.044 -17.190 -0.169 -16.935 -0.452 5.312 0.132 1.924 0.109 42.323 41.501
27.000 -16.404 -0.077 -16.469 -0.073 -16.712 -0.061 -17.026 -0.040 -17.069 -0.034 -17.119 -0.028 -17.162 -0.027 -17.211 -0.040 -17.236 -0.115 -17.067 -0.253 5.120 0.133 2.066 0.127 42.320 41.527
28.000 -16.320 -0.057 -16.389 -0.053 -16.648 -0.050 -16.989 -0.039 -17.038 -0.036 -17.095 -0.032 -17.145 -0.032 -17.204 -0.042 -17.259 -0.083 -17.126 -0.048 5.347 0.235 1.811 0.182 42.281 41.707
29.000 -16.274 -0.047 -16.345 -0.045 -16.613 -0.055 -16.962 -0.053 -17.011 -0.049 -17.069 -0.041 -17.118 -0.034 -17.175 -0.034 -17.211 -0.112 -17.028 -0.270 4.819 0.099 2.319 0.124 42.315 41.445
30.000 -16.245 -0.043 -16.318 -0.044 -16.589 -0.066 -16.933 -0.072 -16.979 -0.066 -17.031 -0.054 -17.073 -0.039 -17.116 -0.020 -17.085 -0.162 -16.767 -0.481 4.886 0.090 2.187 0.101 42.288 41.363
31.000 -16.220 -0.054 -16.296 -0.054 -16.577 -0.077 -16.919 -0.087 -16.961 -0.080 -17.007 -0.068 -17.039 -0.050 -17.062 -0.028 -16.937 -0.202 -16.426 -0.622 4.994 0.145 2.034 0.147 42.264 41.531
32.000 -16.228 -0.072 -16.310 -0.069 -16.610 -0.082 -16.962 -0.088 -17.002 -0.081 -17.041 -0.068 -17.064 -0.051 -17.067 -0.033 -16.835 -0.229 -16.103 -0.700 5.097 0.246 1.952 0.228 42.263 41.745
33.000 -16.280 -0.084 -16.369 -0.079 -16.691 -0.082 -17.050 -0.078 -17.086 -0.070 -17.119 -0.056 -17.132 -0.038 -17.111 -0.036 -16.768 -0.257 -15.816 -0.752 5.237 0.375 1.894 0.316 42.284 41.927
34.000 -16.312 -0.087 -16.405 -0.082 -16.739 -0.080 -17.091 -0.067 -17.122 -0.058 -17.144 -0.043 -17.145 -0.030 -17.100 -0.055 -16.656 -0.293 -15.532 -0.803 5.407 0.507 1.793 0.380 42.292 42.044
35.000 -16.248 -0.112 -16.342 -0.106 -16.676 -0.095 -17.012 -0.069 -17.037 -0.059 -17.052 -0.045 -17.043 -0.039 -16.981 -0.073 -16.479 -0.316 -15.291 -0.828 5.779 0.710 1.486 0.388 42.245 42.100
36.000 -16.124 -0.171 -16.217 -0.163 -16.549 -0.136 -16.879 -0.087 -16.904 -0.075 -16.917 -0.059 -16.909 -0.048 -16.848 -0.071 -16.367 -0.299 -15.257 -0.783 6.139 0.917 1.233 0.364 42.187 42.112
37.000 -16.067 -0.210 -16.160 -0.200 -16.492 -0.163 -16.838 -0.098 -16.868 -0.084 -16.891 -0.064 -16.894 -0.046 -16.857 -0.049 -16.478 -0.237 -15.567 -0.656 6.330 0.892 1.154 0.307 42.183 42.072
38.000 -16.138 -0.188 -16.229 -0.178 -16.557 -0.142 -16.922 -0.084 -16.961 -0.072 -16.998 -0.056 -17.018 -0.039 -17.014 -0.027 -16.777 -0.151 -16.119 -0.475 5.782 0.584 1.464 0.297 42.232 41.990
39.000 -16.240 -0.120 -16.323 -0.112 -16.627 -0.084 -16.988 -0.047 -17.031 -0.041 -17.077 -0.034 -17.111 -0.027 -17.136 -0.021 -17.030 -0.067 -16.607 -0.295 5.465 0.379 1.727 0.256 42.278 41.886
40.000 -16.239 -0.073 -16.310 -0.067 -16.572 -0.048 -16.900 -0.026 -16.943 -0.022 -16.993 -0.018 -17.033 -0.015 -17.076 -0.015 -17.069 -0.007 -16.822 -0.168 5.988 0.251 1.374 0.105 42.238 41.594
41.000 -16.143 -0.061 -16.203 -0.056 -16.428 -0.049 -16.729 -0.039 -16.773 -0.035 -16.825 -0.029 -16.872 -0.022 -16.931 -0.017 -17.000 -0.036 -16.868 -0.089 5.679 0.220 1.435 0.116 42.183 41.533
42.000 -16.078 -0.042 -16.134 -0.038 -16.352 -0.043 -16.669 -0.043 -16.720 -0.039 -16.784 -0.032 -16.844 -0.024 -16.926 -0.015 -17.068 -0.050 -16.995 -0.023 5.234 0.136 1.678 0.097 42.178 41.370
43.000 -16.102 -0.082 -16.163 -0.077 -16.406 -0.068 -16.782 -0.052 -16.845 -0.046 -16.925 -0.036 -17.001 -0.025 -17.109 -0.013 -17.309 -0.066 -17.237 -0.109 4.542 0.093 2.562 0.131 42.299 41.415
44.000 -16.140 -0.102 -16.208 -0.097 -16.483 -0.082 -16.909 -0.056 -16.980 -0.048 -17.069 -0.038 -17.155 -0.027 -17.273 -0.018 -17.474 -0.074 -17.329 -0.172 4.312 0.106 3.135 0.204 42.384 41.596
45.000 -16.108 -0.067 -16.180 -0.063 -16.465 -0.058 -16.886 -0.044 -16.954 -0.039 -17.036 -0.032 -17.112 -0.025 -17.210 -0.021 -17.326 -0.052 -17.039 -0.177 4.480 0.139 2.759 0.225 42.340 41.652
46.000 -16.045 -0.025 -16.116 -0.021 -16.386 -0.029 -16.750 -0.033 -16.802 -0.031 -16.862 -0.027 -16.912 -0.023 -16.966 -0.019 -16.938 -0.016 -16.480 -0.180 5.104 0.180 1.776 0.151 42.183 41.529
47.000 -16.040 -0.062 -16.108 -0.056 -16.361 -0.044 -16.662 -0.036 -16.698 -0.034 -16.735 -0.032 -16.760 -0.032 -16.772 -0.036 -16.613 -0.069 -16.035 -0.237 5.569 0.379 1.409 0.212 42.133 41.742
48.000 -16.088 -0.072 -16.158 -0.065 -16.412 -0.049 -16.695 -0.039 -16.725 -0.038 -16.753 -0.038 -16.767 -0.040 -16.762 -0.049 -16.559 -0.098 -15.985 -0.270 5.923 0.459 1.245 0.204 42.133 41.788
49.000 -16.093 -0.052 -16.170 -0.046 -16.449 -0.038 -16.766 -0.035 -16.801 -0.033 -16.837 -0.032 -16.859 -0.032 -16.867 -0.036 -16.722 -0.070 -16.294 -0.225 5.442 0.320 1.546 0.209 42.174 41.728
50.000 -16.009 -0.036 -16.094 -0.032 -16.407 -0.032 -16.778 -0.030 -16.824 -0.028 -16.875 -0.024 -16.914 -0.020 -16.950 -0.017 -16.917 -0.025 -16.716 -0.185 5.035 0.220 1.865 0.195 42.202 41.638
51.000 -15.898 -0.041 -15.991 -0.036 -16.329 -0.030 -16.740 -0.031 -16.793 -0.031 -16.855 -0.031 -16.906 -0.034 -16.964 -0.042 -17.024 -0.094 -17.041 -0.280 4.411 0.096 2.638 0.166 42.274 41.459
52.000 -15.851 -0.044 -15.947 -0.038 -16.297 -0.028 -16.715 -0.033 -16.769 -0.034 -16.831 -0.035 -16.882 -0.039 -16.943 -0.052 -17.035 -0.140 -17.192 -0.377 4.315 0.077 2.784 0.150 42.282 41.393
53.000 -15.877 -0.051 -15.975 -0.047 -16.327 -0.041 -16.726 -0.038 -16.775 -0.036 -16.828 -0.032 -16.871 -0.029 -16.917 -0.036 -16.983 -0.133 -17.187 -0.376 4.465 0.103 2.521 0.162 42.255 41.455
54.000 -15.921 -0.060 -16.020 -0.056 -16.370 -0.052 -16.744 -0.044 -16.785 -0.040 -16.828 -0.034 -16.859 -0.028 -16.886 -0.023 -16.900 -0.091 -17.085 -0.271 4.765 0.160 2.110 0.179 42.214 41.549
55.000 -15.948 -0.045 -16.047 -0.043 -16.393 -0.041 -16.751 -0.041 -16.787 -0.039 -16.823 -0.037 -16.847 -0.036 -16.861 -0.036 -16.832 -0.057 -16.968 -0.118 4.961 0.205 1.890 0.198 42.188 41.613
56.000 -15.965 -0.031 -16.063 -0.024 -16.406 -0.017 -16.763 -0.028 -16.800 -0.029 -16.837 -0.029 -16.860 -0.030 -16.873 -0.033 -16.832 -0.048 -16.909 -0.021 5.321 0.209 1.577 0.147 42.152 41.539
57.000 -15.982 -0.097 -16.077 -0.086 -16.416 -0.053 -16.785 -0.025 -16.827 -0.022 -16.870 -0.019 -16.901 -0.017 -16.926 -0.019 -16.903 -0.044 -16.920 -0.057 5.489 0.306 1.561 0.186 42.198 41.712
58.000 -15.981 -0.159 -16.072 -0.145 -16.399 -0.094 -16.784 -0.034 -16.831 -0.027 -16.884 -0.020 -16.926 -0.018 -16.969 -0.025 -16.982 -0.049 -16.940 -0.038 5.824 0.309 1.396 0.148 42.204 41.681
59.000 -15.949 -0.177 -16.033 -0.162 -16.343 -0.108 -16.733 -0.049 -16.785 -0.042 -16.846 -0.034 -16.898 -0.030 -16.957 -0.035 -17.004 -0.089 -16.901 -0.202 4.972 0.206 1.946 0.190 42.217 41.626
60.000 -15.912 -0.148 -15.989 -0.136 -16.279 -0.100 -16.664 -0.062 -16.720 -0.055 -16.785 -0.044 -16.842 -0.035 -16.910 -0.040 -16.974 -0.171 -16.806 -0.446 4.680 0.122 2.198 0.145 42.218 41.443
61.000 -15.914 -0.136 -15.987 -0.129 -16.264 -0.109 -16.645 -0.075 -16.701 -0.064 -16.768 -0.048 -16.827 -0.036 -16.899 -0.060 -16.960 -0.275 -16.723 -0.694 4.618 0.095 2.260 0.120 42.219 41.346
62.000 -15.954 -0.176 -16.027 -0.168 -16.306 -0.143 -16.693 -0.092 -16.751 -0.078 -16.819 -0.062 -16.879 -0.056 -16.951 -0.093 -16.997 -0.357 -16.694 -0.874 4.605 0.115 2.330 0.151 42.240 41.454
63.000 -15.973 -0.186 -16.050 -0.177 -16.345 -0.150 -16.748 -0.099 -16.807 -0.086 -16.877 -0.073 -16.937 -0.071 -17.007 -0.108 -17.034 -0.383 -16.680 -0.933 4.543 0.135 2.473 0.196 42.268 41.566
64.000 -15.924 -0.144 -16.006 -0.137 -16.318 -0.120 -16.737 -0.088 -16.796 -0.078 -16.865 -0.066 -16.924 -0.062 -16.990 -0.092 -16.992 -0.341 -16.606 -0.866 4.466 0.137 2.565 0.216 42.271 41.590
65.000 -15.844 -0.101 -15.929 -0.097 -16.250 -0.093 -16.668 -0.077 -16.725 -0.068 -16.790 -0.055 -16.844 -0.043 -16.900 -0.054 -16.872 -0.258 -16.473 -0.712 4.489 0.139 2.436 0.205 42.235 41.555
66.000 -15.830 -0.091 -15.915 -0.087 -16.233 -0.083 -16.630 -0.068 -16.682 -0.061 -16.740 -0.049 -16.786 -0.036 -16.830 -0.027 -16.771 -0.167 -16.376 -0.519 4.703 0.175 2.099 0.196 42.186 41.564
67.000 -15.926 -0.081 -16.009 -0.075 -16.312 -0.059 -16.682 -0.042 -16.728 -0.038 -16.779 -0.033 -16.817 -0.027 -16.850 -0.023 -16.776 -0.081 -16.410 -0.325 5.033 0.245 1.813 0.208 42.177 41.655
68.000 -16.056 -0.111 -16.134 -0.102 -16.419 -0.069 -16.763 -0.029 -16.806 -0.023 -16.852 -0.018 -16.888 -0.017 -16.919 -0.021 -16.860 -0.025 -16.560 -0.214 5.947 0.391 1.312 0.170 42.186 41.753
69.000 -16.089 -0.147 -16.161 -0.137 -16.428 -0.101 -16.756 -0.053 -16.799 -0.045 -16.847 -0.036 -16.886 -0.029 -16.926 -0.029 -16.916 -0.072 -16.717 -0.250 5.429 0.250 1.591 0.158 42.195 41.628
70.000 -15.979 -0.113 -16.046 -0.104 -16.298 -0.078 -16.623 -0.055 -16.669 -0.050 -16.723 -0.043 -16.770 -0.036 -16.826 -0.027 -16.885 -0.065 -16.795 -0.268 5.116 0.124 1.721 0.096 42.160 41.329
71.000 -15.814 -0.056 -15.878 -0.053 -16.124 -0.069 -16.460 -0.097 -16.510 -0.098 -16.572 -0.097 -16.628 -0.093 -16.702 -0.082 -16.822 -0.028 -16.802 -0.247 4.921 0.037 1.745 0.032 42.104 40.777
72.000 -15.713 -0.148 -15.778 -0.145 -16.031 -0.150 -16.390 -0.161 -16.446 -0.160 -16.515 -0.156 -16.579 -0.151 -16.665 -0.138 -16.813 -0.130 -16.784 -0.375 4.734 0.057 1.882 0.060 42.103 41.005
73.000 -15.704 -0.186 -15.774 -0.181 -16.047 -0.175 -16.436 -0.167 -16.496 -0.163 -16.570 -0.155 -16.638 -0.147 -16.727 -0.139 -16.854 -0.239 -16.727 -0.628 4.582 0.086 2.095 0.107 42.139 41.241
74.000 -15.717 -0.131 -15.794 -0.127 -16.092 -0.126 -16.508 -0.116 -16.571 -0.108 -16.645 -0.097 -16.711 -0.088 -16.792 -0.101 -16.853 -0.339 -16.554 -0.878 4.422 0.097 2.380 0.148 42.188 41.370
75.000 -15.688 -0.102 -15.772 -0.099 -16.094 -0.105 -16.528 -0.087 -16.589 -0.074 -16.660 -0.056 -16.719 -0.047 -16.781 -0.094 -16.747 -0.420 -16.239 -1.061 4.340 0.115 2.521 0.190 42.206 41.472
76.000 -15.639 -0.159 -15.730 -0.155 -16.072 -0.147 -16.513 -0.104 -16.572 -0.087 -16.636 -0.062 -16.685 -0.049 -16.726 -0.101 -16.588 -0.458 -15.878 -1.151 4.479 0.224 2.279 0.306 42.173 41.698
77.000 -15.628 -0.173 -15.724 -0.167 -16.083 -0.154 -16.529 -0.106 -16.585 -0.088 -16.644 -0.061 -16.686 -0.044 -16.710 -0.095 -16.491 -0.451 -15.627 -1.146 4.624 0.312 2.095 0.366 42.155 41.800
78.000 -15.650 -0.129 -15.749 -0.124 -16.120 -0.118 -16.575 -0.088 -16.630 -0.075 -16.688 -0.055 -16.727 -0.044 -16.744 -0.089 -16.490 -0.414 -15.556 -1.073 4.530 0.300 2.244 0.398 42.179 41.825
79.000 -15.645 -0.075 -15.744 -0.067 -16.114 -0.064 -16.570 -0.062 -16.626 -0.056 -16.684 -0.049 -16.724 -0.054 -16.744 -0.097 -16.500 -0.381 -15.586 -0.992 4.356 0.220 2.492 0.369 42.202 41.756
80.000 -15.596 -0.071 -15.689 -0.059 -16.038 -0.038 -16.469 -0.047 -16.522 -0.048 -16.578 -0.055 -16.617 -0.071 -16.638 -0.117 -16.420 -0.380 -15.579 -0.956 4.427 0.198 2.290 0.304 42.157 41.662
81.000 -15.591 -0.084 -15.673 -0.072 -15.977 -0.044 -16.345 -0.030 -16.390 -0.032 -16.435 -0.043 -16.465 -0.065 -16.477 -0.118 -16.260 -0.385 -15.482 -0.953 4.488 0.212 2.115 0.279 42.112 41.623
82.000 -15.723 -0.083 -15.791 -0.070 -16.041 -0.038 -16.327 -0.018 -16.358 -0.013 -16.386 -0.023 -16.400 -0.047 -16.389 -0.103 -16.133 -0.374 -15.359 -0.949 4.759 0.272 1.796 0.265 42.071 41.643
83.000 -15.940 -0.086 -16.000 -0.070 -16.215 -0.038 -16.440 -0.042 -16.460 -0.039 -16.474 -0.038 -16.473 -0.049 -16.441 -0.094 -16.130 -0.362 -15.308 -0.950 5.977 0.307 1.100 0.121 42.042 41.520
84.000 -16.048 -0.107 -16.109 -0.096 -16.331 -0.077 -16.563 -0.069 -16.584 -0.063 -16.598 -0.054 -16.597 -0.053 -16.563 -0.089 -16.236 -0.369 -15.368 -0.978 6.092 0.408 1.110 0.154 42.083 41.669
85.000 -15.880 -0.106 -15.954 -0.100 -16.229 -0.098 -16.552 -0.083 -16.588 -0.073 -16.623 -0.057 -16.642 -0.048 -16.637 -0.085 -16.370 -0.388 -15.514 -1.020 5.255 0.303 1.528 0.208 42.104 41.655
86.000 -15.478 -0.103 -15.572 -0.096 -15.929 -0.093 -16.396 -0.081 -16.459 -0.071 -16.528 -0.058 -16.582 -0.052 -16.629 -0.091 -16.484 -0.391 -15.705 -1.020 4.297 0.193 2.414 0.313 42.151 41.650
87.000 -15.079 -0.253 -15.191 -0.234 -15.625 -0.171 -16.230 -0.098 -16.319 -0.086 -16.423 -0.071 -16.512 -0.063 -16.611 -0.090 -16.598 -0.356 -15.919 -0.949 3.900 0.236 3.038 0.559 42.182 41.826
88.000 -14.911 -0.504 -15.032 -0.473 -15.508 -0.354 -16.190 -0.182 -16.293 -0.152 -16.417 -0.113 -16.527 -0.073 -16.658 -0.034 -16.728 -0.289 -16.124 -0.852 3.807 0.268 3.304 0.681 42.213 41.911
89.000 -15.020 -0.816 -15.138 -0.776 -15.606 -0.622 -16.280 -0.398 -16.383 -0.362 -16.507 -0.320 -16.617 -0.283 -16.749 -0.246 -16.833 -0.360 -16.257 -0.870 4.197 0.381 2.455 0.619 42.125 41.918
90.000 -15.267 -1.119 -15.374 -1.076 -15.793 -0.908 -16.391 -0.670 -16.481 -0.635 -16.588 -0.595 -16.682 -0.562 -16.793 -0.532 -16.837 -0.617 -16.263 -1.061 4.651 0.455 1.882 0.471 42.072 41.875
91.000 -15.485 -1.282 -15.576 -1.239 -15.929 -1.069 -16.420 -0.833 -16.492 -0.800 -16.577 -0.764 -16.649 -0.735 -16.730 -0.713 -16.719 -0.810 -16.149 -1.231 5.296 0.550 1.372 0.325 42.023 41.822
92.000 -15.602 -1.211 -15.678 -1.167 -15.971 -0.998 -16.370 -0.772 -16.426 -0.743 -16.491 -0.711 -16.545 -0.689 -16.601 -0.675 -16.547 -0.786 -15.995 -1.191 5.892 0.627 1.066 0.234 41.990 41.776
93.000 -15.651 -0.942 -15.719 -0.898 -15.976 -0.730 -16.318 -0.516 -16.365 -0.490 -16.418 -0.464 -16.461 -0.448 -16.502 -0.444 -16.425 -0.551 -15.889 -0.916 6.303 0.681 0.921 0.191 41.980 41.757
94.000 -15.681 -0.649 -15.747 -0.604 -15.996 -0.430 -16.322 -0.214 -16.366 -0.192 -16.416 -0.172 -16.455 -0.164 -16.489 -0.170 -16.398 -0.233 -15.856 -0.548 6.573 0.742 0.874 0.179 42.007 41.793
95.000 -15.686 -0.520 -15.755 -0.477 -16.018 -0.309 -16.360 -0.086 -16.406 -0.059 -16.456 -0.039 -16.495 -0.044 -16.529 -0.064 -16.422 -0.058 -15.841 -0.409 6.881 0.646 0.837 0.135 42.049 41.743
96.000 -15.621 -0.524 -15.697 -0.485 -15.985 -0.336 -16.359 -0.136 -16.408 -0.110 -16.462 -0.087 -16.504 -0.080 -16.539 -0.098 -16.415 -0.223 -15.780 -0.580 6.424 0.799 0.943 0.218 42.033 41.865
97.000 -15.466 -0.494 -15.549 -0.461 -15.866 -0.331 -16.277 -0.141 -16.331 -0.112 -16.391 -0.083 -16.437 -0.073 -16.476 -0.104 -16.344 -0.298 -15.672 -0.696 5.648 0.630 1.178 0.275 42.003 41.813
98.000 -15.262 -0.373 -15.353 -0.348 -15.696 -0.251 -16.145 -0.110 -16.205 -0.088 -16.272 -0.067 -16.325 -0.060 -16.373 -0.087 -16.258 -0.264 -15.596 -0.645 5.252 0.521 1.306 0.292 41.966 41.742
99.000 -15.080 -0.201 -15.176 -0.186 -15.542 -0.133 -16.030 -0.080 -16.098 -0.073 -16.175 -0.066 -16.238 -0.059 -16.303 -0.054 -16.238 -0.136 -15.649 -0.470 4.688 0.352 1.618 0.306 41.955 41.639
100.000 -14.952 -0.101 -15.053 -0.094 -15.439 -0.087 -15.969 -0.107 -16.046 -0.109 -16.136 -0.110 -16.214 -0.109 -16.302 -0.101 -16.320 -0.043 -15.858 -0.283 4.436 0.200 1.732 0.208 41.918 41.396
101.000 -14.855 -0.130 -14.959 -0.120 -15.364 -0.097 -15.939 -0.103 -16.026 -0.107 -16.131 -0.112 -16.225 -0.118 -16.342 -0.125 -16.459 -0.117 -16.152 -0.145 4.341 0.261 1.827 0.316 41.927 41.552
102.000 -14.746 -0.141 -14.853 -0.129 -15.276 -0.084 -15.893 -0.047 -15.990 -0.051 -16.110 -0.060 -16.220 -0.073 -16.364 -0.095 -16.576 -0.136 -16.407 -0.087 4.125 0.223 2.163 0.343 41.985 41.569
103.000 -14.618 -0.115 -14.728 -0.105 -15.164 -0.072 -15.815 -0.022 -15.920 -0.014 -16.050 -0.019 -16.172 -0.036 -16.337 -0.068 -16.614 -0.172 -16.530 -0.312 3.422 0.078 3.946 0.318 42.183 41.450
104.000 -14.503 -0.125 -14.615 -0.116 -15.057 -0.090 -15.722 -0.050 -15.830 -0.041 -15.965 -0.034 -16.092 -0.040 -16.264 -0.077 -16.561 -0.253 -16.487 -0.565 3.335 0.053 4.152 0.239 42.182 41.301
105.000 -14.436 -0.268 -14.546 -0.251 -14.980 -0.187 -15.633 -0.098 -15.738 -0.085 -15.869 -0.072 -15.992 -0.070 -16.156 -0.102 -16.424 -0.313 -16.292 -0.729 3.446 0.088 3.540 0.311 42.100 41.408
106.000 -14.420 -0.432 -14.524 -0.402 -14.936 -0.292 -15.545 -0.147 -15.642 -0.128 -15.761 -0.108 -15.871 -0.099 -16.014 -0.114 -16.214 -0.298 -15.978 -0.732 3.489 0.165 3.217 0.507 42.039 41.604
107.000 -14.445 -0.562 -14.540 -0.522 -14.914 -0.370 -15.455 -0.171 -15.538 -0.146 -15.639 -0.119 -15.730 -0.102 -15.844 -0.095 -15.952 -0.186 -15.598 -0.571 3.586 0.307 2.725 0.731 41.942 41.746
108.000 -14.510 -0.690 -14.595 -0.642 -14.923 -0.457 -15.382 -0.212 -15.450 -0.180 -15.530 -0.147 -15.599 -0.124 -15.679 -0.108 -15.694 -0.112 -15.229 -0.446 4.165 0.463 1.598 0.462 41.739 41.602
109.000 -14.613 -0.847 -14.687 -0.792 -14.969 -0.575 -15.348 -0.253 -15.401 -0.205 -15.461 -0.152 -15.510 -0.121 -15.559 -0.139 -15.489 -0.339 -14.936 -0.721 4.799 0.559 1.104 0.306 41.663 41.523
110.000 -14.704 -1.038 -14.768 -0.976 -15.011 -0.724 -15.322 -0.318 -15.362 -0.253 -15.406 -0.186 -15.438 -0.161 -15.462 -0.235 -15.327 -0.635 -14.714 -1.197 5.251 0.637 0.876 0.236 41.619 41.479
111.000 -14.665 -1.346 -14.721 -1.286 -14.931 -1.044 -15.188 -0.710 -15.219 -0.673 -15.250 -0.642 -15.271 -0.638 -15.277 -0.686 -15.101 -1.066 -14.463 -1.717 6.170 0.788 0.566 0.140 41.519 41.372
112.000 -14.357 -1.881 -14.405 -1.834 -14.586 -1.654 -14.799 -1.436 -14.823 -1.415 -14.846 -1.399 -14.859 -1.398 -14.854 -1.429 -14.665 -1.708 -14.046 -2.287 8.271 1.196 0.275 0.062 41.402 41.268
113.000 -13.708 -2.584 -13.749 -2.553 -13.900 -2.437 -14.074 -2.304 -14.093 -2.292 -14.110 -2.283 -14.118 -2.282 -14.109 -2.301 -13.930 -2.481 -13.374 -2.900 8.811 1.188 0.179 0.036 41.137 40.964
114.000 -12.772 -3.281 -12.804 -3.263 -12.924 -3.195 -13.061 -3.119 -13.075 -3.112 -13.087 -3.107 -13.092 -3.107 -13.083 -3.117 -12.931 -3.221 -12.472 -3.479 8.922 0.957 0.111 0.018 40.749 40.476
115.000 -11.706 -3.829 -11.730 -3.820 -11.819 -3.785 -11.919 -3.746 -11.930 -3.742 -11.938 -3.739 -11.941 -3.739 -11.934 -3.744 -11.817 -3.797 -11.471 -3.934 8.755 0.629 0.069 0.007 40.301 39.855
116.000 -10.704 -4.180 -10.720 -4.176 -10.781 -4.160 -10.850 -4.142 -10.856 -4.141 -10.862 -4.139 -10.864 -4.139 -10.858 -4.141 -10.777 -4.165 -10.536 -4.228 8.646 0.341 0.044 0.003 39.881 39.177
117.000 -9.916 -4.364 -9.927 -4.362 -9.966 -4.356 -10.009 -4.349 -10.014 -4.349 -10.017 -4.348 -10.018 -4.348 -10.014 -4.349 -9.959 -4.358 -9.801 -4.383 8.548 0.124 0.031 0.001 39.551 38.415
118.000 -9.422 -4.439 -9.429 -4.439 -9.454 -4.437 -9.482 -4.434 -9.484 -4.434 -9.486 -4.434 -9.486 -4.434 -9.482 -4.434 -9.444 -4.437 -9.336 -4.447 8.526 0.054 0.024 0.000 39.344 37.847
119.000 -9.242 -4.452 -9.247 -4.451 -9.266 -4.450 -9.285 -4.449 -9.287 -4.449 -9.288 -4.449 -9.287 -4.449 -9.282 -4.449 -9.247 -4.452 -9.155 -4.459 8.580 0.086 0.022 0.000 39.270 37.973
120.000 -9.363 -4.413 -9.368 -4.412 -9.388 -4.410 -9.406 -4.407 -9.407 -4.407 -9.407 -4.407 -9.405 -4.407 -9.399 -4.409 -9.355 -4.416 -9.246 -4.431 8.717 0.058 0.023 0.000 39.324 37.842
121.000 -9.761 -4.296 -9.768 -4.294 -9.795 -4.287 -9.819 -4.280 -9.820 -4.280 -9.819 -4.280 -9.815 -4.281 -9.805 -4.285 -9.740 -4.304 -9.582 -4.345 8.963 0.108 0.026 0.000 39.496 38.271
122.000 -10.400 -4.045 -10.412 -4.040 -10.450 -4.022 -10.484 -4.006 -10.485 -4.005 -10.483 -4.006 -10.478 -4.009 -10.463 -4.016 -10.364 -4.063 -10.131 -4.161 9.350 0.336 0.033 0.002 39.774 39.020
123.000 -11.222 -3.598 -11.237 -3.587 -11.292 -3.548 -11.339 -3.513 -11.340 -3.512 -11.338 -3.513 -11.331 -3.519 -11.308 -3.536 -11.169 -3.635 -10.838 -3.843 9.883 0.695 0.045 0.004 40.133 39.664
124.000 -12.132 -2.933 -12.152 -2.911 -12.225 -2.831 -12.287 -2.760 -12.289 -2.758 -12.285 -2.762 -12.276 -2.773 -12.246 -2.807 -12.061 -3.005 -11.623 -3.396 10.453 1.167 0.063 0.009 40.533 40.259
125.000 -13.014 -2.126 -13.040 -2.085 -13.129 -1.932 -13.206 -1.787 -13.209 -1.783 -13.205 -1.790 -13.193 -1.814 -13.156 -1.883 -12.927 -2.260 -12.385 -2.915 10.666 1.580 0.094 0.018 40.907 40.755
126.000 -13.758 -1.440 -13.787 -1.368 -13.891 -1.077 -13.981 -0.733 -13.983 -0.721 -13.979 -0.742 -13.965 -0.806 -13.922 -0.972 -13.656 -1.659 -13.026 -2.583 9.958 1.561 0.149 0.031 41.192 41.070
127.000 -14.282 -1.284 -14.315 -1.201 -14.429 -0.845 -14.527 -0.276 -14.530 -0.242 -14.525 -0.301 -14.510 -0.438 -14.463 -0.703 -14.171 -1.531 -13.479 -2.521 9.647 1.566 0.204 0.045 41.411 41.306
128.000 -14.558 -1.497 -14.592 -1.429 -14.711 -1.156 -14.814 -0.848 -14.817 -0.838 -14.812 -0.856 -14.796 -0.912 -14.747 -1.060 -14.441 -1.707 -13.717 -2.607 10.652 2.167 0.197 0.051 41.552 41.537
129.000 -14.592 -1.562 -14.626 -1.497 -14.746 -1.243 -14.850 -0.966 -14.852 -0.958 -14.847 -0.973 -14.831 -1.022 -14.782 -1.155 -14.475 -1.762 -13.746 -2.635 10.902 2.310 0.193 0.052 41.575 41.576
130.000 -14.406 -1.377 -14.440 -1.301 -14.556 -0.987 -14.657 -0.586 -14.659 -0.571 -14.654 -0.598 -14.639 -0.677 -14.591 -0.870 -14.293 -1.606 -13.586 -2.557 10.097 1.838 0.200 0.048 41.471 41.412
131.000 -14.020 -1.280 -14.052 -1.197 -14.161 -0.839 -14.254 -0.255 -14.257 -0.218 -14.252 -0.282 -14.238 -0.426 -14.193 -0.696 -13.914 -1.527 -13.253 -2.520 9.529 1.431 0.184 0.038 41.297 41.160
