"Time (MJD)" "Temp./1e3 (K)" "Temp. Err." "Radius/1e15 (cm)" "Radius Err." "Bol. Lum" "Bol. Err"
-12.010 15.032 0.125 0.250 0.000 2273859408934722510266421402562001178198016.000 75500337433350877350141741450239267569664.000
-11.003 14.769 0.127 0.250 0.000 2118956236481689335562256288203960118935552.000 72885366289641488053504590432028789309440.000
-9.996 6.156 0.136 1.068 0.049 1166549011166887534267830751632535010148352.000 16427712784958074180635319746496271745024.000
-8.989 6.182 0.135 1.071 0.049 1192784288712705638451382549536602496958464.000 16456041760656319018653973664955312898048.000
-7.982 6.207 0.134 1.074 0.048 1219604866737460394304222434682694560382976.000 16489406256507455469656997471990541451264.000
-6.975 6.231 0.133 1.077 0.048 1247010689857362761360745391920021602566144.000 16527701070322537862033248530454835888128.000
-5.969 7.649 0.206 0.763 0.037 1421324440546034337428257891403078406504448.000 23969223155606224786348304844607216156672.000
-4.962 7.696 0.206 0.764 0.036 1458625292931211794095609848235398738739200.000 24668320264428112830550804935842319040512.000
-3.955 7.738 0.205 0.765 0.036 1496104459679308747264021544987008700514304.000 25294751337214807062631733240861672079360.000
-2.948 7.224 0.157 0.897 0.036 1560090259386404901934528921741643994890240.000 18866451130148452268630953675996537028608.000
-1.941 7.238 0.155 0.903 0.036 1596657910309096756606183630362371294232576.000 18986566609585103783972664936135150010368.000
-0.934 7.250 0.152 0.911 0.036 1633332079880772502403204796376417229078528.000 19045261299738122278532566945415877885952.000
0.073 6.417 0.097 1.213 0.037 1778149797040640503031455614187763031605248.000 14918635076107284211353526452090629521408.000
1.080 6.431 0.095 1.219 0.037 1812289805186119791266048128751121475829760.000 14869379020097555059394626803245602832384.000
2.087 6.434 0.093 1.229 0.036 1844785495032519305524613986878237874061312.000 14783322589681750762981288508461586317312.000
3.094 6.441 0.091 1.237 0.036 1877048446706994266321901738997437840752640.000 14722496426926157249820073068856386519040.000
4.100 6.432 0.089 1.252 0.035 1911659884726027261873275115246427469512704.000 14709837452263865193250139164393647112192.000
5.107 6.430 0.087 1.262 0.035 1939318146852309834373073991866262673686528.000 14601742357989205838264822589965679460352.000
6.114 6.422 0.085 1.273 0.035 1964757908369829391321639198156023918493696.000 14490786904571012613516182440390313377792.000
7.121 6.400 0.083 1.290 0.034 1989516104707451211990466936994872206295040.000 14408056336618721552849309126712000249856.000
8.128 6.371 0.081 1.309 0.034 2012199055578939718808030399913341470375936.000 14340924652059963639676328155645608984576.000
9.135 6.336 0.078 1.331 0.034 2032791107310843040436987706253022655938560.000 14299086349953723919123474232687101739008.000
10.142 5.872 0.056 1.604 0.032 2180594587472753229197742204668974574075904.000 13084855715733151960650925848031693635584.000
11.149 5.988 0.057 1.530 0.031 2142814425127390448062006790929889349337088.000 12183114338025087325123940975906931081216.000
12.156 6.013 0.057 1.514 0.030 2134593418268736749718486087618981139578880.000 11851133930833155163024640862711751639040.000
13.163 5.949 0.055 1.553 0.030 2152422142445832561681759029778281417146368.000 11933508162288619656320652998196913504256.000
14.169 5.958 0.054 1.544 0.029 2140595604190902518607806673876535077765120.000 11639958164664034703699485616496560832512.000
15.176 6.079 0.056 1.465 0.028 2088065395741931264236874924736722394677248.000 10898443989133542289761981280508650192896.000
16.183 5.992 0.053 1.506 0.028 2081553781679165004411616341150072668422144.000 10874883203277590393515240248121034276864.000
17.190 5.887 0.050 1.555 0.028 2069637675285615075091398237079947878334464.000 10958988012658043707165711616938940039168.000
18.197 5.615 0.044 1.738 0.030 2140093247182029522112299340681659335835648.000 12455555661166520442422636962569208725504.000
19.204 5.510 0.042 1.784 0.031 2090362170550405382544626476983248782098432.000 12619924049000615050836583587992215486464.000
20.211 5.696 0.044 1.662 0.028 2072183033927502656262803961916152166219776.000 11262055121506479218446226951027180961792.000
21.218 5.582 0.042 1.708 0.029 2018886251709193433546543524390225198448640.000 11396104130726123728335252214825116237824.000
22.225 5.315 0.037 1.897 0.031 2047251683200781763200820614639125755068416.000 13046571778588430871303232409848535580672.000
23.232 5.039 0.034 2.095 0.034 2016539697427717616579793970233198189215744.000 14752165647539253655311129747786775396352.000
24.238 5.154 0.034 1.987 0.032 1984844540215643012367089548884101467996160.000 13406010671101724382847745133542742425600.000
25.245 5.142 0.034 1.981 0.031 1953846372247527276062429188707555678879744.000 13116385778947487794784363345775956066304.000
26.252 5.130 0.034 1.974 0.031 1923637882898023134911613613774162567888896.000 12841241366141524294841911890682706919424.000
27.259 5.110 0.033 1.979 0.031 1902137203901226307804349500708762607943680.000 12679331417690064074121289734927748694016.000
28.266 5.098 0.033 1.972 0.030 1873188044397264382702987969332880187850752.000 12427996315023449914457311076854968352768.000
29.273 5.081 0.032 1.971 0.030 1845279439143859037017969351058880590774272.000 12227232930772339961691283875992872943616.000
30.280 5.338 0.036 1.706 0.026 1684140233071335519584406076199909260787712.000 9735758958856842572943324344085465006080.000
31.287 5.269 0.035 1.768 0.027 1715905568706397326729653656506245742329856.000 10186027820858956155097708715053120749568.000
32.294 4.936 0.030 2.073 0.031 1817740548222447248433647100473844281901056.000 12613248862003489885074540788902449381376.000
33.301 5.048 0.031 1.971 0.030 1797011034115831639057632974601418050633728.000 11762279868143299414437836836640307281920.000
34.307 5.123 0.032 1.880 0.028 1735955580037820027981551357253568306348032.000 10887556392760531726631307243652449828864.000
35.314 5.187 0.033 1.809 0.027 1687764225228246692502118505309865156542464.000 10198253364930611615740945413523692847104.000
36.321 5.229 0.034 1.751 0.027 1632203523854930091477516593635021912276992.000 9615572343780286020728646787122755272704.000
37.328 5.274 0.035 1.691 0.026 1577406527472820109793293169560988644540416.000 9049907186643128031594506535334324469760.000
38.335 5.322 0.036 1.633 0.025 1524387585899039894043616892858075826880512.000 8513408469838205671937122023788381208576.000
39.342 4.991 0.031 1.949 0.029 1680212730048442736726000329049552969531392.000 11101536085639661137340170587453056352256.000
40.349 5.105 0.033 1.802 0.027 1571145543982653414665258863932415395495936.000 9807120828958951434874623139688765980672.000
41.356 4.806 0.028 2.145 0.032 1748179359511696081134767035955784766717952.000 12679173558832542036741783636586428104704.000
42.363 4.995 0.031 1.893 0.029 1588590590397622906894007593178750359961600.000 10509677053761233145668830480982412886016.000
43.370 4.762 0.028 2.180 0.033 1741324402070822760925550906868981011841024.000 12926472781597195865254095227786266411008.000
44.376 5.220 0.035 1.643 0.026 1428527647768941320961255415278272658800640.000 8448848383288415400201555063650327199744.000
45.383 4.840 0.029 2.048 0.031 1640130859997614823219134083419615006818304.000 11785637914029433353701456417827537813504.000
46.390 4.892 0.030 1.972 0.030 1586722917058688946294904441872326902939648.000 11162182103031784290743363649546930356224.000
47.397 4.880 0.030 1.977 0.030 1579246325355591584682089947479183288434688.000 11230754067838519637366269126396581249024.000
48.404 4.868 0.030 1.982 0.031 1572235946546819646846321307155266537521152.000 11313749159421013615690308631138167422976.000
49.411 4.879 0.031 1.970 0.031 1567618463957461040917284132687094701096960.000 11255265429756952196699898249410481487872.000
50.418 4.991 0.033 1.838 0.029 1492644822910377624006772875470338449735680.000 10189401712302588231739828576794678657024.000
51.425 4.981 0.033 1.843 0.029 1489123868261774909129123442898831572729856.000 10284330799974119134796522991358874484736.000
52.432 4.771 0.031 2.011 0.033 1493590632478640779978315757757249420787712.000 11729373925498616026900026879747614048256.000
53.439 4.796 0.031 1.982 0.032 1480249015680820043963197611771613614702592.000 11567287825495991810428940031712406011904.000
54.445 4.785 0.031 2.013 0.033 1512415338391135789785285006248334260699136.000 11968289409475664470348548616287833554944.000
55.452 4.835 0.032 1.962 0.033 1498819159922807945279998243812016153165824.000 11665849738623136688858969402147879256064.000
56.459 4.985 0.035 1.833 0.031 1479438661784756208428042648722513619582976.000 10690003418515502228781640462727682981888.000
57.466 5.181 0.039 1.631 0.029 1365121399958660547357775362951168414187520.000 9093414025631210496459405959593164013568.000
58.473 5.052 0.037 1.749 0.031 1419844872194905181907188063515341446184960.000 10244550803217554002818641713492821803008.000
59.480 4.954 0.036 1.847 0.033 1464794892006923371542822107325842059165696.000 11275271469117340525735272881794012151808.000
60.487 4.972 0.037 1.814 0.033 1433490500056270102476275150369521198432256.000 11113889359108336558732382533990282690560.000
61.494 4.884 0.036 1.891 0.034 1448786729997214793672036557237359841640448.000 11891320042072283152087446971839986794496.000
62.501 4.857 0.036 1.903 0.035 1435179666127447085545101382256997248794624.000 12114475808776049517933639659036876996608.000
63.508 4.825 0.036 1.919 0.036 1423314195628622247954759496673961145532416.000 12381548938260693638413190498512032235520.000
64.514 4.798 0.036 1.932 0.037 1409826792528661306385235414673114078904320.000 12620063701046176738341357918860299206656.000
65.521 4.776 0.037 1.960 0.038 1423872362331936950845638218639659002494976.000 13156840251710052443712534958592021757952.000
66.528 4.774 0.038 1.954 0.039 1413580812979009892165343136862080709165056.000 13324672359772433141181656246703366340608.000
67.535 4.533 0.033 2.237 0.044 1505116044874013915224204091164971887493120.000 16022730402817164506073546513711389212672.000
68.542 4.546 0.034 2.198 0.044 1470616593221566161204180904081143076225024.000 15817459549851479259251639279948696387584.000
69.549 4.789 0.040 1.847 0.038 1278062223076260279213546319159894506209280.000 12492751135228724252228130368338083708928.000
70.556 4.789 0.041 1.832 0.039 1258572540853796619298209361149619114868736.000 12495685769163965793187016670736233267200.000
71.563 4.791 0.041 1.816 0.039 1237375610368547491119499348223504643260416.000 12455245120423672056639835615705287360512.000
72.570 4.792 0.042 1.800 0.039 1216650366061966206873937930921190159810560.000 12420641749815474849027050011613173121024.000
73.577 4.792 0.043 1.784 0.040 1196372538426030610101203921477648924016640.000 12391231688984799307950677666672760848384.000
74.583 4.790 0.043 1.771 0.040 1176747291683132792490123920353191591411712.000 12381388007861218800340749913637261410304.000
75.590 4.773 0.043 1.770 0.040 1159180094214097580589276610396474958675968.000 12476615431897843342383367123424946159616.000
76.597 4.755 0.044 1.771 0.041 1142984260939965173842536321906210626338816.000 12588911354363754870664130261408521650176.000
77.604 4.736 0.044 1.776 0.042 1130956255208514374368290681609863892566016.000 12748857769737981758130848072069063639040.000
78.611 4.713 0.044 1.784 0.042 1118296051782848477431014610870484294696960.000 12922975588155111229882892408025008570368.000
79.618 4.868 0.047 1.649 0.039 1087317422630047946428091291578123876827136.000 11585838335536450851754543798150592724992.000
80.625 4.815 0.046 1.671 0.040 1069563763752734386628869186510409598763008.000 11912251329083720527280663748495110307840.000
81.632 4.785 0.047 1.678 0.041 1051517578180105235170383431602963444924416.000 12120757935816933075162533417650195791872.000
82.639 4.787 0.055 1.660 0.046 1031525644597013832328896944898915197517824.000 12348140648513246933026025032637143318528.000
83.646 4.816 0.056 1.623 0.046 1009304609402093436185814430907174888669184.000 12073411782962269374252823236604457910272.000
84.652 4.834 0.058 1.598 0.046 993943946356688179236300291342073654673408.000 11932726309270094587646686194869223817216.000
85.659 4.906 0.073 1.534 0.053 971685392187677414823083270124208690036736.000 12045154066350779572210445805702485114880.000
86.666 4.870 0.073 1.545 0.054 956376360689319247422116883899843484844032.000 12339154340235327185521855593356206276608.000
87.673 4.602 0.065 1.821 0.066 1059354160963460482433339995358752585809920.000 18468149084850439473823918857675996135424.000
88.680 4.577 0.065 1.827 0.067 1044225924457882884900848921422111669485568.000 18698185049162310634459636879867609350144.000
89.687 4.549 0.065 1.838 0.068 1030467189104681257178887935966567882293248.000 18983843017897331273146925136727802642432.000
90.694 4.519 0.065 1.850 0.069 1017459517628683444879900220998911925420032.000 19292870722752042165371453362529326071808.000
91.701 4.489 0.065 1.863 0.070 925307319548511879928577078147474549374976.000 17999780750668565117750395347185403166720.000
92.708 4.460 0.065 1.877 0.072 847512927426163272214179975512222150426624.000 16800088882657682392090228885315955720192.000
93.715 4.430 0.065 1.890 0.073 781570135279324082293097862323402440704000.000 15685970967848919973900562793269378940928.000
94.721 4.402 0.065 1.903 0.074 725687006020120474458483574857153418100736.000 14634543728261936474346843854182104956928.000
95.728 4.380 0.064 1.910 0.075 677503833111619321244214867205652641480704.000 13576273263367230811910214849973922562048.000
96.735 4.360 0.065 1.910 0.076 632973070955577868782569553291694468759552.000 12561446632797788998036323483462183944192.000
97.742 4.358 0.066 1.881 0.076 584916678441106665261404068298348013027328.000 11425002037740030695578639269572051468288.000
98.749 4.355 0.067 1.853 0.077 543569012493634138620862417269363981680640.000 10414275199017888249556990640543127044096.000
99.756 4.372 0.069 1.803 0.076 507152895730849993942636141305830804815872.000 9361489093902030978774088163454479237120.000
100.763 2.500 0.000 3.837 0.019 469384662007335321526831557072883325861888.000 7859778750928888831802179314905937608704.000
101.770 2.500 0.000 3.752 0.019 438209003540167797917952291801918416617472.000 6915429443616779468302302250659632644096.000
102.777 2.500 0.000 3.681 0.019 416522633813369581600973290989097884581888.000 6628557775666304066580887416010270834688.000
103.784 2.500 0.000 3.612 0.021 389617961440012035360291997955200932380672.000 6032576290451045243559783317323636539392.000
104.790 2.500 0.000 3.546 0.021 369286370362139253376171053250875534344192.000 4900563225183875458164425331818589323264.000
105.797 2.500 0.000 3.455 0.021 346866335395636324518912967523934037606400.000 4350244612823767243529397980073044213760.000
106.804 2.500 0.000 3.293 0.020 312964597508147239218661795311281967726592.000 3907171340079749860567923819950651736064.000
107.811 2.500 0.000 3.118 0.022 279581852950017655789557650746892418547712.000 4780178240951635290426290504050491260928.000
108.818 2.500 0.000 3.031 0.021 262688434367349424681890514509517610287104.000 3999872912335601965861733851234436120576.000
109.825 2.500 0.000 3.114 0.028 274952658007383783848240068636563889717248.000 5033145130367905009918540393763005530112.000
110.832 2.500 0.000 3.026 0.028 254804816671020288239529113576060464660480.000 4725600327134571111917211924056925798400.000
111.839 2.500 0.000 2.939 0.028 240475345913796904351761072006522621394944.000 4524623091177773170796307654345914056704.000
112.846 2.500 0.000 2.855 0.027 226951729198637151922550262092321139982336.000 4334818485150675185515010663861240987648.000
113.853 2.500 0.000 2.774 0.027 214188646653866600486954380392961908146176.000 4155347322729870670406339887990390652928.000
114.859 2.500 0.000 2.695 0.027 202143327170072919678591449481187688448000.000 3985444032029606677527560992596265271296.000
115.866 2.500 0.000 2.618 0.026 190775405055720219563588925584315540045824.000 3824410771543894700544443776793497829376.000
116.873 2.500 0.000 2.543 0.026 180046784754800971155957685060075354324992.000 3671608594257662963792728801944956567552.000
117.880 2.500 0.000 2.471 0.026 169921513173090914586443533044285549051904.000 3526453925262933852674350701997939752960.000
118.887 2.500 0.000 2.400 0.025 160365659185055474162477113570901209645056.000 3388415199093542851251398324264670068736.000
119.894 2.500 0.000 2.332 0.025 151347199917548659773592236195921201725440.000 3257006193777027184014455448100744986624.000
120.901 2.500 0.000 2.265 0.025 142835913429141826776940796116641322631168.000 3131781689699542974709627507279579316224.000
121.908 2.500 0.000 2.201 0.025 134803277425371252439849835369129647800320.000 3012336137773051128761526268081874141184.000
122.915 2.500 0.000 2.138 0.024 127222373670420556831699283845646129299456.000 2898297814599273512115729593110485794816.000
123.922 2.500 0.000 2.077 0.024 120067797774848215337093990242574139392000.000 2789327949887300367987823552599013982208.000
124.928 2.500 0.000 2.018 0.024 113315574056994894305551245188230081937408.000 2685111904625697763108730445642516660224.000
125.935 2.500 0.000 1.960 0.024 106943075192706745624955679477778679332864.000 2585361532340674315838116616900981030912.000
126.942 2.500 0.000 1.915 0.024 102113855017220084684081843274998840557568.000 2519042125788191515630235571022123237376.000
127.949 2.500 0.000 1.908 0.024 101343662651820458626406141370275452682240.000 2551573785397206374801908700191276400640.000
128.956 2.500 0.000 1.901 0.024 100579280712443499881448682877464646516736.000 2584929875866884729454584511250462408704.000
129.963 2.500 0.000 1.894 0.025 99820665259108110705619680151477814296576.000 2619132987355141822187654532776937390080.000
