"Time (MJD)" Misc/Atlas.cyan Misc/Atlas.cyan_err PAN-STARRS/PS1.g PAN-STARRS/PS1.g_err PAN-STARRS/PS1.i PAN-STARRS/PS1.i_err PAN-STARRS/PS1.r PAN-STARRS/PS1.r_err PAN-STARRS/PS1.w PAN-STARRS/PS1.w_err PAN-STARRS/PS1.z PAN-STARRS/PS1.z_err Palomar/ZTF.g Palomar/ZTF.g_err Palomar/ZTF.r Palomar/ZTF.r_err "Temp./1e3 (K)" "Temp. Err." "Radius/1e15 (cm)" "Radius Err." "Log10(Bol. Lum)" "Log10(Bol. Err)"
-6.000 -17.485 -0.037 -17.492 -0.035 -17.502 -0.050 -17.407 -0.055 -17.361 -0.053 -17.308 -0.053 -16.998 -0.084 -16.765 -0.195 10.201 1.072 0.720 0.106 42.602 41.725
-5.000 -17.514 -0.030 -17.523 -0.029 -17.536 -0.045 -17.450 -0.048 -17.405 -0.045 -17.351 -0.045 -17.048 -0.077 -16.813 -0.184 12.799 0.904 0.545 0.046 42.755 41.814
-4.000 -17.542 -0.026 -17.551 -0.026 -17.568 -0.043 -17.491 -0.041 -17.446 -0.038 -17.394 -0.038 -17.098 -0.072 -16.860 -0.173 12.355 0.824 0.578 0.048 42.744 41.764
-3.000 -17.566 -0.025 -17.577 -0.025 -17.598 -0.042 -17.528 -0.036 -17.485 -0.033 -17.434 -0.033 -17.148 -0.069 -16.907 -0.163 11.964 0.764 0.611 0.049 42.737 41.726
-2.000 -17.587 -0.026 -17.599 -0.026 -17.623 -0.041 -17.561 -0.031 -17.520 -0.028 -17.470 -0.030 -17.197 -0.066 -16.952 -0.153 11.622 0.717 0.643 0.050 42.731 41.697
-1.000 -17.605 -0.027 -17.617 -0.027 -17.643 -0.041 -17.589 -0.027 -17.550 -0.025 -17.503 -0.028 -17.245 -0.065 -16.995 -0.144 11.321 0.672 0.674 0.051 42.725 41.668
0.000 -17.618 -0.028 -17.631 -0.028 -17.659 -0.041 -17.610 -0.024 -17.574 -0.023 -17.531 -0.027 -17.290 -0.063 -17.037 -0.135 11.055 0.618 0.702 0.051 42.720 41.629
1.000 -17.626 -0.029 -17.640 -0.029 -17.671 -0.041 -17.624 -0.023 -17.592 -0.021 -17.553 -0.026 -17.333 -0.062 -17.077 -0.126 10.819 0.552 0.728 0.049 42.713 41.575
2.000 -17.629 -0.030 -17.644 -0.030 -17.677 -0.041 -17.631 -0.022 -17.603 -0.021 -17.570 -0.026 -17.374 -0.060 -17.114 -0.117 10.598 0.479 0.751 0.045 42.705 41.505
3.000 -17.627 -0.030 -17.643 -0.030 -17.678 -0.041 -17.634 -0.021 -17.610 -0.020 -17.582 -0.025 -17.411 -0.059 -17.149 -0.109 10.378 0.409 0.775 0.041 42.696 41.424
4.000 -17.621 -0.030 -17.637 -0.030 -17.675 -0.041 -17.634 -0.022 -17.613 -0.021 -17.591 -0.025 -17.444 -0.057 -17.181 -0.100 10.153 0.349 0.799 0.038 42.684 41.340
5.000 -17.611 -0.029 -17.627 -0.029 -17.668 -0.041 -17.632 -0.024 -17.615 -0.022 -17.597 -0.026 -17.473 -0.056 -17.211 -0.092 9.917 0.306 0.824 0.035 42.670 41.262
6.000 -17.597 -0.029 -17.614 -0.029 -17.657 -0.041 -17.630 -0.027 -17.615 -0.024 -17.600 -0.026 -17.497 -0.054 -17.237 -0.084 9.675 0.278 0.852 0.035 42.656 41.197
7.000 -17.579 -0.028 -17.597 -0.028 -17.644 -0.041 -17.626 -0.030 -17.614 -0.026 -17.602 -0.027 -17.517 -0.054 -17.260 -0.077 9.436 0.260 0.880 0.035 42.641 41.144
8.000 -17.559 -0.028 -17.577 -0.028 -17.629 -0.042 -17.622 -0.032 -17.612 -0.028 -17.603 -0.028 -17.531 -0.053 -17.280 -0.070 9.210 0.249 0.908 0.037 42.626 41.099
9.000 -17.536 -0.028 -17.555 -0.028 -17.611 -0.042 -17.616 -0.035 -17.609 -0.030 -17.602 -0.030 -17.540 -0.053 -17.296 -0.063 9.002 0.241 0.935 0.038 42.612 41.063
10.000 -17.512 -0.028 -17.532 -0.028 -17.592 -0.043 -17.610 -0.037 -17.605 -0.032 -17.600 -0.031 -17.545 -0.053 -17.310 -0.058 8.811 0.237 0.961 0.040 42.598 41.034
11.000 -17.486 -0.030 -17.507 -0.029 -17.571 -0.044 -17.603 -0.038 -17.600 -0.034 -17.597 -0.033 -17.546 -0.053 -17.320 -0.054 8.634 0.235 0.985 0.042 42.585 41.014
12.000 -17.459 -0.032 -17.481 -0.031 -17.550 -0.045 -17.595 -0.039 -17.595 -0.035 -17.593 -0.034 -17.544 -0.053 -17.327 -0.052 8.467 0.236 1.010 0.045 42.572 41.003
13.000 -17.431 -0.035 -17.453 -0.034 -17.527 -0.047 -17.587 -0.040 -17.589 -0.036 -17.589 -0.035 -17.539 -0.053 -17.331 -0.051 8.309 0.240 1.034 0.048 42.560 40.999
14.000 -17.401 -0.038 -17.424 -0.037 -17.503 -0.048 -17.578 -0.040 -17.582 -0.036 -17.583 -0.036 -17.532 -0.052 -17.332 -0.050 8.158 0.247 1.057 0.052 42.548 40.999
15.000 -17.371 -0.041 -17.395 -0.040 -17.478 -0.049 -17.568 -0.040 -17.574 -0.035 -17.577 -0.036 -17.524 -0.051 -17.331 -0.051 8.014 0.256 1.081 0.056 42.536 41.003
16.000 -17.340 -0.043 -17.365 -0.043 -17.453 -0.051 -17.558 -0.039 -17.566 -0.035 -17.570 -0.035 -17.514 -0.050 -17.329 -0.051 7.876 0.267 1.105 0.062 42.525 41.008
17.000 -17.308 -0.046 -17.334 -0.045 -17.427 -0.052 -17.546 -0.038 -17.557 -0.034 -17.563 -0.034 -17.504 -0.049 -17.325 -0.052 7.744 0.279 1.128 0.068 42.514 41.012
18.000 -17.276 -0.048 -17.302 -0.047 -17.401 -0.053 -17.534 -0.037 -17.548 -0.032 -17.555 -0.033 -17.493 -0.048 -17.320 -0.053 7.615 0.291 1.153 0.074 42.503 41.013
19.000 -17.244 -0.049 -17.271 -0.048 -17.374 -0.053 -17.521 -0.035 -17.537 -0.030 -17.545 -0.032 -17.483 -0.048 -17.315 -0.054 7.487 0.301 1.178 0.081 42.493 41.007
20.000 -17.212 -0.050 -17.239 -0.049 -17.348 -0.054 -17.507 -0.034 -17.525 -0.029 -17.535 -0.031 -17.474 -0.049 -17.310 -0.055 7.357 0.307 1.206 0.087 42.482 40.992
21.000 -17.180 -0.050 -17.208 -0.049 -17.321 -0.054 -17.491 -0.034 -17.511 -0.028 -17.523 -0.030 -17.466 -0.051 -17.305 -0.057 7.227 0.306 1.235 0.091 42.472 40.964
22.000 -17.149 -0.050 -17.178 -0.049 -17.294 -0.054 -17.474 -0.034 -17.496 -0.028 -17.510 -0.030 -17.458 -0.054 -17.301 -0.060 7.097 0.297 1.265 0.094 42.461 40.924
23.000 -17.119 -0.050 -17.148 -0.049 -17.268 -0.054 -17.456 -0.035 -17.480 -0.029 -17.496 -0.031 -17.451 -0.056 -17.297 -0.063 6.972 0.283 1.295 0.096 42.451 40.877
24.000 -17.089 -0.050 -17.120 -0.049 -17.242 -0.053 -17.437 -0.035 -17.462 -0.030 -17.481 -0.031 -17.445 -0.058 -17.295 -0.067 6.854 0.266 1.325 0.095 42.441 40.827
25.000 -17.060 -0.049 -17.091 -0.048 -17.216 -0.053 -17.417 -0.036 -17.445 -0.030 -17.465 -0.031 -17.440 -0.060 -17.293 -0.070 6.743 0.248 1.354 0.094 42.431 40.776
26.000 -17.032 -0.049 -17.064 -0.047 -17.191 -0.053 -17.397 -0.036 -17.426 -0.031 -17.449 -0.032 -17.436 -0.061 -17.292 -0.073 6.640 0.230 1.382 0.092 42.422 40.727
27.000 -17.005 -0.048 -17.037 -0.047 -17.166 -0.052 -17.378 -0.036 -17.408 -0.031 -17.433 -0.032 -17.432 -0.062 -17.292 -0.075 6.544 0.213 1.409 0.089 42.414 40.683
28.000 -16.978 -0.048 -17.011 -0.046 -17.143 -0.052 -17.359 -0.036 -17.391 -0.031 -17.418 -0.032 -17.429 -0.062 -17.292 -0.077 6.455 0.197 1.435 0.087 42.406 40.645
29.000 -16.952 -0.047 -16.985 -0.046 -17.120 -0.052 -17.341 -0.036 -17.375 -0.031 -17.404 -0.032 -17.427 -0.062 -17.293 -0.078 6.373 0.184 1.461 0.084 42.399 40.614
30.000 -16.927 -0.047 -16.961 -0.045 -17.098 -0.051 -17.325 -0.036 -17.360 -0.031 -17.391 -0.032 -17.426 -0.060 -17.294 -0.079 6.295 0.173 1.486 0.082 42.393 40.592
31.000 -16.902 -0.046 -16.937 -0.045 -17.077 -0.050 -17.310 -0.035 -17.347 -0.031 -17.380 -0.032 -17.426 -0.058 -17.296 -0.078 6.220 0.164 1.512 0.082 42.387 40.577
32.000 -16.879 -0.046 -16.915 -0.044 -17.057 -0.050 -17.297 -0.035 -17.335 -0.030 -17.371 -0.031 -17.426 -0.056 -17.298 -0.077 6.148 0.158 1.539 0.082 42.382 40.570
33.000 -16.857 -0.045 -16.893 -0.043 -17.039 -0.049 -17.286 -0.034 -17.326 -0.029 -17.363 -0.031 -17.427 -0.053 -17.301 -0.076 6.078 0.155 1.568 0.083 42.378 40.573
34.000 -16.835 -0.044 -16.872 -0.042 -17.021 -0.048 -17.277 -0.033 -17.319 -0.028 -17.358 -0.030 -17.429 -0.049 -17.303 -0.073 6.011 0.155 1.597 0.086 42.375 40.586
35.000 -16.815 -0.043 -16.852 -0.041 -17.006 -0.048 -17.271 -0.033 -17.315 -0.027 -17.356 -0.029 -17.431 -0.045 -17.306 -0.070 5.949 0.157 1.626 0.091 42.373 40.609
36.000 -16.795 -0.043 -16.834 -0.040 -16.992 -0.047 -17.268 -0.033 -17.314 -0.028 -17.356 -0.029 -17.433 -0.040 -17.308 -0.066 5.895 0.162 1.652 0.097 42.371 40.642
37.000 -16.777 -0.043 -16.816 -0.040 -16.979 -0.047 -17.267 -0.033 -17.315 -0.028 -17.358 -0.030 -17.435 -0.036 -17.310 -0.061 5.854 0.169 1.671 0.103 42.369 40.677
38.000 -16.759 -0.043 -16.800 -0.041 -16.968 -0.047 -17.268 -0.034 -17.318 -0.029 -17.362 -0.030 -17.437 -0.032 -17.312 -0.056 5.818 0.178 1.689 0.110 42.367 40.712
39.000 -16.744 -0.045 -16.785 -0.042 -16.959 -0.048 -17.270 -0.034 -17.322 -0.030 -17.367 -0.031 -17.439 -0.028 -17.314 -0.052 5.795 0.190 1.700 0.118 42.366 40.747
40.000 -16.730 -0.047 -16.773 -0.044 -16.951 -0.049 -17.274 -0.035 -17.327 -0.030 -17.373 -0.031 -17.441 -0.027 -17.315 -0.047 5.789 0.207 1.701 0.128 42.365 40.781
41.000 -16.718 -0.050 -16.762 -0.047 -16.945 -0.050 -17.279 -0.035 -17.333 -0.030 -17.379 -0.032 -17.441 -0.028 -17.316 -0.043 5.799 0.227 1.694 0.138 42.364 40.817
42.000 -16.707 -0.054 -16.752 -0.051 -16.940 -0.052 -17.284 -0.035 -17.338 -0.031 -17.385 -0.032 -17.441 -0.030 -17.316 -0.040 5.818 0.247 1.682 0.148 42.364 40.849
43.000 -16.698 -0.058 -16.744 -0.055 -16.936 -0.054 -17.289 -0.036 -17.344 -0.031 -17.391 -0.032 -17.441 -0.033 -17.316 -0.039 5.833 0.266 1.673 0.157 42.363 40.877
44.000 -16.690 -0.061 -16.737 -0.059 -16.933 -0.057 -17.294 -0.036 -17.350 -0.031 -17.396 -0.033 -17.439 -0.036 -17.315 -0.039 5.841 0.283 1.669 0.165 42.364 40.899
45.000 -16.683 -0.065 -16.731 -0.062 -16.931 -0.059 -17.298 -0.037 -17.354 -0.032 -17.400 -0.033 -17.437 -0.038 -17.313 -0.040 5.843 0.297 1.669 0.173 42.364 40.917
46.000 -16.677 -0.068 -16.725 -0.065 -16.928 -0.061 -17.301 -0.037 -17.358 -0.032 -17.403 -0.034 -17.434 -0.040 -17.310 -0.042 5.838 0.308 1.673 0.180 42.365 40.930
47.000 -16.671 -0.070 -16.720 -0.067 -16.926 -0.062 -17.303 -0.038 -17.360 -0.033 -17.404 -0.034 -17.431 -0.041 -17.307 -0.045 5.828 0.316 1.680 0.187 42.365 40.940
48.000 -16.665 -0.072 -16.715 -0.069 -16.924 -0.063 -17.304 -0.038 -17.360 -0.033 -17.404 -0.034 -17.427 -0.043 -17.303 -0.047 5.815 0.322 1.688 0.193 42.366 40.948
49.000 -16.660 -0.072 -16.711 -0.069 -16.922 -0.064 -17.303 -0.039 -17.360 -0.034 -17.403 -0.034 -17.424 -0.044 -17.298 -0.050 5.800 0.326 1.696 0.197 42.365 40.954
50.000 -16.655 -0.073 -16.706 -0.070 -16.920 -0.064 -17.302 -0.039 -17.357 -0.034 -17.401 -0.035 -17.421 -0.047 -17.293 -0.052 5.783 0.327 1.704 0.201 42.364 40.960
51.000 -16.650 -0.072 -16.702 -0.069 -16.917 -0.064 -17.298 -0.040 -17.354 -0.035 -17.398 -0.035 -17.418 -0.049 -17.288 -0.054 5.765 0.327 1.712 0.203 42.363 40.964
52.000 -16.645 -0.071 -16.697 -0.068 -16.913 -0.064 -17.294 -0.041 -17.350 -0.035 -17.394 -0.036 -17.416 -0.052 -17.282 -0.056 5.745 0.325 1.721 0.205 42.361 40.968
53.000 -16.639 -0.070 -16.692 -0.067 -16.910 -0.063 -17.290 -0.041 -17.345 -0.036 -17.389 -0.036 -17.413 -0.054 -17.276 -0.057 5.722 0.321 1.731 0.207 42.360 40.972
54.000 -16.634 -0.068 -16.687 -0.065 -16.906 -0.062 -17.284 -0.041 -17.339 -0.036 -17.384 -0.036 -17.411 -0.056 -17.270 -0.059 5.697 0.316 1.743 0.208 42.358 40.975
55.000 -16.628 -0.066 -16.682 -0.063 -16.901 -0.061 -17.278 -0.041 -17.334 -0.036 -17.379 -0.036 -17.408 -0.057 -17.265 -0.062 5.668 0.311 1.759 0.209 42.357 40.977
56.000 -16.622 -0.064 -16.676 -0.061 -16.896 -0.059 -17.272 -0.041 -17.328 -0.035 -17.373 -0.035 -17.406 -0.058 -17.260 -0.064 5.635 0.304 1.778 0.210 42.356 40.979
57.000 -16.616 -0.063 -16.670 -0.059 -16.891 -0.058 -17.266 -0.040 -17.322 -0.035 -17.368 -0.035 -17.403 -0.059 -17.255 -0.067 5.602 0.298 1.799 0.211 42.356 40.980
58.000 -16.609 -0.061 -16.664 -0.058 -16.885 -0.058 -17.260 -0.039 -17.316 -0.034 -17.362 -0.034 -17.401 -0.058 -17.251 -0.070 5.570 0.292 1.818 0.212 42.356 40.980
59.000 -16.602 -0.061 -16.657 -0.058 -16.879 -0.058 -17.254 -0.039 -17.310 -0.033 -17.357 -0.034 -17.398 -0.058 -17.247 -0.073 5.543 0.287 1.835 0.212 42.355 40.978
60.000 -16.595 -0.062 -16.650 -0.058 -16.873 -0.058 -17.248 -0.039 -17.304 -0.033 -17.352 -0.034 -17.396 -0.056 -17.243 -0.076 5.522 0.283 1.847 0.212 42.354 40.976
61.000 -16.586 -0.063 -16.642 -0.060 -16.866 -0.058 -17.242 -0.039 -17.299 -0.034 -17.347 -0.034 -17.393 -0.055 -17.240 -0.078 5.508 0.280 1.853 0.211 42.352 40.973
62.000 -16.578 -0.065 -16.633 -0.062 -16.858 -0.060 -17.236 -0.040 -17.294 -0.035 -17.343 -0.035 -17.391 -0.053 -17.236 -0.080 5.499 0.279 1.854 0.211 42.351 40.969
63.000 -16.568 -0.068 -16.624 -0.064 -16.850 -0.061 -17.230 -0.041 -17.289 -0.036 -17.338 -0.036 -17.388 -0.052 -17.233 -0.081 5.495 0.279 1.853 0.211 42.348 40.965
64.000 -16.558 -0.071 -16.615 -0.067 -16.842 -0.063 -17.224 -0.042 -17.283 -0.037 -17.333 -0.037 -17.386 -0.051 -17.230 -0.081 5.492 0.281 1.850 0.211 42.346 40.962
65.000 -16.547 -0.074 -16.604 -0.070 -16.832 -0.065 -17.218 -0.043 -17.277 -0.038 -17.328 -0.038 -17.383 -0.050 -17.226 -0.081 5.491 0.284 1.845 0.212 42.344 40.959
66.000 -16.536 -0.077 -16.593 -0.074 -16.823 -0.067 -17.211 -0.043 -17.271 -0.038 -17.322 -0.038 -17.380 -0.050 -17.222 -0.081 5.490 0.287 1.840 0.213 42.341 40.956
67.000 -16.523 -0.081 -16.581 -0.077 -16.812 -0.069 -17.204 -0.044 -17.264 -0.039 -17.316 -0.038 -17.376 -0.050 -17.218 -0.080 5.491 0.292 1.834 0.215 42.338 40.954
68.000 -16.510 -0.084 -16.568 -0.080 -16.801 -0.071 -17.196 -0.044 -17.257 -0.039 -17.309 -0.039 -17.373 -0.050 -17.213 -0.079 5.491 0.296 1.828 0.216 42.335 40.951
69.000 -16.496 -0.087 -16.555 -0.083 -16.789 -0.073 -17.188 -0.044 -17.249 -0.039 -17.301 -0.039 -17.368 -0.049 -17.209 -0.077 5.492 0.300 1.821 0.218 42.332 40.948
70.000 -16.481 -0.090 -16.540 -0.086 -16.776 -0.075 -17.178 -0.044 -17.240 -0.039 -17.293 -0.039 -17.363 -0.048 -17.203 -0.076 5.490 0.303 1.814 0.219 42.329 40.945
71.000 -16.466 -0.092 -16.525 -0.088 -16.762 -0.076 -17.168 -0.043 -17.231 -0.039 -17.285 -0.039 -17.357 -0.047 -17.197 -0.074 5.486 0.306 1.810 0.220 42.325 40.942
72.000 -16.449 -0.094 -16.508 -0.090 -16.748 -0.077 -17.158 -0.043 -17.221 -0.038 -17.275 -0.039 -17.350 -0.046 -17.190 -0.073 5.477 0.308 1.808 0.221 42.321 40.939
73.000 -16.431 -0.095 -16.490 -0.091 -16.732 -0.078 -17.147 -0.043 -17.211 -0.038 -17.265 -0.039 -17.342 -0.044 -17.183 -0.073 5.462 0.308 1.810 0.222 42.318 40.937
74.000 -16.412 -0.096 -16.472 -0.092 -16.715 -0.079 -17.134 -0.043 -17.199 -0.038 -17.255 -0.038 -17.334 -0.042 -17.174 -0.074 5.438 0.306 1.818 0.223 42.314 40.934
75.000 -16.392 -0.096 -16.452 -0.092 -16.697 -0.079 -17.121 -0.043 -17.187 -0.038 -17.243 -0.038 -17.325 -0.040 -17.165 -0.075 5.407 0.302 1.831 0.224 42.310 40.931
76.000 -16.370 -0.096 -16.431 -0.092 -16.677 -0.079 -17.107 -0.043 -17.173 -0.038 -17.230 -0.038 -17.316 -0.038 -17.154 -0.078 5.368 0.295 1.849 0.224 42.306 40.928
77.000 -16.348 -0.096 -16.409 -0.091 -16.657 -0.078 -17.091 -0.043 -17.158 -0.038 -17.216 -0.038 -17.306 -0.036 -17.143 -0.082 5.323 0.287 1.871 0.223 42.302 40.925
78.000 -16.324 -0.095 -16.385 -0.090 -16.635 -0.078 -17.073 -0.044 -17.142 -0.038 -17.200 -0.039 -17.296 -0.035 -17.130 -0.086 5.276 0.278 1.895 0.223 42.297 40.924
79.000 -16.299 -0.094 -16.361 -0.089 -16.611 -0.077 -17.054 -0.044 -17.124 -0.039 -17.183 -0.039 -17.286 -0.035 -17.116 -0.091 5.226 0.268 1.920 0.222 42.292 40.925
80.000 -16.273 -0.092 -16.335 -0.088 -16.586 -0.076 -17.033 -0.045 -17.104 -0.040 -17.164 -0.040 -17.273 -0.035 -17.101 -0.096 5.177 0.259 1.944 0.222 42.287 40.926
81.000 -16.246 -0.091 -16.308 -0.087 -16.560 -0.075 -17.011 -0.046 -17.082 -0.041 -17.144 -0.041 -17.259 -0.036 -17.085 -0.101 5.130 0.250 1.966 0.221 42.280 40.930
82.000 -16.218 -0.091 -16.279 -0.086 -16.532 -0.075 -16.986 -0.047 -17.059 -0.042 -17.121 -0.042 -17.243 -0.038 -17.068 -0.106 5.085 0.242 1.985 0.221 42.274 40.934
83.000 -16.188 -0.090 -16.250 -0.085 -16.503 -0.074 -16.960 -0.048 -17.033 -0.043 -17.097 -0.043 -17.225 -0.041 -17.049 -0.111 5.044 0.235 2.001 0.221 42.266 40.939
84.000 -16.158 -0.090 -16.219 -0.085 -16.473 -0.074 -16.932 -0.049 -17.006 -0.044 -17.071 -0.044 -17.205 -0.044 -17.029 -0.115 5.007 0.230 2.012 0.221 42.258 40.942
85.000 -16.126 -0.091 -16.188 -0.086 -16.442 -0.073 -16.903 -0.049 -16.978 -0.045 -17.043 -0.044 -17.183 -0.047 -17.007 -0.120 4.967 0.224 2.026 0.222 42.250 40.944
86.000 -16.094 -0.092 -16.155 -0.086 -16.409 -0.074 -16.872 -0.049 -16.947 -0.045 -17.014 -0.045 -17.159 -0.050 -16.984 -0.124 4.940 0.221 2.026 0.221 42.241 40.941
87.000 -16.061 -0.094 -16.122 -0.088 -16.375 -0.074 -16.839 -0.049 -16.915 -0.045 -16.982 -0.045 -17.133 -0.053 -16.959 -0.128 4.919 0.218 2.019 0.220 42.231 40.934
88.000 -16.027 -0.097 -16.088 -0.091 -16.341 -0.075 -16.805 -0.049 -16.882 -0.045 -16.949 -0.046 -17.106 -0.056 -16.933 -0.131 4.903 0.216 2.007 0.218 42.220 40.924
89.000 -15.993 -0.100 -16.054 -0.094 -16.306 -0.077 -16.770 -0.048 -16.847 -0.045 -16.915 -0.046 -17.076 -0.060 -16.906 -0.135 4.893 0.214 1.989 0.216 42.208 40.911
90.000 -15.959 -0.105 -16.019 -0.098 -16.270 -0.080 -16.733 -0.048 -16.810 -0.045 -16.879 -0.046 -17.045 -0.064 -16.877 -0.138 4.889 0.213 1.962 0.212 42.195 40.894
91.000 -15.925 -0.111 -15.984 -0.104 -16.234 -0.084 -16.695 -0.049 -16.772 -0.046 -16.841 -0.048 -17.012 -0.068 -16.847 -0.141 4.892 0.213 1.928 0.207 42.181 40.874
92.000 -15.890 -0.118 -15.949 -0.111 -16.197 -0.089 -16.655 -0.052 -16.733 -0.048 -16.802 -0.050 -16.978 -0.072 -16.816 -0.143 4.902 0.212 1.886 0.201 42.165 40.849
93.000 -15.856 -0.126 -15.915 -0.118 -16.160 -0.094 -16.615 -0.055 -16.692 -0.051 -16.761 -0.053 -16.942 -0.077 -16.783 -0.145 4.917 0.211 1.837 0.194 42.148 40.823
94.000 -15.821 -0.135 -15.880 -0.127 -16.123 -0.101 -16.574 -0.060 -16.650 -0.056 -16.720 -0.057 -16.904 -0.081 -16.749 -0.147 4.938 0.210 1.785 0.185 42.130 40.793
95.000 -15.787 -0.144 -15.844 -0.136 -16.085 -0.109 -16.532 -0.066 -16.608 -0.062 -16.678 -0.063 -16.866 -0.086 -16.714 -0.149 4.962 0.209 1.730 0.176 42.112 40.762
96.000 -15.752 -0.155 -15.809 -0.146 -16.047 -0.117 -16.489 -0.073 -16.565 -0.069 -16.635 -0.069 -16.825 -0.091 -16.678 -0.150 4.989 0.207 1.674 0.167 42.092 40.729
97.000 -15.717 -0.165 -15.774 -0.157 -16.009 -0.127 -16.447 -0.081 -16.522 -0.076 -16.591 -0.076 -16.784 -0.095 -16.641 -0.151 5.017 0.205 1.619 0.158 42.073 40.696
98.000 -15.682 -0.176 -15.738 -0.168 -15.971 -0.136 -16.403 -0.090 -16.478 -0.085 -16.547 -0.084 -16.742 -0.100 -16.603 -0.151 5.046 0.203 1.564 0.149 42.053 40.661
99.000 -15.647 -0.188 -15.703 -0.179 -15.933 -0.147 -16.360 -0.099 -16.434 -0.094 -16.502 -0.092 -16.699 -0.104 -16.564 -0.152 5.076 0.201 1.512 0.141 42.034 40.625
100.000 -15.612 -0.200 -15.667 -0.191 -15.894 -0.158 -16.316 -0.108 -16.389 -0.103 -16.457 -0.100 -16.655 -0.108 -16.524 -0.152 5.105 0.199 1.462 0.132 42.014 40.589
101.000 -15.577 -0.212 -15.631 -0.203 -15.856 -0.169 -16.272 -0.118 -16.345 -0.112 -16.412 -0.108 -16.611 -0.112 -16.484 -0.152 5.133 0.196 1.414 0.125 41.995 40.552
102.000 -15.541 -0.225 -15.595 -0.216 -15.817 -0.181 -16.228 -0.128 -16.300 -0.121 -16.367 -0.117 -16.566 -0.115 -16.443 -0.152 5.161 0.194 1.368 0.117 41.976 40.515
103.000 -15.505 -0.238 -15.559 -0.228 -15.778 -0.192 -16.183 -0.138 -16.255 -0.130 -16.321 -0.125 -16.521 -0.118 -16.402 -0.152 5.187 0.191 1.325 0.110 41.957 40.478
104.000 -15.470 -0.251 -15.522 -0.241 -15.739 -0.204 -16.139 -0.148 -16.209 -0.140 -16.275 -0.133 -16.475 -0.120 -16.360 -0.153 5.212 0.188 1.284 0.104 41.938 40.442
105.000 -15.434 -0.264 -15.486 -0.254 -15.699 -0.217 -16.094 -0.157 -16.164 -0.149 -16.229 -0.141 -16.429 -0.123 -16.319 -0.153 5.235 0.185 1.246 0.098 41.920 40.405
106.000 -15.398 -0.278 -15.449 -0.268 -15.660 -0.229 -16.050 -0.167 -16.119 -0.158 -16.183 -0.150 -16.383 -0.125 -16.277 -0.154 5.256 0.182 1.211 0.092 41.902 40.370
107.000 -15.361 -0.291 -15.412 -0.281 -15.620 -0.242 -16.005 -0.177 -16.073 -0.167 -16.137 -0.158 -16.337 -0.126 -16.235 -0.156 5.274 0.179 1.178 0.087 41.884 40.334
108.000 -15.325 -0.305 -15.375 -0.295 -15.581 -0.255 -15.960 -0.187 -16.028 -0.176 -16.091 -0.166 -16.291 -0.128 -16.193 -0.158 5.290 0.175 1.147 0.082 41.866 40.299
109.000 -15.288 -0.319 -15.338 -0.309 -15.541 -0.267 -15.916 -0.197 -15.982 -0.185 -16.044 -0.174 -16.245 -0.129 -16.151 -0.161 5.302 0.171 1.119 0.078 41.848 40.263
110.000 -15.252 -0.333 -15.301 -0.322 -15.501 -0.280 -15.871 -0.207 -15.937 -0.194 -15.998 -0.182 -16.199 -0.131 -16.110 -0.166 5.312 0.167 1.092 0.073 41.831 40.228
111.000 -15.215 -0.347 -15.264 -0.336 -15.461 -0.293 -15.826 -0.218 -15.891 -0.204 -15.952 -0.190 -16.153 -0.133 -16.068 -0.171 5.321 0.162 1.068 0.069 41.814 40.192
112.000 -15.178 -0.362 -15.226 -0.351 -15.421 -0.307 -15.781 -0.228 -15.845 -0.213 -15.906 -0.199 -16.107 -0.135 -16.027 -0.177 5.327 0.157 1.044 0.065 41.796 40.156
113.000 -15.141 -0.376 -15.189 -0.365 -15.381 -0.320 -15.737 -0.238 -15.800 -0.223 -15.860 -0.207 -16.061 -0.137 -15.986 -0.183 5.333 0.152 1.021 0.061 41.779 40.119
114.000 -15.104 -0.391 -15.151 -0.379 -15.341 -0.334 -15.692 -0.249 -15.755 -0.233 -15.814 -0.216 -16.015 -0.141 -15.945 -0.191 5.338 0.146 0.999 0.058 41.762 40.082
115.000 -15.067 -0.406 -15.113 -0.394 -15.301 -0.347 -15.647 -0.260 -15.709 -0.243 -15.768 -0.225 -15.969 -0.145 -15.904 -0.200 5.343 0.140 0.978 0.054 41.745 40.044
116.000 -15.030 -0.421 -15.076 -0.409 -15.261 -0.361 -15.603 -0.271 -15.664 -0.253 -15.722 -0.235 -15.923 -0.150 -15.862 -0.209 5.348 0.134 0.957 0.051 41.727 40.006
117.000 -14.993 -0.436 -15.038 -0.424 -15.221 -0.375 -15.558 -0.283 -15.618 -0.264 -15.676 -0.245 -15.877 -0.157 -15.821 -0.219 5.354 0.128 0.936 0.047 41.710 39.966
118.000 -14.955 -0.451 -15.000 -0.439 -15.181 -0.390 -15.513 -0.295 -15.573 -0.276 -15.630 -0.256 -15.831 -0.166 -15.780 -0.230 5.360 0.122 0.915 0.044 41.692 39.926
