-31.0 42.869 43.536
-30.0 43.283 43.698
-29.0 43.384 43.665
-28.0 43.44 43.591
-27.0 43.475 43.478
-26.0 43.476 43.323
-25.0 43.449 43.184
-24.0 43.428 43.136
-23.0 43.419 43.138
-22.0 43.416 43.141
-21.0 43.414 43.137
-20.0 43.413 43.126
-19.0 43.413 43.114
-18.0 43.416 43.109
-17.0 43.427 43.113
-16.0 43.446 43.125
-15.0 43.472 43.14
-14.0 43.501 43.154
-13.0 43.528 43.163
-12.0 43.553 43.172
-11.0 43.574 43.187
-10.0 43.591 43.213
-9.0 43.605 43.253
-8.0 43.616 43.299
-7.0 43.622 43.342
-6.0 43.623 43.375
-5.0 43.621 43.398
-4.0 43.615 43.412
-3.0 43.607 43.419
-2.0 43.596 43.424
-1.0 43.586 43.428
-0.0 43.576 43.435
1.0 43.566 43.442
2.0 43.555 43.449
3.0 43.54 43.454
4.0 43.521 43.457
5.0 43.502 43.461
6.0 43.479 43.459
7.0 43.454 43.454
8.0 43.433 43.447
9.0 43.422 43.446
10.0 43.434 43.462
11.0 43.465 43.494
12.0 43.503 43.532
13.0 43.543 43.571
14.0 43.581 43.611
15.0 43.617 43.652
16.0 43.652 43.694
17.0 43.685 43.738
18.0 43.716 43.783
19.0 43.748 43.83
20.0 43.781 43.88
21.0 43.818 43.935
22.0 43.859 43.999
23.0 43.908 44.074
24.0 43.964 44.16
25.0 43.962 44.155
26.0 43.959 44.153
27.0 43.955 44.152
28.0 43.95 44.153
29.0 43.944 44.156
30.0 43.937 44.16
31.0 43.929 44.165
32.0 43.922 44.17
33.0 43.914 44.176
34.0 43.907 44.181
35.0 43.901 44.187
36.0 43.895 44.192
37.0 43.89 44.196
38.0 43.886 44.201
39.0 43.883 44.205
40.0 43.881 44.208
41.0 43.881 44.21
42.0 43.883 44.211
43.0 43.887 44.21
44.0 43.893 44.204
45.0 43.899 44.194
46.0 43.904 44.178
47.0 43.906 44.163
48.0 43.901 44.158
49.0 43.89 44.169
50.0 43.871 44.202
51.0 43.847 44.254
52.0 43.822 44.316
53.0 43.648 44.194
54.0 42.334 42.422
55.0 42.319 42.34
56.0 42.304 42.265
57.0 42.29 42.198
58.0 42.276 42.139
59.0 42.261 42.088
60.0 42.245 42.044
61.0 42.228 42.004
62.0 42.208 41.966
63.0 42.186 41.932
64.0 42.163 41.904
65.0 42.14 41.885
66.0 42.118 41.877
67.0 42.097 41.879
68.0 42.075 41.89
69.0 42.054 41.906
70.0 42.033 41.925
71.0 42.011 41.949
72.0 41.991 41.976
73.0 41.972 42.008
74.0 41.957 42.048
75.0 41.948 42.1
76.0 41.951 42.169
77.0 41.972 42.265
78.0 42.026 42.402
79.0 42.119 42.578
80.0 42.318 42.876
81.0 42.477 43.099
82.0 42.584 43.25
83.0 42.644 43.344
84.0 42.668 43.396
85.0 42.666 43.418
86.0 42.643 43.416
87.0 42.604 43.397
88.0 42.553 43.362
89.0 42.493 43.314
90.0 42.423 43.254
91.0 42.347 43.184
92.0 42.265 43.103
93.0 42.177 43.014
94.0 42.086 42.918
95.0 41.992 42.815
96.0 41.895 42.708
97.0 41.799 42.6
98.0 41.702 42.49
99.0 41.607 42.379
100.0 41.512 42.27
101.0 41.421 42.163
102.0 41.332 42.061
103.0 41.247 41.964
104.0 41.181 41.898
105.0 41.11 41.823
106.0 41.037 41.743
107.0 40.966 41.661
108.0 40.903 41.586
109.0 40.872 41.546
110.0 40.877 41.531
111.0 40.927 41.541
112.0 40.956 41.532
113.0 40.878 41.45
