-3.0 44.715 44.724
-2.0 44.724 44.43
-1.0 44.744 44.043
-0.0 44.713 43.977
1.0 44.662 43.965
2.0 44.619 43.87
3.0 44.601 43.672
4.0 44.58 43.534
5.0 44.559 43.525
6.0 44.533 43.575
7.0 44.509 43.641
8.0 44.494 43.706
9.0 44.482 43.855
10.0 44.469 44.104
11.0 44.468 44.363
12.0 44.462 44.561
13.0 44.416 44.708
14.0 44.104 44.632
15.0 43.706 44.438
16.0 43.241 44.098
17.0 42.817 43.684
18.0 42.57 43.451
19.0 42.544 43.679
20.0 42.592 43.9
21.0 42.61 43.974
22.0 42.563 43.895
23.0 42.505 43.789
24.0 42.46 43.681
25.0 42.441 43.154
26.0 42.444 43.482
27.0 42.461 43.496
28.0 42.44 43.485
29.0 42.413 43.384
30.0 42.401 43.394
31.0 42.411 43.412
32.0 42.413 43.429
33.0 42.422 43.397
34.0 42.428 43.31
35.0 42.442 43.354
36.0 42.573 43.602
37.0 42.734 43.873
38.0 42.782 44.027
39.0 42.763 44.02
40.0 42.783 43.983
41.0 42.531 43.888
42.0 41.997 43.504
43.0 41.737 43.274
44.0 41.619 43.12
45.0 41.614 43.081
46.0 41.689 43.072
47.0 41.484 42.973
48.0 41.554 42.978
49.0 41.185 42.764
50.0 41.117 42.713
51.0 41.129 42.721
52.0 41.198 42.767
53.0 41.346 42.862
54.0 41.714 43.073
55.0 41.784 43.135
56.0 41.757 43.114
57.0 41.639 43.061
58.0 41.482 42.954
59.0 41.454 42.938
60.0 41.524 42.997
61.0 41.978 43.255
62.0 41.908 43.272
63.0 42.136 43.407
64.0 42.022 43.395
65.0 42.051 43.577
66.0 42.222 43.579
67.0 42.398 43.691
68.0 42.528 43.863
69.0 42.528 43.744
70.0 42.422 43.114
71.0 42.673 43.84
72.0 42.332 43.575
73.0 42.332 44.346
74.0 41.904 43.518
75.0 41.795 43.295
76.0 41.74 43.194
77.0 41.731 43.152
78.0 41.731 43.146
79.0 41.731 43.161
80.0 41.731 43.2
81.0 42.624 43.084
82.0 42.638 43.225
83.0 42.457 43.302
84.0 42.426 43.132
85.0 42.545 43.139
86.0 42.34 42.509
87.0 42.649 43.202
88.0 42.42 43.127
89.0 42.283 43.112
90.0 42.283 43.111
91.0 42.626 43.162
92.0 42.944 43.302
93.0 41.896 43.012
94.0 41.732 42.858
95.0 41.624 42.721
96.0 41.58 42.598
97.0 41.561 42.484
98.0 41.551 42.371
99.0 41.545 42.253
100.0 41.537 42.128
101.0 41.499 41.962
102.0 41.379 41.695
103.0 40.962 41.021
104.0 40.831 40.749
105.0 40.735 40.53
106.0 40.661 40.354
107.0 40.604 40.216
108.0 40.561 40.113
109.0 40.528 40.041
110.0 40.503 39.994
111.0 40.485 39.964
112.0 40.472 39.945
113.0 40.463 39.933
114.0 40.457 39.926
115.0 40.453 39.922
116.0 40.451 39.919
117.0 40.449 39.917
118.0 40.448 39.916
119.0 40.447 39.915
120.0 40.446 39.915
121.0 40.446 39.914
122.0 40.446 39.914
123.0 40.446 39.914
124.0 40.446 39.914
125.0 40.446 39.914
126.0 40.446 39.914
127.0 40.446 39.914
128.0 40.446 39.914
129.0 40.446 39.914
130.0 40.446 39.914
131.0 40.446 39.914
132.0 40.446 39.914
133.0 40.446 39.914
134.0 40.446 39.914
135.0 40.446 39.914
136.0 40.446 39.914
137.0 40.446 39.914
138.0 40.446 39.914
139.0 40.446 39.914
140.0 40.446 39.914
141.0 40.446 39.914
142.0 40.446 39.914
143.0 40.446 39.914
144.0 40.446 39.914
145.0 40.446 39.914
146.0 40.446 39.914
147.0 40.446 39.914
148.0 40.446 39.914
149.0 40.446 39.914
150.0 40.446 39.914
151.0 40.446 39.914
152.0 40.446 39.914
153.0 40.446 39.914
154.0 40.446 39.914
155.0 40.446 39.914
156.0 40.446 39.914
157.0 40.446 39.914
158.0 40.446 39.914
159.0 40.446 39.914
160.0 40.446 39.914
161.0 40.446 39.914
162.0 40.446 39.915
163.0 40.447 39.915
164.0 40.448 39.916
165.0 40.449 39.918
166.0 40.451 39.921
167.0 40.454 39.927
168.0 40.459 39.936
169.0 40.466 39.953
170.0 40.476 39.98
171.0 40.491 40.023
172.0 40.511 40.086
173.0 40.539 40.173
174.0 40.576 40.285
175.0 40.624 40.424
176.0 40.687 40.593
177.0 40.77 40.797
178.0 40.882 41.05
179.0 41.037 41.373
180.0 41.257 41.796
181.0 41.53 42.308
182.0 41.528 42.447
183.0 41.47 42.514
184.0 41.32 42.473
185.0 40.457 41.371
186.0 40.474 41.556
187.0 41.499 43.063
188.0 41.499 43.061
189.0 41.499 43.204
190.0 42.64 43.371
191.0 41.703 43.328
192.0 41.703 43.763
193.0 41.515 43.105
194.0 41.494 42.886
195.0 41.489 42.769
196.0 41.494 42.711
197.0 41.494 42.725
198.0 41.494 42.892
199.0 41.494 43.144
