-6.0 42.602 41.725
-5.0 42.755 41.814
-4.0 42.744 41.764
-3.0 42.737 41.726
-2.0 42.731 41.697
-1.0 42.725 41.668
0.0 42.72 41.629
1.0 42.713 41.575
2.0 42.705 41.505
3.0 42.696 41.424
4.0 42.684 41.34
5.0 42.67 41.262
6.0 42.656 41.197
7.0 42.641 41.144
8.0 42.626 41.099
9.0 42.612 41.063
10.0 42.598 41.034
11.0 42.585 41.014
12.0 42.572 41.003
13.0 42.56 40.999
14.0 42.548 40.999
15.0 42.536 41.003
16.0 42.525 41.008
17.0 42.514 41.012
18.0 42.503 41.013
19.0 42.493 41.007
20.0 42.482 40.992
21.0 42.472 40.964
22.0 42.461 40.924
23.0 42.451 40.877
24.0 42.441 40.827
25.0 42.431 40.776
26.0 42.422 40.727
27.0 42.414 40.683
28.0 42.406 40.645
29.0 42.399 40.614
30.0 42.393 40.592
31.0 42.387 40.577
32.0 42.382 40.57
33.0 42.378 40.573
34.0 42.375 40.586
35.0 42.373 40.609
36.0 42.371 40.642
37.0 42.369 40.677
38.0 42.367 40.712
39.0 42.366 40.747
40.0 42.365 40.781
41.0 42.364 40.817
42.0 42.364 40.849
43.0 42.363 40.877
44.0 42.364 40.899
45.0 42.364 40.917
46.0 42.365 40.93
47.0 42.365 40.94
48.0 42.366 40.948
49.0 42.365 40.954
50.0 42.364 40.96
51.0 42.363 40.964
52.0 42.361 40.968
53.0 42.36 40.972
54.0 42.358 40.975
55.0 42.357 40.977
56.0 42.356 40.979
57.0 42.356 40.98
58.0 42.356 40.98
59.0 42.355 40.978
60.0 42.354 40.976
61.0 42.352 40.973
62.0 42.351 40.969
63.0 42.348 40.965
64.0 42.346 40.962
65.0 42.344 40.959
66.0 42.341 40.956
67.0 42.338 40.954
68.0 42.335 40.951
69.0 42.332 40.948
70.0 42.329 40.945
71.0 42.325 40.942
72.0 42.321 40.939
73.0 42.318 40.937
74.0 42.314 40.934
75.0 42.31 40.931
76.0 42.306 40.928
77.0 42.302 40.925
78.0 42.297 40.924
79.0 42.292 40.925
80.0 42.287 40.926
81.0 42.28 40.93
82.0 42.274 40.934
83.0 42.266 40.939
84.0 42.258 40.942
85.0 42.25 40.944
86.0 42.241 40.941
87.0 42.231 40.934
88.0 42.22 40.924
89.0 42.208 40.911
90.0 42.195 40.894
91.0 42.181 40.874
92.0 42.165 40.849
93.0 42.148 40.823
94.0 42.13 40.793
95.0 42.112 40.762
96.0 42.092 40.729
97.0 42.073 40.696
98.0 42.053 40.661
99.0 42.034 40.625
100.0 42.014 40.589
101.0 41.995 40.552
102.0 41.976 40.515
103.0 41.957 40.478
104.0 41.938 40.442
105.0 41.92 40.405
106.0 41.902 40.37
107.0 41.884 40.334
108.0 41.866 40.299
109.0 41.848 40.263
110.0 41.831 40.228
111.0 41.814 40.192
112.0 41.796 40.156
113.0 41.779 40.119
114.0 41.762 40.082
115.0 41.745 40.044
116.0 41.727 40.006
117.0 41.71 39.966
118.0 41.692 39.926
