-13.0 42.45 42.662
-12.0 42.537 42.652
-11.0 42.611 42.628
-10.0 42.69 42.671
-9.0 42.811 42.875
-8.0 42.929 43.088
-7.0 43.009 43.221
-6.0 43.008 43.24
-5.0 42.714 42.682
-4.0 42.626 42.487
-3.0 42.59 42.405
-2.0 42.573 42.377
-1.0 42.558 42.345
-0.0 42.546 42.307
1.0 42.535 42.271
2.0 42.521 42.225
3.0 42.511 42.185
4.0 42.496 42.136
5.0 42.483 42.089
6.0 42.47 42.041
7.0 42.457 41.992
8.0 42.445 41.943
9.0 42.434 41.895
10.0 42.422 41.85
11.0 42.412 41.811
12.0 42.402 41.783
13.0 42.394 41.772
14.0 42.387 41.783
15.0 42.384 41.813
16.0 42.38 41.814
17.0 42.365 41.728
18.0 42.352 41.631
19.0 42.342 41.575
20.0 42.335 41.553
21.0 42.329 41.549
22.0 42.324 41.553
23.0 42.319 41.558
24.0 42.314 41.564
25.0 42.31 41.571
26.0 42.305 41.579
27.0 42.3 41.589
28.0 42.294 41.599
29.0 42.289 41.609
30.0 42.283 41.62
31.0 42.278 41.629
32.0 42.272 41.636
33.0 42.266 41.642
34.0 42.259 41.647
35.0 42.253 41.65
36.0 42.246 41.65
37.0 42.239 41.649
38.0 42.232 41.647
39.0 42.224 41.643
40.0 42.217 41.64
41.0 42.211 41.639
42.0 42.207 41.641
43.0 42.203 41.646
44.0 42.201 41.651
45.0 42.199 41.656
46.0 42.198 41.657
47.0 42.196 41.657
48.0 42.194 41.654
49.0 42.192 41.651
50.0 42.188 41.647
51.0 42.185 41.643
52.0 42.181 41.638
53.0 42.176 41.634
54.0 42.172 41.629
55.0 42.169 41.625
56.0 42.167 41.626
57.0 42.167 41.632
58.0 42.168 41.644
59.0 42.169 41.658
60.0 42.17 41.672
61.0 42.169 41.685
62.0 42.168 41.697
63.0 42.166 41.706
64.0 42.164 41.714
65.0 42.161 41.72
66.0 42.159 41.724
67.0 42.156 41.728
68.0 42.154 41.731
69.0 42.152 41.734
70.0 42.151 41.739
71.0 42.149 41.744
72.0 42.148 41.752
73.0 42.147 41.761
74.0 42.146 41.773
75.0 42.144 41.786
76.0 42.143 41.801
77.0 42.14 41.816
78.0 42.137 41.832
79.0 42.133 41.845
80.0 42.129 41.857
81.0 42.126 41.865
82.0 42.123 41.869
83.0 42.122 41.872
84.0 42.122 41.873
85.0 42.122 41.873
86.0 42.121 41.871
87.0 42.119 41.867
88.0 42.115 41.862
89.0 42.11 41.853
90.0 42.101 41.841
91.0 42.09 41.825
92.0 42.077 41.808
93.0 42.063 41.789
94.0 42.048 41.768
95.0 42.032 41.746
96.0 42.014 41.723
97.0 41.996 41.701
98.0 41.978 41.68
99.0 41.961 41.661
100.0 41.944 41.644
101.0 41.927 41.628
102.0 41.912 41.62
103.0 41.897 41.622
104.0 41.882 41.628
105.0 41.864 41.632
106.0 41.844 41.632
107.0 41.822 41.63
108.0 41.797 41.626
109.0 41.771 41.623
110.0 41.744 41.62
111.0 41.716 41.618
112.0 41.686 41.618
113.0 41.656 41.618
114.0 41.625 41.619
115.0 41.594 41.621
116.0 41.563 41.624
117.0 41.532 41.627
118.0 41.502 41.632
119.0 41.472 41.637
120.0 41.443 41.643
121.0 41.415 41.65
122.0 41.39 41.658
123.0 41.366 41.668
124.0 41.345 41.679
125.0 41.323 41.683
126.0 41.303 41.689
127.0 41.283 41.695
128.0 41.263 41.699
129.0 41.242 41.699
130.0 41.216 41.695
131.0 41.186 41.686
