-8.0 43.507 44.153
-7.0 43.822 44.449
-6.0 43.917 44.455
-5.0 43.892 44.324
-4.0 43.789 44.126
-3.0 43.154 43.022
-2.0 43.066 42.813
-1.0 43.005 42.669
-0.0 42.959 42.557
1.0 42.92 42.462
2.0 42.886 42.384
3.0 42.858 42.325
4.0 42.834 42.277
5.0 42.813 42.232
6.0 42.793 42.188
7.0 42.775 42.147
8.0 42.757 42.108
9.0 42.74 42.072
10.0 42.723 42.039
11.0 42.707 42.008
12.0 42.691 41.98
13.0 42.676 41.953
14.0 42.661 41.928
15.0 42.646 41.904
16.0 42.631 41.88
17.0 42.617 41.858
18.0 42.604 41.835
19.0 42.591 41.813
20.0 42.579 41.792
21.0 42.568 41.772
22.0 42.557 41.753
23.0 42.547 41.737
24.0 42.538 41.723
25.0 42.531 41.712
26.0 42.524 41.704
27.0 42.517 41.701
28.0 42.511 41.707
29.0 42.506 41.724
30.0 42.5 41.755
31.0 42.495 41.796
32.0 42.49 41.84
33.0 42.485 41.882
34.0 42.481 41.919
35.0 42.478 41.95
36.0 42.475 41.976
37.0 42.474 41.998
38.0 42.472 42.016
39.0 42.471 42.032
40.0 42.471 42.045
41.0 42.47 42.056
42.0 42.47 42.066
43.0 42.47 42.074
44.0 42.469 42.082
45.0 42.469 42.088
46.0 42.468 42.093
47.0 42.468 42.099
48.0 42.467 42.105
49.0 42.466 42.114
50.0 42.465 42.124
51.0 42.464 42.137
52.0 42.463 42.153
53.0 42.462 42.171
54.0 42.46 42.189
55.0 42.458 42.208
56.0 42.455 42.226
57.0 42.451 42.243
58.0 42.446 42.257
59.0 42.439 42.269
60.0 42.429 42.277
61.0 42.418 42.282
62.0 42.405 42.284
63.0 42.391 42.284
64.0 42.375 42.281
65.0 42.357 42.276
66.0 42.338 42.27
67.0 42.318 42.261
68.0 42.298 42.251
69.0 42.276 42.24
70.0 42.254 42.228
71.0 42.233 42.216
72.0 42.213 42.205
73.0 42.193 42.198
74.0 42.174 42.195
75.0 42.155 42.196
76.0 42.136 42.197
77.0 42.117 42.198
