# ph	T_bb	err	R_bb	err	L_bb	err

58942.48	1.11e+04	1.30e+03	2.34e+14	6.54e+13	5.94e+41	4.32e+41
58954.44	1.09e+04	7.81e+02	9.84e+14	1.79e+14	9.72e+42	4.50e+42
58954.44	1.09e+04	7.81e+02	9.85e+14	1.79e+14	9.74e+42	4.51e+42
58955.43	1.09e+04	7.79e+02	1.05e+15	1.91e+14	1.11e+43	5.15e+42
58956.34	1.09e+04	7.88e+02	1.10e+15	2.05e+14	1.21e+43	5.70e+42
58956.47	1.08e+04	8.14e+02	8.73e+14	1.70e+14	7.51e+42	3.69e+42
58960.46	1.10e+04	7.96e+02	1.24e+15	2.35e+14	1.60e+43	7.64e+42
58961.41	1.10e+04	7.97e+02	1.23e+15	2.38e+14	1.58e+43	7.64e+42
58964.28	1.09e+04	7.99e+02	1.22e+15	2.44e+14	1.49e+43	7.40e+42
58967.34	1.10e+04	8.19e+02	1.18e+15	2.44e+14	1.43e+43	7.34e+42
58970.39	1.10e+04	8.38e+02	1.11e+15	2.39e+14	1.31e+43	6.88e+42
58973.30	1.11e+04	8.50e+02	1.06e+15	2.31e+14	1.21e+43	6.46e+42
58974.42	1.06e+04	8.05e+02	1.14e+15	2.16e+14	1.18e+43	5.72e+42
58975.43	1.07e+04	8.19e+02	1.11e+15	2.14e+14	1.15e+43	5.66e+42
58976.30	1.07e+04	8.29e+02	1.10e+15	2.13e+14	1.13e+43	5.62e+42
58980.33	1.06e+04	1.18e+03	1.03e+15	2.86e+14	9.60e+42	6.83e+42
58991.24	1.08e+04	1.08e+03	9.24e+14	2.29e+14	8.38e+42	5.34e+42
58997.29	1.15e+04	1.19e+03	7.92e+14	1.94e+14	7.82e+42	5.03e+42
59004.27	1.21e+04	1.31e+03	7.09e+14	1.75e+14	7.58e+42	4.99e+42
59009.21	1.28e+04	1.57e+03	6.20e+14	1.64e+14	7.27e+42	5.26e+42
59012.24	1.31e+04	1.63e+03	5.79e+14	1.50e+14	7.07e+42	5.07e+42
59019.22	1.36e+04	1.67e+03	5.46e+14	1.36e+14	7.21e+42	5.04e+42
59022.23	1.49e+04	2.26e+03	4.42e+14	1.27e+14	6.87e+42	5.74e+42
59025.21	1.45e+04	1.97e+03	4.72e+14	1.25e+14	6.95e+42	5.28e+42
59028.22	1.83e+04	4.24e+03	2.87e+14	1.08e+14	6.57e+42	7.86e+42
59030.28	1.44e+04	1.98e+03	4.75e+14	1.27e+14	6.89e+42	5.29e+42
59031.22	1.45e+04	2.01e+03	4.68e+14	1.26e+14	6.88e+42	5.31e+42
59033.28	1.47e+04	2.10e+03	4.53e+14	1.24e+14	6.84e+42	5.41e+42
59036.26	1.46e+04	1.71e+03	4.37e+14	1.13e+14	6.14e+42	4.29e+42
59037.20	1.40e+04	1.51e+03	4.42e+14	1.08e+14	5.29e+42	3.44e+42
59037.27	1.41e+04	1.57e+03	4.38e+14	1.08e+14	5.46e+42	3.63e+42
59038.20	1.48e+04	1.86e+03	4.00e+14	1.06e+14	5.52e+42	4.03e+42
59039.23	1.55e+04	2.17e+03	3.59e+14	1.01e+14	5.30e+42	4.21e+42
59040.27	1.52e+04	2.07e+03	3.41e+14	9.34e+13	4.38e+42	3.39e+42
59042.23	1.88e+04	4.06e+03	2.40e+14	8.52e+13	5.11e+42	5.72e+42
59043.24	1.73e+04	3.15e+03	2.75e+14	8.66e+13	4.83e+42	4.65e+42
59044.22	1.65e+04	2.65e+03	3.07e+14	8.75e+13	4.92e+42	4.23e+42
59045.20	1.48e+04	1.82e+03	3.61e+14	8.48e+13	4.40e+42	3.00e+42
59046.20	1.55e+04	2.17e+03	3.19e+14	8.10e+13	4.17e+42	3.15e+42
59047.22	1.64e+04	2.66e+03	2.76e+14	7.66e+13	3.92e+42	3.35e+42
59047.27	1.57e+04	2.35e+03	2.87e+14	7.54e+13	3.59e+42	2.86e+42
59048.21	1.52e+04	1.99e+03	3.38e+14	7.80e+13	4.39e+42	3.05e+42
59051.20	2.15e+04	6.16e+03	1.67e+14	6.33e+13	4.24e+42	5.83e+42
59053.28	4.84e+03	1.81e+03	1.51e+15	1.51e+15	8.92e+41	2.23e+42
59081.25	1.30e+04	1.93e+03	1.90e+14	4.05e+13	7.37e+41	5.39e+41
59095.25	1.28e+04	1.60e+03	1.89e+14	3.23e+13	6.78e+41	4.12e+41
59097.24	1.29e+04	2.19e+03	1.90e+14	4.25e+13	7.25e+41	5.88e+41
59242.64	8.79e+03	2.96e+03	3.08e+14	1.73e+14	4.04e+41	7.09e+41
59313.53	1.50e+04	2.21e+03	1.17e+14	1.94e+13	4.87e+41	3.30e+41
59333.43	1.87e+04	3.79e+03	1.02e+14	2.03e+13	9.11e+41	8.23e+41
59596.62	1.35e+04	1.42e+03	1.53e+14	1.94e+13	5.51e+41	2.71e+41
59597.60	1.05e+04	2.20e+03	2.35e+14	6.96e+13	4.80e+41	4.92e+41
59598.62	9.62e+03	1.15e+03	2.75e+14	4.96e+13	4.62e+41	2.76e+41
59600.62	1.27e+04	2.12e+03	1.73e+14	3.66e+13	5.52e+41	4.37e+41
59623.56	1.34e+04	1.49e+03	1.77e+14	2.30e+13	7.24e+41	3.73e+41
59693.39	1.81e+04	4.78e+03	1.25e+14	3.14e+13	1.19e+42	1.40e+42
59717.35	1.42e+04	2.32e+03	1.34e+14	2.39e+13	5.16e+41	3.85e+41
59726.27	1.30e+04	1.39e+03	1.82e+14	2.21e+13	6.86e+41	3.36e+41
59731.26	1.25e+04	1.38e+03	2.00e+14	2.57e+13	7.00e+41	3.57e+41
59734.27	1.16e+04	1.91e+03	2.10e+14	4.20e+13	5.73e+41	4.41e+41
59767.27	1.27e+04	1.51e+03	2.10e+14	3.01e+13	8.03e+41	4.48e+41
59776.30	1.28e+04	1.46e+03	1.75e+14	2.41e+13	5.79e+41	3.09e+41
