##phase	S	err	D	err	A	err	U	err	B	err	g	err	V	err	r	err	i	err	z	err	
#
58942.48	20.72	0.16	20.71	0.16	20.59	0.17	20.48	0.18	20.08	0.18	18.44	0.14	20.48	0.23	21.26	0.23	21.66	0.26	21.60	0.38
58954.44	17.72	0.10	17.71	0.10	17.59	0.11	17.48	0.13	17.08	0.13	17.87	0.14	17.48	0.19	18.26	0.23	18.66	0.25	18.60	0.36
58954.44	17.71	0.10	17.71	0.10	17.58	0.11	17.48	0.13	17.08	0.13	17.87	0.14	17.48	0.19	18.26	0.23	18.66	0.25	18.60	0.36
58955.43	17.56	0.10	17.56	0.10	17.43	0.11	17.33	0.13	16.93	0.13	17.78	0.14	17.33	0.19	18.11	0.23	18.51	0.25	18.45	0.36
58956.34	17.48	0.10	17.48	0.10	17.35	0.11	17.24	0.12	16.85	0.12	17.62	0.14	17.25	0.19	18.03	0.23	18.43	0.25	18.37	0.36
58956.47	18.00	0.10	18.00	0.09	17.87	0.11	17.77	0.12	17.37	0.12	17.95	0.14	17.77	0.19	18.55	0.23	18.95	0.25	18.89	0.36
58960.46	17.15	0.08	17.15	0.08	17.02	0.09	16.91	0.11	16.52	0.11	17.58	0.14	16.92	0.18	17.70	0.23	18.09	0.25	18.03	0.36
58961.41	17.16	0.07	17.16	0.07	17.03	0.09	16.93	0.11	16.53	0.11	17.58	0.14	16.93	0.18	17.71	0.23	18.09	0.25	18.05	0.36
58964.28	17.25	0.06	17.24	0.06	17.12	0.08	17.01	0.10	16.62	0.10	17.56	0.14	17.02	0.17	17.80	0.23	18.08	0.25	18.13	0.36
58967.34	17.28	0.05	17.27	0.05	17.15	0.07	17.04	0.09	16.64	0.09	17.68	0.14	17.04	0.17	17.82	0.23	18.07	0.25	18.16	0.35
58970.39	17.37	0.05	17.37	0.04	17.24	0.06	17.13	0.09	16.74	0.09	17.82	0.14	17.14	0.17	17.92	0.23	18.05	0.25	18.25	0.35
58973.30	17.44	0.04	17.44	0.04	17.31	0.06	17.21	0.09	16.81	0.09	17.91	0.14	17.21	0.16	17.99	0.23	18.15	0.25	18.33	0.35
58974.42	17.54	0.10	17.54	0.10	17.41	0.10	17.31	0.10	16.91	0.10	17.99	0.14	17.31	0.16	18.09	0.23	18.21	0.25	18.30	0.35
58975.43	17.53	0.10	17.55	0.10	17.44	0.10	17.31	0.10	16.94	0.10	18.06	0.14	17.38	0.16	18.03	0.23	18.27	0.25	18.32	0.35
58976.30	17.51	0.10	17.56	0.10	17.46	0.10	17.31	0.10	16.96	0.10	18.09	0.14	17.43	0.16	18.05	0.23	18.28	0.25	18.33	0.35
58980.33	17.50	0.10	17.57	0.10	17.80	0.10	17.43	0.10	16.92	0.10	18.26	0.14	17.06	0.16	18.14	0.23	18.30	0.25	18.40	0.35
58991.24	17.73	0.10	17.81	0.10	17.82	0.10	17.64	0.10	17.06	0.10	18.46	0.14	17.11	0.16	18.40	0.23	18.44	0.25	18.58	0.35
58997.29	17.77	0.10	17.78	0.10	17.74	0.10	17.75	0.10	17.14	0.10	18.72	0.14	17.10	0.16	18.46	0.23	18.47	0.25	18.67	0.35
59004.27	17.72	0.10	17.75	0.10	17.67	0.10	17.84	0.10	17.19	0.10	18.83	0.14	17.13	0.16	18.42	0.23	18.68	0.25	18.77	0.35
59009.21	17.57	0.10	17.72	0.10	17.70	0.10	17.87	0.10	17.20	0.10	19.00	0.14	17.41	0.16	18.58	0.23	18.73	0.25	18.83	0.35
59012.24	17.56	0.10	17.72	0.10	17.69	0.10	17.97	0.10	17.32	0.10	19.07	0.14	17.63	0.16	18.67	0.23	18.75	0.25	18.86	0.35
59019.22	17.58	0.10	17.61	0.10	17.70	0.10	17.84	0.10	17.45	0.10	19.17	0.14	17.66	0.16	18.84	0.23	18.84	0.25	18.94	0.35
59022.23	17.59	0.10	17.63	0.10	17.64	0.10	17.85	0.10	17.34	0.10	19.47	0.14	17.69	0.16	18.83	0.23	19.00	0.25	18.98	0.35
59025.21	17.59	0.10	17.66	0.10	17.62	0.10	17.87	0.10	17.22	0.10	19.32	0.14	17.72	0.16	18.92	0.23	19.39	0.25	19.01	0.35
59028.22	17.60	0.10	17.68	0.10	17.64	0.10	17.89	0.10	17.15	0.10	19.96	0.14	17.73	0.16	19.05	0.23	19.34	0.25	19.05	0.35
59030.28	17.60	0.10	17.69	0.10	17.61	0.10	17.87	0.10	17.23	0.10	19.35	0.14	17.71	0.16	19.04	0.23	19.13	0.25	19.02	0.35
59031.22	17.60	0.10	17.69	0.10	17.60	0.10	17.87	0.10	17.26	0.10	19.38	0.14	17.69	0.16	19.04	0.23	19.15	0.25	19.01	0.35
59033.28	17.60	0.10	17.69	0.10	17.58	0.10	17.85	0.10	17.34	0.10	19.44	0.14	17.67	0.16	18.99	0.23	19.19	0.25	18.99	0.35
59036.26	17.72	0.05	17.80	0.05	17.70	0.06	17.97	0.09	17.45	0.09	19.53	0.14	17.78	0.17	19.11	0.23	19.24	0.25	19.19	0.35
59037.20	17.92	0.05	18.00	0.05	17.90	0.07	18.17	0.09	17.65	0.09	19.56	0.14	17.98	0.17	19.31	0.23	19.25	0.25	19.26	0.35
59037.27	17.87	0.05	17.96	0.05	17.85	0.07	18.12	0.09	17.61	0.09	19.57	0.14	17.94	0.17	19.26	0.23	19.26	0.25	19.26	0.35
59038.20	17.82	0.06	17.91	0.06	17.80	0.07	18.07	0.09	17.56	0.09	19.70	0.14	17.89	0.17	19.21	0.23	19.24	0.25	19.33	0.35
59039.23	17.84	0.06	17.93	0.06	17.82	0.08	18.09	0.10	17.58	0.10	19.84	0.14	17.91	0.17	19.23	0.23	19.28	0.25	19.40	0.35
59040.27	18.06	0.07	18.15	0.07	18.04	0.08	18.31	0.10	17.80	0.10	19.99	0.14	18.13	0.17	19.45	0.23	19.33	0.25	19.47	0.35
59042.23	17.87	0.09	17.96	0.09	17.85	0.10	18.12	0.12	17.61	0.12	20.26	0.14	17.94	0.18	19.26	0.23	19.41	0.25	19.51	0.35
59043.24	17.92	0.10	18.01	0.10	17.90	0.11	18.17	0.12	17.66	0.12	20.12	0.14	17.99	0.19	19.31	0.23	19.46	0.25	19.53	0.35
59044.22	17.91	0.11	17.99	0.10	17.89	0.11	18.16	0.13	17.65	0.13	19.97	0.14	17.97	0.19	19.30	0.23	19.50	0.25	19.55	0.35
59045.20	18.07	0.12	18.16	0.11	18.05	0.12	18.32	0.14	17.81	0.14	19.82	0.14	18.14	0.20	19.46	0.23	19.54	0.25	19.57	0.35
59046.20	18.11	0.12	18.19	0.12	18.08	0.13	18.35	0.15	17.84	0.14	19.99	0.14	18.17	0.20	19.50	0.23	19.59	0.25	19.59	0.35
59047.22	18.15	0.13	18.24	0.13	18.13	0.14	18.40	0.15	17.89	0.15	20.17	0.14	18.22	0.21	19.54	0.23	19.63	0.25	19.61	0.35
59047.27	18.26	0.13	18.34	0.13	18.24	0.14	18.51	0.15	17.99	0.15	20.18	0.14	18.32	0.21	19.65	0.23	19.64	0.25	19.61	0.35
59048.21	18.06	0.14	18.14	0.14	18.04	0.15	18.31	0.16	17.79	0.16	19.86	0.14	18.12	0.21	19.45	0.23	19.68	0.25	19.63	0.35
59051.20	18.14	0.17	18.22	0.17	18.11	0.18	18.38	0.19	17.87	0.19	20.62	0.14	18.20	0.23	19.52	0.23	19.81	0.25	19.70	0.35
59053.28	18.50	0.19	18.58	0.19	18.48	0.20	18.75	0.21	18.23	0.21	21.34	0.14	18.56	0.25	19.89	0.23	19.88	0.25	19.74	0.35
59081.25	19.96	0.47	20.05	0.47	19.94	0.47	20.21	0.47	19.70	0.47	21.37	0.14	20.03	0.49	21.35	0.23	20.87	0.25	20.33	0.35
59095.25	20.03	0.61	20.12	0.61	20.01	0.61	20.28	0.61	19.77	0.61	21.38	0.14	20.10	0.63	21.42	0.23	21.36	0.25	20.62	0.35
59097.24	19.76	0.63	19.84	0.63	19.74	0.63	20.01	0.63	19.50	0.63	21.38	0.14	19.82	0.65	21.15	0.23	21.35	0.25	20.67	0.35
59242.64	18.14	1.20	18.22	1.20	18.12	1.20	18.39	1.20	17.87	1.20	21.52	0.14	18.20	1.20	19.53	0.23	20.49	0.25	21.50	0.35
59313.53	20.88	1.20	20.96	1.20	20.86	1.20	21.13	1.20	20.61	1.20	21.59	0.14	20.94	1.20	22.27	0.23	22.50	0.25	21.90	0.35
59333.43	20.01	1.20	20.09	1.20	19.98	1.20	20.25	1.20	19.74	1.20	21.61	0.14	20.07	1.20	21.39	0.23	22.43	0.25	22.02	0.35
59596.62	20.48	1.20	20.56	1.20	20.46	1.20	20.73	1.20	20.21	1.20	21.52	0.14	20.54	1.20	21.87	0.23	21.96	0.25	21.27	0.35
59597.60	19.40	1.20	19.48	1.20	19.38	1.20	19.65	1.20	19.14	1.20	21.48	0.14	19.46	1.20	20.79	0.23	21.64	0.25	21.26	0.35
59598.62	19.81	1.20	19.89	1.20	19.79	1.20	20.06	1.20	19.54	1.20	21.44	0.14	19.87	1.20	21.20	0.23	21.32	0.25	21.26	0.35
59600.62	20.55	1.20	20.63	1.20	20.53	1.20	20.80	1.20	20.28	1.20	21.36	0.14	20.61	1.20	21.94	0.23	21.35	0.25	21.24	0.35
59623.56	20.22	1.20	20.30	1.20	20.20	1.20	20.47	1.20	19.95	1.20	21.03	0.24	20.28	1.20	21.61	0.23	21.57	0.25	21.21	0.35
59693.39	19.63	1.20	19.71	1.20	19.61	1.20	19.88	1.20	19.36	1.20	20.44	0.90	19.69	1.20	21.02	0.23	22.09	0.25	21.09	0.35
59717.35	20.46	1.20	20.55	1.20	20.44	1.20	20.71	1.20	20.20	1.20	21.27	1.14	20.53	1.20	21.85	0.23	22.26	0.25	21.05	0.35
59726.27	20.12	1.20	20.20	1.20	20.10	1.20	20.37	1.20	19.86	1.20	20.93	1.20	20.18	1.20	21.51	0.23	21.62	0.25	21.03	0.35
59731.26	20.07	1.20	20.16	1.20	20.05	1.20	20.32	1.20	19.81	1.20	20.88	1.20	20.14	1.20	21.46	0.23	21.38	0.25	21.02	0.35
59734.27	20.22	1.20	20.31	1.20	20.20	1.20	20.47	1.20	19.96	1.20	21.03	1.20	20.29	1.20	21.61	0.23	21.24	0.25	21.02	0.35
59767.27	19.94	1.20	20.02	1.20	19.92	1.20	20.19	1.20	19.67	1.20	20.75	1.20	20.00	1.20	21.33	0.23	20.96	0.41	20.96	0.35
59776.30	20.30	1.20	20.38	1.20	20.28	1.20	20.55	1.20	20.03	1.20	21.11	1.20	20.36	1.20	21.69	0.23	21.32	0.49	21.32	0.36
#
## All light curves linearly interpolated
## Extrapolation done by assuming constant colour with reference band
