"Time (MJD)" "Temp./1e3 (K)" "Temp. Err." "Radius/1e15 (cm)" "Radius Err." "Log10(Bol. Lum)" "Log10(Bol. Err)"
-9.979 12.828 0.337 0.436 0.013 42.564 41.251
-8.972 12.329 0.302 0.457 0.013 42.537 41.181
-7.965 11.872 0.272 0.480 0.013 42.513 41.114
-6.959 11.453 0.246 0.502 0.013 42.491 41.049
-5.952 11.378 0.000 0.610 0.000 42.648 36.655
-4.945 11.707 0.110 0.584 0.008 42.659 40.711
-3.938 12.806 0.146 0.514 0.008 42.704 40.908
-2.932 13.336 0.153 0.486 0.007 42.726 40.959
-1.925 13.562 0.162 0.473 0.007 42.732 40.999
-0.918 12.693 0.138 0.510 0.007 42.682 40.880
0.089 12.228 0.118 0.534 0.007 42.657 40.797
1.096 10.394 0.078 0.664 0.007 42.564 40.507
2.102 9.501 0.065 0.744 0.008 42.507 40.346
3.109 9.262 0.062 0.770 0.008 42.493 40.321
4.116 8.880 0.057 0.820 0.008 42.474 40.264
5.123 8.483 0.052 0.876 0.009 42.452 40.194
6.129 8.130 0.048 0.933 0.009 42.433 40.128
7.136 7.819 0.045 0.991 0.010 42.417 40.066
8.143 7.545 0.042 1.049 0.010 42.405 40.008
9.150 7.302 0.040 1.106 0.011 42.394 39.953
10.157 6.950 0.034 1.213 0.011 42.388 39.868
11.163 6.882 0.034 1.225 0.011 42.380 39.844
12.170 6.714 0.033 1.275 0.012 42.372 39.796
13.177 6.535 0.031 1.339 0.012 42.367 39.746
14.184 6.414 0.030 1.380 0.013 42.361 39.712
15.190 6.374 0.030 1.383 0.013 42.352 39.696
16.197 6.093 0.026 1.494 0.013 42.341 39.644
17.204 5.993 0.025 1.529 0.013 42.332 39.645
18.211 5.816 0.023 1.626 0.014 42.333 39.677
19.218 5.709 0.022 1.669 0.014 42.324 39.693
20.224 5.790 0.023 1.610 0.014 42.317 39.676
21.231 5.738 0.023 1.622 0.014 42.308 39.679
22.238 5.534 0.021 1.738 0.014 42.305 39.720
23.245 5.282 0.019 1.887 0.015 42.296 39.769
24.251 5.391 0.020 1.798 0.015 42.289 39.735
25.258 5.362 0.019 1.802 0.015 42.282 39.733
26.265 5.350 0.019 1.796 0.015 42.275 39.727
27.272 5.334 0.019 1.795 0.015 42.269 39.722
28.279 5.321 0.019 1.789 0.015 42.262 39.716
29.285 5.304 0.019 1.788 0.015 42.256 39.711
30.292 5.443 0.021 1.649 0.014 42.230 39.657
31.299 5.404 0.020 1.678 0.014 42.233 39.665
32.306 5.192 0.018 1.839 0.015 42.243 39.716
33.312 5.283 0.019 1.769 0.014 42.240 39.692
34.319 5.307 0.020 1.733 0.014 42.230 39.677
35.326 5.333 0.020 1.699 0.014 42.221 39.663
36.333 5.334 0.020 1.679 0.014 42.211 39.653
37.340 5.335 0.021 1.658 0.014 42.200 39.644
38.346 5.318 0.021 1.648 0.014 42.190 39.638
39.353 5.172 0.019 1.787 0.015 42.212 39.689
40.360 5.195 0.020 1.737 0.015 42.195 39.671
41.367 5.058 0.019 1.881 0.016 42.218 39.723
42.373 5.126 0.020 1.782 0.015 42.194 39.689
43.380 5.064 0.019 1.857 0.016 42.209 39.718
44.387 5.235 0.022 1.648 0.015 42.162 39.645
45.394 5.123 0.020 1.775 0.016 42.189 39.695
46.401 5.157 0.021 1.731 0.015 42.179 39.683
47.407 5.166 0.021 1.717 0.016 42.175 39.682
48.414 5.176 0.021 1.701 0.016 42.171 39.681
49.421 5.192 0.022 1.684 0.016 42.167 39.680
50.428 5.232 0.022 1.636 0.016 42.155 39.667
51.434 5.204 0.023 1.650 0.016 42.153 39.678
52.441 5.069 0.022 1.734 0.017 42.151 39.713
53.448 5.062 0.022 1.735 0.017 42.149 39.720
54.455 5.060 0.022 1.745 0.018 42.153 39.731
55.462 5.079 0.023 1.727 0.018 42.150 39.735
56.468 5.059 0.023 1.748 0.018 42.154 39.751
57.475 5.131 0.025 1.657 0.018 42.133 39.724
58.482 5.086 0.025 1.702 0.019 42.140 39.749
59.489 5.051 0.025 1.737 0.020 42.146 39.770
60.495 5.046 0.025 1.730 0.020 42.141 39.776
61.502 5.014 0.025 1.757 0.021 42.143 39.793
62.509 4.987 0.026 1.771 0.021 42.140 39.806
63.516 4.957 0.026 1.788 0.022 42.138 39.820
64.522 4.928 0.026 1.804 0.023 42.136 39.839
65.529 4.922 0.027 1.812 0.023 42.137 39.851
66.536 4.926 0.028 1.803 0.024 42.135 39.858
67.543 4.766 0.026 1.954 0.026 42.147 39.912
68.550 4.772 0.026 1.933 0.026 42.140 39.914
69.556 4.876 0.029 1.785 0.025 42.108 39.872
70.563 4.878 0.030 1.772 0.026 42.103 39.875
71.570 4.884 0.030 1.753 0.026 42.096 39.875
72.577 4.890 0.031 1.736 0.026 42.089 39.875
73.583 4.895 0.032 1.718 0.026 42.082 39.875
74.590 4.899 0.032 1.702 0.027 42.075 39.875
75.597 4.889 0.033 1.696 0.027 42.069 39.879
76.604 4.879 0.033 1.691 0.027 42.062 39.883
77.611 4.867 0.033 1.690 0.028 42.058 39.888
78.617 4.852 0.034 1.690 0.028 42.052 39.894
79.624 4.821 0.033 1.700 0.029 42.046 39.903
80.631 4.797 0.034 1.706 0.029 42.041 39.910
81.638 4.820 0.035 1.671 0.029 42.031 39.904
82.644 4.877 0.038 1.613 0.030 42.021 39.891
83.651 4.884 0.039 1.593 0.031 42.012 39.890
84.658 4.885 0.040 1.581 0.031 42.006 39.892
85.665 4.944 0.047 1.527 0.034 41.997 39.890
86.672 4.906 0.047 1.538 0.035 41.990 39.903
87.678 4.733 0.044 1.690 0.039 42.010 40.006
88.685 4.707 0.044 1.696 0.040 42.003 40.014
89.692 4.676 0.044 1.707 0.040 41.997 40.024
90.699 4.644 0.044 1.719 0.041 41.991 40.035
91.705 4.610 0.044 1.733 0.042 41.985 40.046
92.712 4.577 0.044 1.747 0.043 41.980 40.056
93.719 4.544 0.045 1.761 0.045 41.974 40.067
94.726 4.513 0.045 1.774 0.046 41.969 40.076
95.733 4.482 0.045 1.787 0.046 41.963 40.084
96.739 4.468 0.045 1.779 0.047 41.954 40.085
97.746 4.464 0.046 1.758 0.047 41.942 40.082
98.753 4.460 0.047 1.736 0.048 41.929 40.079
99.760 4.471 0.048 1.699 0.047 41.915 40.069
100.766 4.548 0.049 1.593 0.045 41.889 40.025
101.773 4.574 0.049 1.538 0.043 41.868 39.996
102.780 4.521 0.046 1.555 0.041 41.857 39.984
103.787 4.919 0.086 1.246 0.051 41.811 39.928
104.794 5.196 0.099 1.074 0.045 41.777 39.804
105.800 5.427 0.113 0.950 0.042 41.746 39.696
106.807 5.543 0.123 0.874 0.040 41.711 39.631
107.814 5.642 0.459 0.816 0.142 41.682 40.045
108.821 5.751 0.490 0.761 0.136 41.655 39.915
109.827 5.698 0.014 0.761 0.000 41.639 39.627
110.834 5.623 0.014 0.761 0.000 41.616 39.610
111.841 5.549 0.014 0.761 0.000 41.593 39.594
112.848 5.477 0.014 0.761 0.000 41.570 39.579
113.855 5.406 0.014 0.761 0.000 41.548 39.564
114.861 5.338 0.014 0.761 0.000 41.525 39.549
115.868 5.271 0.014 0.761 0.000 41.503 39.535
116.875 5.205 0.014 0.761 0.000 41.482 39.522
117.882 5.142 0.014 0.761 0.000 41.460 39.509
118.888 5.079 0.014 0.761 0.000 41.439 39.496
119.895 5.018 0.015 0.761 0.000 41.418 39.483
120.902 4.959 0.015 0.761 0.000 41.398 39.470
121.909 4.901 0.015 0.761 0.000 41.377 39.458
122.916 4.844 0.015 0.761 0.000 41.357 39.446
123.922 4.789 0.015 0.761 0.000 41.337 39.435
124.929 4.735 0.015 0.761 0.000 41.317 39.423
125.936 4.682 0.015 0.761 0.000 41.298 39.412
126.943 4.640 0.015 0.761 0.000 41.282 39.405
127.949 4.632 0.016 0.761 0.000 41.279 39.415
128.956 4.625 0.016 0.761 0.000 41.277 39.425
129.963 4.619 0.017 0.761 0.000 41.274 39.434
