# ph	T_bb	err	R_bb	err	L_bb	err

59078.57	1.01e+04	9.77e+02	4.06e+14	4.94e+13	1.24e+42	5.65e+41
59080.60	1.01e+04	9.77e+02	5.26e+14	6.40e+13	2.08e+42	9.49e+41
59080.60	1.01e+04	9.77e+02	5.26e+14	6.40e+13	2.08e+42	9.49e+41
59080.61	1.01e+04	9.77e+02	6.19e+14	7.52e+13	2.87e+42	1.31e+42
59084.43	1.01e+04	9.77e+02	7.37e+14	8.96e+13	4.08e+42	1.86e+42
59084.43	1.01e+04	9.77e+02	7.37e+14	8.96e+13	4.08e+42	1.86e+42
59084.43	1.01e+04	9.77e+02	7.37e+14	8.96e+13	4.08e+42	1.86e+42
59084.43	1.01e+04	9.77e+02	7.37e+14	8.96e+13	4.08e+42	1.86e+42
59087.55	1.01e+04	9.77e+02	7.61e+14	9.25e+13	4.34e+42	1.98e+42
59088.49	1.01e+04	9.77e+02	7.27e+14	8.84e+13	3.97e+42	1.81e+42
59088.49	1.01e+04	9.77e+02	7.27e+14	8.84e+13	3.97e+42	1.81e+42
59090.51	1.01e+04	9.77e+02	7.55e+14	9.18e+13	4.28e+42	1.95e+42
59090.58	1.01e+04	9.77e+02	7.74e+14	9.41e+13	4.50e+42	2.05e+42
59091.42	1.01e+04	9.77e+02	7.08e+14	8.61e+13	3.76e+42	1.71e+42
59092.43	1.01e+04	9.77e+02	6.84e+14	8.32e+13	3.52e+42	1.60e+42
59094.42	1.01e+04	9.77e+02	7.40e+14	8.99e+13	4.11e+42	1.87e+42
59094.44	1.01e+04	9.77e+02	7.52e+14	9.15e+13	4.25e+42	1.94e+42
59094.50	1.01e+04	9.77e+02	6.72e+14	8.17e+13	3.39e+42	1.55e+42
59096.40	1.01e+04	9.77e+02	7.33e+14	8.91e+13	4.03e+42	1.84e+42
59100.54	1.01e+04	9.77e+02	7.36e+14	8.95e+13	4.07e+42	1.85e+42
59100.54	1.01e+04	9.77e+02	7.28e+14	8.86e+13	3.98e+42	1.82e+42
59100.55	1.01e+04	9.77e+02	7.22e+14	8.79e+13	3.92e+42	1.79e+42
59100.56	1.01e+04	9.77e+02	7.16e+14	8.70e+13	3.84e+42	1.75e+42
59102.46	1.01e+04	9.77e+02	7.03e+14	8.55e+13	3.71e+42	1.69e+42
59102.56	1.01e+04	9.77e+02	6.95e+14	8.46e+13	3.63e+42	1.66e+42
59102.56	1.01e+04	9.77e+02	7.25e+14	8.82e+13	3.95e+42	1.80e+42
59102.56	1.01e+04	9.77e+02	6.78e+14	8.25e+13	3.45e+42	1.58e+42
59102.57	1.01e+04	9.77e+02	7.09e+14	8.62e+13	3.77e+42	1.72e+42
59104.55	1.01e+04	9.77e+02	6.91e+14	8.40e+13	3.58e+42	1.63e+42
59104.55	1.01e+04	9.77e+02	6.93e+14	8.43e+13	3.61e+42	1.65e+42
59104.55	1.01e+04	9.77e+02	6.63e+14	8.06e+13	3.30e+42	1.51e+42
59105.60	1.01e+04	9.77e+02	6.73e+14	8.18e+13	3.40e+42	1.55e+42
59105.60	1.01e+04	9.77e+02	5.66e+14	6.89e+13	2.41e+42	1.10e+42
59106.52	1.01e+04	9.77e+02	5.22e+14	6.35e+13	2.05e+42	9.34e+41
59106.55	1.01e+04	9.77e+02	5.69e+14	6.92e+13	2.43e+42	1.11e+42
59106.55	1.01e+04	9.77e+02	5.98e+14	7.27e+13	2.68e+42	1.22e+42
59106.55	1.01e+04	9.77e+02	6.14e+14	7.46e+13	2.83e+42	1.29e+42
59106.56	1.01e+04	9.77e+02	5.66e+14	6.88e+13	2.41e+42	1.10e+42
59106.57	1.01e+04	9.77e+02	6.80e+14	8.27e+13	3.47e+42	1.58e+42
59106.57	1.01e+04	9.77e+02	6.80e+14	8.27e+13	3.47e+42	1.58e+42
59106.58	1.01e+04	9.77e+02	6.83e+14	8.30e+13	3.50e+42	1.60e+42
59106.60	1.01e+04	9.77e+02	6.70e+14	8.15e+13	3.37e+42	1.54e+42
59106.61	1.01e+04	9.77e+02	6.75e+14	8.21e+13	3.43e+42	1.56e+42
59108.37	1.01e+04	9.77e+02	5.07e+14	6.16e+13	1.93e+42	8.79e+41
59108.46	1.01e+04	9.77e+02	6.75e+14	8.21e+13	3.42e+42	1.56e+42
59108.50	1.01e+04	9.77e+02	6.74e+14	8.20e+13	3.41e+42	1.56e+42
59108.50	1.01e+04	9.77e+02	6.92e+14	8.41e+13	3.59e+42	1.64e+42
59108.50	1.01e+04	9.77e+02	6.35e+14	7.73e+13	3.03e+42	1.38e+42
59108.51	1.01e+04	9.77e+02	7.07e+14	8.59e+13	3.75e+42	1.71e+42
59108.59	1.01e+04	9.77e+02	5.26e+14	6.39e+13	2.07e+42	9.46e+41
59108.59	1.01e+04	9.77e+02	6.83e+14	8.31e+13	3.50e+42	1.60e+42
59109.48	1.01e+04	9.77e+02	5.64e+14	6.86e+13	2.39e+42	1.09e+42
59109.50	1.01e+04	9.77e+02	5.85e+14	7.12e+13	2.57e+42	1.17e+42
59109.53	1.01e+04	9.77e+02	5.69e+14	6.92e+13	2.43e+42	1.11e+42
59109.54	1.01e+04	9.77e+02	5.48e+14	6.66e+13	2.25e+42	1.03e+42
59110.51	1.01e+04	9.77e+02	6.78e+14	8.25e+13	3.45e+42	1.57e+42
59110.53	1.01e+04	9.77e+02	5.48e+14	6.66e+13	2.25e+42	1.03e+42
59110.53	1.01e+04	9.77e+02	5.69e+14	6.92e+13	2.43e+42	1.11e+42
59110.54	1.01e+04	9.77e+02	5.56e+14	6.76e+13	2.32e+42	1.06e+42
59110.56	1.01e+04	9.77e+02	5.89e+14	7.16e+13	2.60e+42	1.19e+42
59111.40	1.01e+04	9.77e+02	4.80e+14	5.83e+13	1.73e+42	7.87e+41
59111.42	1.01e+04	9.77e+02	6.60e+14	8.03e+13	3.27e+42	1.49e+42
59112.51	1.01e+04	9.77e+02	6.63e+14	8.06e+13	3.30e+42	1.50e+42
59112.51	1.01e+04	9.77e+02	6.60e+14	8.03e+13	3.27e+42	1.49e+42
59112.51	1.01e+04	9.77e+02	6.56e+14	7.97e+13	3.23e+42	1.47e+42
59112.52	1.01e+04	9.77e+02	6.91e+14	8.40e+13	3.58e+42	1.63e+42
59113.48	1.01e+04	9.77e+02	5.24e+14	6.37e+13	2.06e+42	9.40e+41
59113.49	1.01e+04	9.77e+02	5.14e+14	6.25e+13	1.98e+42	9.04e+41
59113.50	1.01e+04	9.77e+02	5.13e+14	6.24e+13	1.98e+42	9.02e+41
59113.51	1.01e+04	9.77e+02	4.96e+14	6.03e+13	1.84e+42	8.41e+41
59114.35	1.01e+04	9.77e+02	4.46e+14	5.43e+13	1.50e+42	6.82e+41
59114.46	1.01e+04	9.77e+02	6.43e+14	7.82e+13	3.11e+42	1.42e+42
59114.53	1.01e+04	9.77e+02	5.32e+14	6.47e+13	2.12e+42	9.69e+41
59114.53	1.01e+04	9.77e+02	5.04e+14	6.13e+13	1.91e+42	8.71e+41
59114.54	1.01e+04	9.77e+02	5.48e+14	6.67e+13	2.26e+42	1.03e+42
59114.55	1.01e+04	9.77e+02	5.24e+14	6.37e+13	2.06e+42	9.40e+41
59114.57	1.01e+04	9.77e+02	6.37e+14	7.75e+13	3.05e+42	1.39e+42
59114.57	1.01e+04	9.77e+02	4.71e+14	5.73e+13	1.67e+42	7.61e+41
59116.43	1.01e+04	9.77e+02	6.34e+14	7.72e+13	3.02e+42	1.38e+42
59117.38	1.01e+04	9.77e+02	6.42e+14	7.80e+13	3.09e+42	1.41e+42
59118.48	1.01e+04	9.77e+02	4.22e+14	5.14e+13	1.34e+42	6.11e+41
59118.56	1.01e+04	9.77e+02	6.36e+14	7.73e+13	3.03e+42	1.38e+42
59118.56	1.01e+04	9.77e+02	6.28e+14	7.64e+13	2.96e+42	1.35e+42
59120.36	1.01e+04	9.77e+02	4.10e+14	4.98e+13	1.26e+42	5.75e+41
59120.44	1.01e+04	9.77e+02	4.18e+14	5.09e+13	1.31e+42	5.99e+41
59120.50	1.01e+04	9.77e+02	6.25e+14	7.61e+13	2.94e+42	1.34e+42
59120.51	1.01e+04	9.77e+02	6.22e+14	7.56e+13	2.91e+42	1.33e+42
59120.51	1.01e+04	9.77e+02	6.44e+14	7.83e+13	3.12e+42	1.42e+42
59120.51	1.01e+04	9.77e+02	5.91e+14	7.18e+13	2.62e+42	1.19e+42
59121.36	1.01e+04	9.77e+02	4.23e+14	5.15e+13	1.35e+42	6.14e+41
59121.37	1.01e+04	9.77e+02	6.10e+14	7.42e+13	2.80e+42	1.28e+42
59121.39	1.01e+04	9.77e+02	6.69e+14	8.14e+13	3.36e+42	1.53e+42
59121.40	1.01e+04	9.77e+02	5.97e+14	7.26e+13	2.68e+42	1.22e+42
59121.40	1.01e+04	9.77e+02	5.98e+14	7.27e+13	2.68e+42	1.22e+42
59122.36	1.01e+04	9.77e+02	3.91e+14	4.76e+13	1.15e+42	5.24e+41
59123.36	1.01e+04	9.77e+02	6.32e+14	7.69e+13	3.00e+42	1.37e+42
59123.40	1.01e+04	9.77e+02	4.14e+14	5.03e+13	1.29e+42	5.87e+41
59123.44	1.01e+04	9.77e+02	6.45e+14	7.84e+13	3.12e+42	1.42e+42
59123.45	1.01e+04	9.77e+02	6.35e+14	7.72e+13	3.03e+42	1.38e+42
59123.45	1.01e+04	9.77e+02	5.55e+14	6.75e+13	2.31e+42	1.05e+42
59123.46	1.01e+04	9.77e+02	6.27e+14	7.62e+13	2.95e+42	1.34e+42
59124.35	1.01e+04	9.77e+02	6.20e+14	7.54e+13	2.88e+42	1.32e+42
59125.40	1.01e+04	9.77e+02	4.19e+14	5.09e+13	1.32e+42	6.01e+41
59125.46	1.01e+04	9.77e+02	6.27e+14	7.63e+13	2.95e+42	1.35e+42
59128.41	1.01e+04	9.77e+02	5.94e+14	7.22e+13	2.65e+42	1.21e+42
59128.55	1.01e+04	9.77e+02	5.60e+14	6.81e+13	2.35e+42	1.07e+42
59128.56	1.01e+04	9.77e+02	5.49e+14	6.67e+13	2.26e+42	1.03e+42
59128.56	1.01e+04	9.77e+02	1.73e+14	2.10e+13	2.25e+41	1.02e+41
59128.57	1.01e+04	9.77e+02	5.70e+14	6.93e+13	2.44e+42	1.11e+42
59128.60	1.01e+04	9.77e+02	6.34e+14	7.71e+13	3.02e+42	1.38e+42
59130.40	1.01e+04	9.77e+02	3.93e+14	4.78e+13	1.16e+42	5.29e+41
59130.43	1.01e+04	9.77e+02	5.97e+14	7.26e+13	2.68e+42	1.22e+42
59130.49	1.01e+04	9.77e+02	6.10e+14	7.42e+13	2.80e+42	1.28e+42
59130.49	1.01e+04	9.77e+02	6.12e+14	7.45e+13	2.82e+42	1.28e+42
59130.59	1.01e+04	9.77e+02	5.69e+14	6.92e+13	2.43e+42	1.11e+42
59130.59	1.01e+04	9.77e+02	6.16e+14	7.50e+13	2.85e+42	1.30e+42
59130.60	1.01e+04	9.77e+02	6.12e+14	7.45e+13	2.82e+42	1.28e+42
59130.60	1.01e+04	9.77e+02	6.08e+14	7.39e+13	2.77e+42	1.26e+42
59130.61	1.01e+04	9.77e+02	6.19e+14	7.53e+13	2.88e+42	1.31e+42
59130.62	1.01e+04	9.77e+02	6.20e+14	7.54e+13	2.88e+42	1.32e+42
59130.62	1.01e+04	9.77e+02	6.13e+14	7.45e+13	2.82e+42	1.29e+42
59130.63	1.01e+04	9.77e+02	6.17e+14	7.51e+13	2.86e+42	1.31e+42
59132.47	1.01e+04	9.77e+02	6.25e+14	7.60e+13	2.93e+42	1.34e+42
59132.47	1.01e+04	9.77e+02	5.78e+14	7.03e+13	2.51e+42	1.14e+42
59132.48	1.01e+04	9.77e+02	5.42e+14	6.59e+13	2.21e+42	1.01e+42
59132.49	1.01e+04	9.77e+02	5.74e+14	6.99e+13	2.48e+42	1.13e+42
59132.50	1.01e+04	9.77e+02	4.48e+14	5.45e+13	1.51e+42	6.88e+41
59132.50	1.01e+04	9.77e+02	4.93e+14	6.00e+13	1.83e+42	8.34e+41
59132.55	1.01e+04	9.77e+02	5.95e+14	7.23e+13	2.65e+42	1.21e+42
59132.56	1.01e+04	9.77e+02	3.97e+14	4.82e+13	1.18e+42	5.39e+41
59133.47	1.01e+04	9.77e+02	6.27e+14	7.62e+13	2.95e+42	1.35e+42
59133.47	1.01e+04	9.77e+02	6.20e+14	7.54e+13	2.89e+42	1.32e+42
59133.48	1.01e+04	9.77e+02	5.89e+14	7.16e+13	2.60e+42	1.19e+42
59133.49	1.01e+04	9.77e+02	6.29e+14	7.65e+13	2.97e+42	1.36e+42
59134.44	1.01e+04	9.77e+02	5.85e+14	7.11e+13	2.57e+42	1.17e+42
59134.58	1.01e+04	9.77e+02	5.34e+14	6.50e+13	2.14e+42	9.78e+41
59134.59	1.01e+04	9.77e+02	6.17e+14	7.51e+13	2.86e+42	1.30e+42
59134.59	1.01e+04	9.77e+02	7.06e+14	8.59e+13	3.75e+42	1.71e+42
59134.61	1.01e+04	9.77e+02	7.69e+14	9.35e+13	4.44e+42	2.03e+42
59136.41	1.01e+04	9.77e+02	3.74e+14	4.55e+13	1.05e+42	4.78e+41
59136.47	1.01e+04	9.77e+02	5.82e+14	7.08e+13	2.55e+42	1.16e+42
59136.48	1.01e+04	9.77e+02	5.45e+14	6.62e+13	2.23e+42	1.02e+42
59136.48	1.01e+04	9.77e+02	6.06e+14	7.37e+13	2.76e+42	1.26e+42
59136.49	1.01e+04	9.77e+02	5.86e+14	7.13e+13	2.58e+42	1.18e+42
59136.50	1.01e+04	9.77e+02	5.88e+14	7.15e+13	2.60e+42	1.19e+42
59136.51	1.01e+04	9.77e+02	3.91e+14	4.76e+13	1.15e+42	5.24e+41
59138.34	1.01e+04	9.77e+02	5.73e+14	6.97e+13	2.47e+42	1.13e+42
59138.48	1.01e+04	9.77e+02	4.47e+14	5.44e+13	1.50e+42	6.85e+41
59138.48	1.01e+04	9.77e+02	4.56e+14	5.55e+13	1.56e+42	7.12e+41
59138.49	1.01e+04	9.77e+02	3.81e+14	4.64e+13	1.09e+42	4.98e+41
59138.52	1.01e+04	9.77e+02	4.47e+14	5.43e+13	1.50e+42	6.83e+41
59140.37	1.01e+04	9.77e+02	5.80e+14	7.06e+13	2.53e+42	1.15e+42
59140.41	1.01e+04	9.77e+02	3.64e+14	4.42e+13	9.93e+41	4.53e+41
59140.46	1.01e+04	9.77e+02	5.88e+14	7.14e+13	2.59e+42	1.18e+42
59140.46	1.01e+04	9.77e+02	5.62e+14	6.83e+13	2.37e+42	1.08e+42
59140.46	1.01e+04	9.77e+02	5.78e+14	7.03e+13	2.51e+42	1.14e+42
59140.48	1.01e+04	9.77e+02	5.64e+14	6.86e+13	2.39e+42	1.09e+42
59140.48	1.01e+04	9.77e+02	5.73e+14	6.97e+13	2.47e+42	1.13e+42
59140.48	1.01e+04	9.77e+02	3.88e+14	4.72e+13	1.13e+42	5.16e+41
59142.36	1.01e+04	9.77e+02	5.77e+14	7.02e+13	2.50e+42	1.14e+42
59142.41	1.01e+04	9.77e+02	3.56e+14	4.34e+13	9.54e+41	4.35e+41
59142.44	1.01e+04	9.77e+02	4.56e+14	5.55e+13	1.56e+42	7.12e+41
59142.44	1.01e+04	9.77e+02	4.03e+14	4.90e+13	1.22e+42	5.56e+41
59142.44	1.01e+04	9.77e+02	4.15e+14	5.05e+13	1.29e+42	5.90e+41
59142.46	1.01e+04	9.77e+02	4.17e+14	5.07e+13	1.30e+42	5.95e+41
59144.40	1.01e+04	9.77e+02	3.48e+14	4.23e+13	9.07e+41	4.14e+41
59144.40	1.01e+04	9.77e+02	5.58e+14	6.78e+13	2.34e+42	1.07e+42
59144.40	1.01e+04	9.77e+02	5.60e+14	6.81e+13	2.35e+42	1.07e+42
59144.40	1.01e+04	9.77e+02	5.62e+14	6.84e+13	2.37e+42	1.08e+42
59144.43	1.01e+04	9.77e+02	5.48e+14	6.66e+13	2.26e+42	1.03e+42
59144.43	1.01e+04	9.77e+02	5.75e+14	6.99e+13	2.48e+42	1.13e+42
59146.46	1.01e+04	9.77e+02	3.76e+14	4.57e+13	1.06e+42	4.84e+41
59146.46	1.01e+04	9.77e+02	5.75e+14	7.00e+13	2.48e+42	1.13e+42
59146.49	1.01e+04	9.77e+02	4.40e+14	5.36e+13	1.46e+42	6.64e+41
59146.52	1.01e+04	9.77e+02	4.86e+14	5.91e+13	1.77e+42	8.10e+41
59146.52	1.01e+04	9.77e+02	4.52e+14	5.50e+13	1.53e+42	6.99e+41
59146.52	1.01e+04	9.77e+02	4.38e+14	5.33e+13	1.44e+42	6.57e+41
59146.53	1.01e+04	9.77e+02	4.47e+14	5.44e+13	1.50e+42	6.85e+41
59146.53	1.01e+04	9.77e+02	4.60e+14	5.59e+13	1.59e+42	7.24e+41
59146.53	1.01e+04	9.77e+02	4.41e+14	5.36e+13	1.46e+42	6.65e+41
59146.54	1.01e+04	9.77e+02	4.65e+14	5.65e+13	1.62e+42	7.40e+41
59147.44	1.01e+04	9.77e+02	5.69e+14	6.92e+13	2.43e+42	1.11e+42
59147.44	1.01e+04	9.77e+02	5.29e+14	6.44e+13	2.10e+42	9.60e+41
59147.45	1.01e+04	9.77e+02	5.50e+14	6.69e+13	2.27e+42	1.04e+42
59147.45	1.01e+04	9.77e+02	5.91e+14	7.19e+13	2.63e+42	1.20e+42
59148.42	1.01e+04	9.77e+02	5.57e+14	6.78e+13	2.33e+42	1.06e+42
59148.43	1.01e+04	9.77e+02	5.82e+14	7.07e+13	2.54e+42	1.16e+42
59148.43	1.01e+04	9.77e+02	5.56e+14	6.76e+13	2.32e+42	1.06e+42
59148.43	1.01e+04	9.77e+02	6.45e+14	7.84e+13	3.12e+42	1.42e+42
59148.44	1.01e+04	9.77e+02	6.55e+14	7.96e+13	3.22e+42	1.47e+42
59148.45	1.01e+04	9.77e+02	5.30e+14	6.44e+13	2.11e+42	9.62e+41
59150.30	1.01e+04	9.77e+02	5.59e+14	6.80e+13	2.35e+42	1.07e+42
59150.59	1.01e+04	9.77e+02	5.72e+14	6.96e+13	2.46e+42	1.12e+42
59150.60	1.01e+04	9.77e+02	1.53e+15	1.86e+14	1.76e+43	8.01e+42
59151.32	1.01e+04	9.77e+02	3.66e+14	4.45e+13	1.00e+42	4.58e+41
59151.37	1.01e+04	9.77e+02	5.36e+14	6.51e+13	2.15e+42	9.82e+41
59152.39	1.01e+04	9.77e+02	5.61e+14	6.83e+13	2.37e+42	1.08e+42
59155.28	1.01e+04	9.77e+02	5.60e+14	6.81e+13	2.35e+42	1.07e+42
59155.36	1.01e+04	9.77e+02	3.41e+14	4.15e+13	8.73e+41	3.98e+41
59156.48	1.01e+04	9.77e+02	5.37e+14	6.53e+13	2.17e+42	9.89e+41
59156.49	1.01e+04	9.77e+02	5.27e+14	6.40e+13	2.08e+42	9.49e+41
59156.51	1.01e+04	9.77e+02	5.78e+14	7.03e+13	2.51e+42	1.14e+42
59156.54	1.01e+04	9.77e+02	5.53e+14	6.73e+13	2.30e+42	1.05e+42
59157.37	1.01e+04	9.77e+02	3.64e+14	4.42e+13	9.93e+41	4.53e+41
59157.42	1.01e+04	9.77e+02	5.37e+14	6.53e+13	2.17e+42	9.89e+41
59157.48	1.01e+04	9.77e+02	5.28e+14	6.42e+13	2.09e+42	9.55e+41
59157.49	1.01e+04	9.77e+02	5.11e+14	6.21e+13	1.96e+42	8.93e+41
59157.50	1.01e+04	9.77e+02	5.45e+14	6.63e+13	2.23e+42	1.02e+42
59157.50	1.01e+04	9.77e+02	5.56e+14	6.76e+13	2.32e+42	1.06e+42
59158.32	1.01e+04	9.77e+02	3.26e+14	3.97e+13	7.99e+41	3.64e+41
59158.35	1.01e+04	9.77e+02	5.50e+14	6.69e+13	2.27e+42	1.04e+42
59158.47	1.01e+04	9.77e+02	4.58e+14	5.57e+13	1.57e+42	7.18e+41
59158.48	1.01e+04	9.77e+02	5.58e+14	6.79e+13	2.34e+42	1.07e+42
59158.49	1.01e+04	9.77e+02	5.59e+14	6.80e+13	2.35e+42	1.07e+42
59158.50	1.01e+04	9.77e+02	5.35e+14	6.51e+13	2.15e+42	9.80e+41
59158.50	1.01e+04	9.77e+02	5.02e+14	6.10e+13	1.89e+42	8.62e+41
59158.53	1.01e+04	9.77e+02	5.74e+14	6.98e+13	2.47e+42	1.13e+42
59160.45	1.01e+04	9.77e+02	5.53e+14	6.72e+13	2.29e+42	1.05e+42
59160.46	1.01e+04	9.77e+02	5.88e+14	7.15e+13	2.60e+42	1.19e+42
59160.46	1.01e+04	9.77e+02	5.15e+14	6.27e+13	1.99e+42	9.09e+41
59160.47	1.01e+04	9.77e+02	4.99e+14	6.07e+13	1.87e+42	8.52e+41
59161.44	1.01e+04	9.77e+02	5.52e+14	6.71e+13	2.29e+42	1.04e+42
59161.44	1.01e+04	9.77e+02	3.52e+14	4.28e+13	9.31e+41	4.24e+41
59165.30	1.01e+04	9.77e+02	3.22e+14	3.92e+13	7.80e+41	3.56e+41
59165.35	1.01e+04	9.77e+02	5.22e+14	6.35e+13	2.05e+42	9.34e+41
59167.35	1.01e+04	9.77e+02	5.12e+14	6.23e+13	1.97e+42	8.98e+41
59169.28	1.01e+04	9.77e+02	5.21e+14	6.33e+13	2.03e+42	9.28e+41
59169.33	1.01e+04	9.77e+02	3.06e+14	3.72e+13	7.01e+41	3.20e+41
59170.47	1.01e+04	9.77e+02	3.48e+14	4.23e+13	9.09e+41	4.14e+41
59170.47	1.01e+04	9.77e+02	4.13e+14	5.02e+13	1.28e+42	5.84e+41
59170.48	1.01e+04	9.77e+02	3.96e+14	4.82e+13	1.18e+42	5.38e+41
59170.51	1.01e+04	9.77e+02	3.85e+14	4.68e+13	1.11e+42	5.07e+41
59171.26	1.01e+04	9.77e+02	2.85e+14	3.46e+13	6.09e+41	2.78e+41
59172.39	1.01e+04	9.77e+02	3.15e+14	3.83e+13	7.46e+41	3.40e+41
59172.39	1.01e+04	9.77e+02	5.11e+14	6.21e+13	1.96e+42	8.94e+41
59172.41	1.01e+04	9.77e+02	4.44e+14	5.40e+13	1.48e+42	6.75e+41
59172.42	1.01e+04	9.77e+02	4.14e+14	5.03e+13	1.29e+42	5.87e+41
59172.43	1.01e+04	9.77e+02	4.36e+14	5.31e+13	1.43e+42	6.52e+41
59172.44	1.01e+04	9.77e+02	4.39e+14	5.34e+13	1.45e+42	6.60e+41
59173.41	1.01e+04	9.77e+02	3.51e+14	4.27e+13	9.24e+41	4.21e+41
59173.42	1.01e+04	9.77e+02	4.46e+14	5.42e+13	1.49e+42	6.80e+41
59173.45	1.01e+04	9.77e+02	3.69e+14	4.49e+13	1.02e+42	4.66e+41
59173.45	1.01e+04	9.77e+02	4.22e+14	5.14e+13	1.34e+42	6.11e+41
59174.34	1.01e+04	9.77e+02	4.84e+14	5.88e+13	1.76e+42	8.01e+41
59176.33	1.01e+04	9.77e+02	4.94e+14	6.01e+13	1.83e+42	8.37e+41
59176.35	1.01e+04	9.77e+02	3.00e+14	3.64e+13	6.74e+41	3.07e+41
59178.32	1.01e+04	9.77e+02	4.79e+14	5.83e+13	1.72e+42	7.87e+41
59178.50	1.01e+04	9.77e+02	4.20e+14	5.10e+13	1.32e+42	6.03e+41
59178.52	1.01e+04	9.77e+02	5.20e+14	6.32e+13	2.03e+42	9.25e+41
59178.53	1.01e+04	9.77e+02	4.98e+14	6.06e+13	1.87e+42	8.51e+41
59178.53	1.01e+04	9.77e+02	5.27e+14	6.41e+13	2.08e+42	9.50e+41
59185.25	1.01e+04	9.77e+02	4.55e+14	5.53e+13	1.55e+42	7.08e+41
59185.40	1.01e+04	9.77e+02	4.56e+14	5.55e+13	1.56e+42	7.13e+41
59185.40	1.01e+04	9.77e+02	4.60e+14	5.59e+13	1.59e+42	7.25e+41
59187.25	1.01e+04	9.77e+02	4.60e+14	5.59e+13	1.59e+42	7.24e+41
59189.24	1.01e+04	9.77e+02	4.25e+14	5.17e+13	1.36e+42	6.19e+41
59190.41	1.01e+04	9.77e+02	4.31e+14	5.24e+13	1.39e+42	6.35e+41
59190.41	1.01e+04	9.77e+02	2.37e+14	2.88e+13	4.21e+41	1.92e+41
59192.37	1.01e+04	9.77e+02	2.32e+14	2.82e+13	4.03e+41	1.84e+41
59192.37	1.01e+04	9.77e+02	4.49e+14	5.46e+13	1.51e+42	6.91e+41
59193.33	1.01e+04	9.77e+02	3.51e+14	4.27e+13	9.25e+41	4.22e+41
59193.34	1.01e+04	9.77e+02	3.69e+14	4.49e+13	1.02e+42	4.66e+41
59193.35	1.01e+04	9.77e+02	3.68e+14	4.48e+13	1.02e+42	4.64e+41
59193.36	1.01e+04	9.77e+02	3.59e+14	4.36e+13	9.66e+41	4.41e+41
59194.25	1.01e+04	9.77e+02	3.65e+14	4.44e+13	1.00e+42	4.57e+41
59194.33	1.01e+04	9.77e+02	1.95e+14	2.37e+13	2.84e+41	1.30e+41
59194.33	1.01e+04	9.77e+02	3.75e+14	4.56e+13	1.06e+42	4.82e+41
59196.25	1.01e+04	9.77e+02	3.71e+14	4.51e+13	1.03e+42	4.71e+41
59198.21	1.01e+04	9.77e+02	3.11e+14	3.78e+13	7.27e+41	3.32e+41
59198.36	1.01e+04	9.77e+02	1.68e+14	2.05e+13	2.13e+41	9.72e+40
59198.37	1.01e+04	9.77e+02	3.32e+14	4.04e+13	8.28e+41	3.78e+41
59200.24	1.01e+04	9.77e+02	2.94e+14	3.58e+13	6.50e+41	2.96e+41
59217.31	1.01e+04	9.77e+02	1.79e+14	2.18e+13	2.42e+41	1.10e+41
59221.33	1.01e+04	9.77e+02	1.77e+14	2.15e+13	2.34e+41	1.07e+41
59221.34	1.01e+04	9.77e+02	1.73e+14	2.11e+13	2.25e+41	1.03e+41
59221.36	1.01e+04	9.77e+02	1.79e+14	2.17e+13	2.40e+41	1.10e+41
59458.57	1.01e+04	9.77e+02	3.38e+13	4.11e+12	8.57e+39	3.91e+39
59467.57	1.01e+04	9.77e+02	5.31e+13	6.46e+12	2.12e+40	9.67e+39
59467.57	1.01e+04	9.77e+02	4.38e+13	5.33e+12	1.44e+40	6.57e+39
59485.56	1.01e+04	9.77e+02	8.85e+13	1.08e+13	5.88e+40	2.68e+40
59491.50	1.01e+04	9.77e+02	6.89e+13	8.38e+12	3.57e+40	1.63e+40
59494.62	1.01e+04	9.77e+02	4.97e+13	6.05e+12	1.86e+40	8.46e+39
59516.46	1.01e+04	9.77e+02	6.21e+13	7.55e+12	2.89e+40	1.32e+40
59525.46	1.01e+04	9.77e+02	4.49e+13	5.47e+12	1.52e+40	6.92e+39
59529.48	1.01e+04	9.77e+02	5.38e+13	6.54e+12	2.17e+40	9.91e+39
59540.38	1.01e+04	9.77e+02	1.82e+13	2.21e+12	2.49e+39	1.13e+39
59544.42	1.01e+04	9.77e+02	5.22e+13	6.35e+12	2.05e+40	9.35e+39
