# ph	Lobs	err	L+BB	err	

59078.57	3.95e+41	1.03e+41	1.24e+42	3.70e+41
59080.60	6.63e+41	1.73e+41	2.09e+42	6.21e+41
59080.60	6.63e+41	1.73e+41	2.09e+42	6.21e+41
59080.61	9.16e+41	2.39e+41	2.88e+42	8.58e+41
59084.43	1.30e+42	3.40e+41	4.09e+42	1.22e+42
59084.43	1.30e+42	3.40e+41	4.09e+42	1.22e+42
59084.43	1.30e+42	3.40e+41	4.09e+42	1.22e+42
59084.43	1.30e+42	3.40e+41	4.09e+42	1.22e+42
59087.55	1.39e+42	3.62e+41	4.36e+42	1.30e+42
59088.49	1.27e+42	3.31e+41	3.98e+42	1.18e+42
59088.49	1.27e+42	3.31e+41	3.98e+42	1.18e+42
59090.51	1.36e+42	3.56e+41	4.29e+42	1.28e+42
59090.58	1.43e+42	3.75e+41	4.51e+42	1.34e+42
59091.42	1.20e+42	3.13e+41	3.77e+42	1.12e+42
59092.43	1.12e+42	2.93e+41	3.52e+42	1.05e+42
59094.42	1.31e+42	3.42e+41	4.12e+42	1.23e+42
59094.44	1.35e+42	3.54e+41	4.26e+42	1.27e+42
59094.50	1.08e+42	2.82e+41	3.40e+42	1.01e+42
59096.40	1.29e+42	3.36e+41	4.04e+42	1.20e+42
59100.54	1.30e+42	3.39e+41	4.08e+42	1.21e+42
59100.54	1.27e+42	3.32e+41	4.00e+42	1.19e+42
59100.55	1.25e+42	3.26e+41	3.93e+42	1.17e+42
59100.56	1.23e+42	3.20e+41	3.85e+42	1.15e+42
59102.46	1.18e+42	3.09e+41	3.72e+42	1.11e+42
59102.56	1.16e+42	3.02e+41	3.64e+42	1.08e+42
59102.56	1.26e+42	3.29e+41	3.96e+42	1.18e+42
59102.56	1.10e+42	2.88e+41	3.46e+42	1.03e+42
59102.57	1.20e+42	3.14e+41	3.78e+42	1.13e+42
59104.55	1.14e+42	2.98e+41	3.59e+42	1.07e+42
59104.55	1.15e+42	3.01e+41	3.62e+42	1.08e+42
59104.55	1.05e+42	2.75e+41	3.31e+42	9.85e+41
59105.60	1.08e+42	2.83e+41	3.41e+42	1.01e+42
59105.60	7.68e+41	2.00e+41	2.41e+42	7.19e+41
59106.52	6.53e+41	1.70e+41	2.05e+42	6.11e+41
59106.55	7.74e+41	2.02e+41	2.43e+42	7.24e+41
59106.55	8.55e+41	2.23e+41	2.69e+42	8.00e+41
59106.55	9.01e+41	2.35e+41	2.83e+42	8.43e+41
59106.56	7.67e+41	2.00e+41	2.41e+42	7.18e+41
59106.57	1.11e+42	2.89e+41	3.48e+42	1.04e+42
59106.57	1.11e+42	2.89e+41	3.48e+42	1.04e+42
59106.58	1.12e+42	2.91e+41	3.51e+42	1.04e+42
59106.60	1.08e+42	2.81e+41	3.38e+42	1.01e+42
59106.61	1.09e+42	2.85e+41	3.44e+42	1.02e+42
59108.37	6.14e+41	1.60e+41	1.93e+42	5.75e+41
59108.46	1.09e+42	2.85e+41	3.43e+42	1.02e+42
59108.50	1.09e+42	2.84e+41	3.42e+42	1.02e+42
59108.50	1.15e+42	2.99e+41	3.60e+42	1.07e+42
59108.50	9.66e+41	2.52e+41	3.04e+42	9.05e+41
59108.51	1.20e+42	3.12e+41	3.76e+42	1.12e+42
59108.59	6.61e+41	1.73e+41	2.08e+42	6.19e+41
59108.59	1.12e+42	2.92e+41	3.51e+42	1.05e+42
59109.48	7.61e+41	1.99e+41	2.39e+42	7.13e+41
59109.50	8.20e+41	2.14e+41	2.58e+42	7.68e+41
59109.53	7.75e+41	2.02e+41	2.44e+42	7.25e+41
59109.54	7.18e+41	1.87e+41	2.26e+42	6.72e+41
59110.51	1.10e+42	2.87e+41	3.46e+42	1.03e+42
59110.53	7.18e+41	1.88e+41	2.26e+42	6.72e+41
59110.53	7.76e+41	2.03e+41	2.44e+42	7.27e+41
59110.54	7.41e+41	1.93e+41	2.33e+42	6.93e+41
59110.56	8.30e+41	2.17e+41	2.61e+42	7.77e+41
59111.40	5.51e+41	1.44e+41	1.73e+42	5.15e+41
59111.42	1.04e+42	2.73e+41	3.28e+42	9.77e+41
59112.51	1.05e+42	2.74e+41	3.30e+42	9.84e+41
59112.51	1.04e+42	2.73e+41	3.28e+42	9.77e+41
59112.51	1.03e+42	2.69e+41	3.24e+42	9.63e+41
59112.52	1.14e+42	2.98e+41	3.59e+42	1.07e+42
59113.48	6.57e+41	1.72e+41	2.07e+42	6.15e+41
59113.49	6.32e+41	1.65e+41	1.99e+42	5.92e+41
59113.50	6.30e+41	1.65e+41	1.98e+42	5.90e+41
59113.51	5.88e+41	1.54e+41	1.85e+42	5.51e+41
59114.35	4.77e+41	1.25e+41	1.50e+42	4.46e+41
59114.46	9.91e+41	2.59e+41	3.12e+42	9.27e+41
59114.53	6.77e+41	1.77e+41	2.13e+42	6.34e+41
59114.53	6.09e+41	1.59e+41	1.91e+42	5.70e+41
59114.54	7.20e+41	1.88e+41	2.26e+42	6.74e+41
59114.55	6.57e+41	1.72e+41	2.07e+42	6.15e+41
59114.57	9.73e+41	2.54e+41	3.06e+42	9.10e+41
59114.57	5.32e+41	1.39e+41	1.67e+42	4.98e+41
59116.43	9.64e+41	2.52e+41	3.03e+42	9.02e+41
59117.38	9.85e+41	2.57e+41	3.10e+42	9.22e+41
59118.48	4.27e+41	1.12e+41	1.34e+42	4.00e+41
59118.56	9.67e+41	2.53e+41	3.04e+42	9.05e+41
59118.56	9.44e+41	2.47e+41	2.97e+42	8.84e+41
59120.36	4.02e+41	1.05e+41	1.26e+42	3.76e+41
59120.44	4.19e+41	1.09e+41	1.32e+42	3.92e+41
59120.50	9.37e+41	2.45e+41	2.95e+42	8.77e+41
59120.51	9.26e+41	2.42e+41	2.91e+42	8.67e+41
59120.51	9.94e+41	2.59e+41	3.12e+42	9.30e+41
59120.51	8.35e+41	2.18e+41	2.63e+42	7.81e+41
59121.36	4.29e+41	1.12e+41	1.35e+42	4.01e+41
59121.37	8.92e+41	2.33e+41	2.81e+42	8.35e+41
59121.39	1.07e+42	2.80e+41	3.37e+42	1.00e+42
59121.40	8.53e+41	2.23e+41	2.68e+42	7.99e+41
59121.40	8.56e+41	2.24e+41	2.69e+42	8.01e+41
59122.36	3.66e+41	9.57e+40	1.15e+42	3.43e+41
59123.36	9.58e+41	2.50e+41	3.01e+42	8.96e+41
59123.40	4.10e+41	1.07e+41	1.29e+42	3.84e+41
59123.44	9.95e+41	2.60e+41	3.13e+42	9.32e+41
59123.45	9.66e+41	2.52e+41	3.04e+42	9.04e+41
59123.45	7.37e+41	1.92e+41	2.32e+42	6.89e+41
59123.46	9.40e+41	2.46e+41	2.96e+42	8.80e+41
59124.35	9.20e+41	2.40e+41	2.89e+42	8.61e+41
59125.40	4.20e+41	1.10e+41	1.32e+42	3.93e+41
59125.46	9.42e+41	2.46e+41	2.96e+42	8.82e+41
59128.41	8.45e+41	2.21e+41	2.66e+42	7.91e+41
59128.55	7.51e+41	1.96e+41	2.36e+42	7.03e+41
59128.56	7.20e+41	1.88e+41	2.27e+42	6.74e+41
59128.56	7.16e+40	1.87e+40	2.25e+41	6.71e+40
59128.57	7.78e+41	2.03e+41	2.45e+42	7.29e+41
59128.60	9.63e+41	2.51e+41	3.03e+42	9.01e+41
59130.40	3.70e+41	9.66e+40	1.16e+42	3.46e+41
59130.43	8.53e+41	2.23e+41	2.68e+42	7.99e+41
59130.49	8.92e+41	2.33e+41	2.81e+42	8.35e+41
59130.49	8.98e+41	2.34e+41	2.82e+42	8.40e+41
59130.59	7.76e+41	2.03e+41	2.44e+42	7.27e+41
59130.59	9.09e+41	2.38e+41	2.86e+42	8.51e+41
59130.60	8.98e+41	2.34e+41	2.82e+42	8.40e+41
59130.60	8.84e+41	2.31e+41	2.78e+42	8.27e+41
59130.61	9.17e+41	2.40e+41	2.88e+42	8.58e+41
59130.62	9.20e+41	2.40e+41	2.89e+42	8.61e+41
59130.62	8.99e+41	2.35e+41	2.83e+42	8.42e+41
59130.63	9.13e+41	2.38e+41	2.87e+42	8.54e+41
59132.47	9.36e+41	2.44e+41	2.94e+42	8.76e+41
59132.47	8.00e+41	2.09e+41	2.52e+42	7.49e+41
59132.48	7.04e+41	1.84e+41	2.21e+42	6.59e+41
59132.49	7.90e+41	2.06e+41	2.48e+42	7.39e+41
59132.50	4.81e+41	1.26e+41	1.51e+42	4.50e+41
59132.50	5.83e+41	1.52e+41	1.83e+42	5.46e+41
59132.55	8.46e+41	2.21e+41	2.66e+42	7.92e+41
59132.56	3.77e+41	9.84e+40	1.18e+42	3.53e+41
59133.47	9.41e+41	2.46e+41	2.96e+42	8.81e+41
59133.47	9.21e+41	2.41e+41	2.90e+42	8.62e+41
59133.48	8.29e+41	2.17e+41	2.61e+42	7.76e+41
59133.49	9.48e+41	2.48e+41	2.98e+42	8.87e+41
59134.44	8.18e+41	2.14e+41	2.57e+42	7.66e+41
59134.58	6.84e+41	1.79e+41	2.15e+42	6.40e+41
59134.59	9.12e+41	2.38e+41	2.87e+42	8.54e+41
59134.59	1.19e+42	3.12e+41	3.76e+42	1.12e+42
59134.61	1.42e+42	3.70e+41	4.45e+42	1.33e+42
59136.41	3.34e+41	8.74e+40	1.05e+42	3.13e+41
59136.47	8.12e+41	2.12e+41	2.55e+42	7.60e+41
59136.48	7.10e+41	1.85e+41	2.23e+42	6.64e+41
59136.48	8.79e+41	2.30e+41	2.76e+42	8.23e+41
59136.49	8.23e+41	2.15e+41	2.59e+42	7.70e+41
59136.50	8.29e+41	2.16e+41	2.61e+42	7.76e+41
59136.51	3.66e+41	9.56e+40	1.15e+42	3.43e+41
59138.34	7.87e+41	2.06e+41	2.47e+42	7.37e+41
59138.48	4.79e+41	1.25e+41	1.51e+42	4.48e+41
59138.48	4.98e+41	1.30e+41	1.57e+42	4.66e+41
59138.49	3.48e+41	9.10e+40	1.10e+42	3.26e+41
59138.52	4.77e+41	1.25e+41	1.50e+42	4.47e+41
59140.37	8.06e+41	2.11e+41	2.53e+42	7.54e+41
59140.41	3.17e+41	8.27e+40	9.96e+41	2.97e+41
59140.46	8.26e+41	2.16e+41	2.60e+42	7.73e+41
59140.46	7.56e+41	1.97e+41	2.38e+42	7.07e+41
59140.46	7.99e+41	2.09e+41	2.51e+42	7.48e+41
59140.48	7.62e+41	1.99e+41	2.40e+42	7.13e+41
59140.48	7.87e+41	2.06e+41	2.47e+42	7.37e+41
59140.48	3.60e+41	9.41e+40	1.13e+42	3.37e+41
59142.36	7.98e+41	2.08e+41	2.51e+42	7.47e+41
59142.41	3.04e+41	7.95e+40	9.57e+41	2.85e+41
59142.44	4.98e+41	1.30e+41	1.57e+42	4.66e+41
59142.44	3.89e+41	1.02e+41	1.22e+42	3.64e+41
59142.44	4.13e+41	1.08e+41	1.30e+42	3.86e+41
59142.46	4.16e+41	1.09e+41	1.31e+42	3.89e+41
59144.40	2.89e+41	7.55e+40	9.09e+41	2.71e+41
59144.40	7.45e+41	1.94e+41	2.34e+42	6.97e+41
59144.40	7.51e+41	1.96e+41	2.36e+42	7.03e+41
59144.40	7.57e+41	1.98e+41	2.38e+42	7.09e+41
59144.43	7.19e+41	1.88e+41	2.26e+42	6.73e+41
59144.43	7.91e+41	2.06e+41	2.49e+42	7.40e+41
59146.46	3.38e+41	8.83e+40	1.06e+42	3.17e+41
59146.46	7.92e+41	2.07e+41	2.49e+42	7.41e+41
59146.49	4.64e+41	1.21e+41	1.46e+42	4.35e+41
59146.52	5.66e+41	1.48e+41	1.78e+42	5.30e+41
59146.52	4.89e+41	1.28e+41	1.54e+42	4.58e+41
59146.52	4.59e+41	1.20e+41	1.44e+42	4.30e+41
59146.53	4.79e+41	1.25e+41	1.51e+42	4.48e+41
59146.53	5.06e+41	1.32e+41	1.59e+42	4.73e+41
59146.53	4.65e+41	1.21e+41	1.46e+42	4.35e+41
59146.54	5.17e+41	1.35e+41	1.63e+42	4.84e+41
59147.44	7.75e+41	2.02e+41	2.44e+42	7.25e+41
59147.44	6.71e+41	1.75e+41	2.11e+42	6.28e+41
59147.45	7.24e+41	1.89e+41	2.28e+42	6.77e+41
59147.45	8.37e+41	2.19e+41	2.63e+42	7.83e+41
59148.42	7.43e+41	1.94e+41	2.34e+42	6.96e+41
59148.43	8.10e+41	2.11e+41	2.55e+42	7.58e+41
59148.43	7.40e+41	1.93e+41	2.33e+42	6.93e+41
59148.43	9.95e+41	2.60e+41	3.13e+42	9.32e+41
59148.44	1.03e+42	2.68e+41	3.23e+42	9.60e+41
59148.45	6.72e+41	1.76e+41	2.11e+42	6.29e+41
59150.30	7.49e+41	1.96e+41	2.35e+42	7.01e+41
59150.59	7.83e+41	2.05e+41	2.46e+42	7.33e+41
59150.60	5.60e+42	1.46e+42	1.76e+43	5.24e+42
59151.32	3.20e+41	8.37e+40	1.01e+42	3.00e+41
59151.37	6.87e+41	1.79e+41	2.16e+42	6.43e+41
59152.39	7.54e+41	1.97e+41	2.37e+42	7.06e+41
59155.28	7.51e+41	1.96e+41	2.36e+42	7.03e+41
59155.36	2.78e+41	7.27e+40	8.76e+41	2.61e+41
59156.48	6.91e+41	1.81e+41	2.17e+42	6.47e+41
59156.49	6.64e+41	1.73e+41	2.09e+42	6.21e+41
59156.51	8.00e+41	2.09e+41	2.52e+42	7.49e+41
59156.54	7.32e+41	1.91e+41	2.30e+42	6.86e+41
59157.37	3.17e+41	8.27e+40	9.95e+41	2.96e+41
59157.42	6.91e+41	1.81e+41	2.17e+42	6.47e+41
59157.48	6.67e+41	1.74e+41	2.10e+42	6.25e+41
59157.49	6.24e+41	1.63e+41	1.96e+42	5.84e+41
59157.50	7.11e+41	1.86e+41	2.24e+42	6.66e+41
59157.50	7.40e+41	1.93e+41	2.33e+42	6.93e+41
59158.32	2.55e+41	6.65e+40	8.01e+41	2.38e+41
59158.35	7.24e+41	1.89e+41	2.28e+42	6.78e+41
59158.47	5.02e+41	1.31e+41	1.58e+42	4.70e+41
59158.48	7.46e+41	1.95e+41	2.35e+42	6.98e+41
59158.49	7.48e+41	1.95e+41	2.35e+42	7.00e+41
59158.50	6.85e+41	1.79e+41	2.16e+42	6.42e+41
59158.50	6.03e+41	1.57e+41	1.89e+42	5.64e+41
59158.53	7.88e+41	2.06e+41	2.48e+42	7.38e+41
59160.45	7.32e+41	1.91e+41	2.30e+42	6.85e+41
59160.46	8.29e+41	2.16e+41	2.61e+42	7.76e+41
59160.46	6.36e+41	1.66e+41	2.00e+42	5.95e+41
59160.47	5.96e+41	1.56e+41	1.87e+42	5.58e+41
59161.44	7.29e+41	1.90e+41	2.29e+42	6.82e+41
59161.44	2.97e+41	7.75e+40	9.33e+41	2.78e+41
59165.30	2.49e+41	6.50e+40	7.83e+41	2.33e+41
59165.35	6.53e+41	1.70e+41	2.05e+42	6.11e+41
59167.35	6.28e+41	1.64e+41	1.97e+42	5.88e+41
59169.28	6.49e+41	1.69e+41	2.04e+42	6.07e+41
59169.33	2.24e+41	5.84e+40	7.03e+41	2.09e+41
59170.47	2.90e+41	7.57e+40	9.11e+41	2.71e+41
59170.47	4.08e+41	1.07e+41	1.28e+42	3.82e+41
59170.48	3.76e+41	9.83e+40	1.18e+42	3.52e+41
59170.51	3.54e+41	9.25e+40	1.11e+42	3.31e+41
59171.26	1.94e+41	5.07e+40	6.10e+41	1.82e+41
59172.39	2.38e+41	6.21e+40	7.48e+41	2.23e+41
59172.39	6.25e+41	1.63e+41	1.97e+42	5.85e+41
59172.41	4.72e+41	1.23e+41	1.48e+42	4.42e+41
59172.42	4.10e+41	1.07e+41	1.29e+42	3.84e+41
59172.43	4.56e+41	1.19e+41	1.43e+42	4.27e+41
59172.44	4.62e+41	1.21e+41	1.45e+42	4.32e+41
59173.41	2.95e+41	7.69e+40	9.26e+41	2.76e+41
59173.42	4.76e+41	1.24e+41	1.50e+42	4.45e+41
59173.45	3.26e+41	8.51e+40	1.02e+42	3.05e+41
59173.45	4.27e+41	1.12e+41	1.34e+42	4.00e+41
59174.34	5.60e+41	1.46e+41	1.76e+42	5.24e+41
59176.33	5.85e+41	1.53e+41	1.84e+42	5.48e+41
59176.35	2.15e+41	5.61e+40	6.76e+41	2.01e+41
59178.32	5.50e+41	1.44e+41	1.73e+42	5.15e+41
59178.50	4.21e+41	1.10e+41	1.33e+42	3.94e+41
59178.52	6.47e+41	1.69e+41	2.03e+42	6.05e+41
59178.53	5.95e+41	1.55e+41	1.87e+42	5.57e+41
59178.53	6.64e+41	1.74e+41	2.09e+42	6.22e+41
59185.25	4.95e+41	1.29e+41	1.56e+42	4.63e+41
59185.40	4.98e+41	1.30e+41	1.57e+42	4.66e+41
59185.40	5.07e+41	1.32e+41	1.59e+42	4.74e+41
59187.25	5.06e+41	1.32e+41	1.59e+42	4.74e+41
59189.24	4.33e+41	1.13e+41	1.36e+42	4.05e+41
59190.41	4.44e+41	1.16e+41	1.40e+42	4.15e+41
59190.41	1.34e+41	3.50e+40	4.22e+41	1.26e+41
59192.37	1.28e+41	3.36e+40	4.04e+41	1.20e+41
59192.37	4.83e+41	1.26e+41	1.52e+42	4.52e+41
59193.33	2.95e+41	7.70e+40	9.27e+41	2.76e+41
59193.34	3.26e+41	8.51e+40	1.03e+42	3.05e+41
59193.35	3.24e+41	8.47e+40	1.02e+42	3.04e+41
59193.36	3.08e+41	8.05e+40	9.69e+41	2.88e+41
59194.25	3.19e+41	8.34e+40	1.00e+42	2.99e+41
59194.33	9.07e+40	2.37e+40	2.85e+41	8.49e+40
59194.33	3.37e+41	8.79e+40	1.06e+42	3.15e+41
59196.25	3.29e+41	8.59e+40	1.03e+42	3.08e+41
59198.21	2.32e+41	6.05e+40	7.29e+41	2.17e+41
59198.36	6.79e+40	1.77e+40	2.14e+41	6.36e+40
59198.37	2.64e+41	6.89e+40	8.30e+41	2.47e+41
59200.24	2.07e+41	5.41e+40	6.52e+41	1.94e+41
59217.31	7.71e+40	2.01e+40	2.42e+41	7.21e+40
59221.33	7.47e+40	1.95e+40	2.35e+41	7.00e+40
59221.34	7.18e+40	1.88e+40	2.26e+41	6.72e+40
59221.36	7.66e+40	2.00e+40	2.41e+41	7.17e+40
59458.57	2.73e+39	7.14e+38	8.60e+39	2.56e+39
59467.57	6.76e+39	1.77e+39	2.13e+40	6.33e+39
59467.57	4.60e+39	1.20e+39	1.45e+40	4.30e+39
59485.56	1.88e+40	4.90e+39	5.90e+40	1.76e+40
59491.50	1.14e+40	2.97e+39	3.58e+40	1.06e+40
59494.62	5.92e+39	1.54e+39	1.86e+40	5.54e+39
59516.46	9.23e+39	2.41e+39	2.90e+40	8.64e+39
59525.46	4.83e+39	1.26e+39	1.52e+40	4.53e+39
59529.48	6.93e+39	1.81e+39	2.18e+40	6.49e+39
59540.38	7.93e+38	2.07e+38	2.49e+39	7.42e+38
59544.42	6.53e+39	1.71e+39	2.05e+40	6.12e+39

#KEY
# Lobs = integrate observed fluxes with no BB fit
# L+BB = observed flux + BB fit extrapolation
# See logL-obs_2020rth_gwriz.txt and logL-bb_2020rth_gwriz.txt for simple LC files
# Methodology:
# filters used:gwriz
# redshift used:0.0184
# extinction used:0.0
# Wavelengths used in observer frame (data already K-corrected?)
# BB fit below 1A suppressed by factor (lamda/1)^0