##phase	g	err	w	err	r	err	i	err	z	err	
#
59078.57	18.47	0.30	18.47	0.30	18.47	0.30	18.47	0.30	18.47	0.30
59080.60	17.91	0.30	17.91	0.30	17.91	0.30	17.91	0.30	17.91	0.30
59080.60	17.91	0.30	17.91	0.30	17.91	0.30	17.91	0.30	17.91	0.30
59080.61	17.56	0.30	17.56	0.30	17.56	0.30	17.56	0.30	17.56	0.30
59084.43	17.18	0.30	17.18	0.30	17.18	0.30	17.18	0.30	17.18	0.30
59084.43	17.18	0.30	17.18	0.30	17.18	0.30	17.18	0.30	17.18	0.30
59084.43	17.18	0.30	17.18	0.30	17.18	0.30	17.18	0.30	17.18	0.30
59084.43	17.18	0.30	17.18	0.30	17.18	0.30	17.18	0.30	17.18	0.30
59087.55	17.11	0.30	17.11	0.30	17.11	0.30	17.11	0.30	17.11	0.30
59088.49	17.21	0.30	17.21	0.30	17.21	0.30	17.21	0.30	17.21	0.30
59088.49	17.21	0.30	17.21	0.30	17.21	0.30	17.21	0.30	17.21	0.30
59090.51	17.13	0.30	17.13	0.30	17.13	0.30	17.13	0.30	17.13	0.30
59090.58	17.07	0.30	17.07	0.30	17.07	0.30	17.07	0.30	17.07	0.30
59091.42	17.27	0.30	17.27	0.30	17.27	0.30	17.27	0.30	17.27	0.30
59092.43	17.34	0.30	17.34	0.30	17.34	0.30	17.34	0.30	17.34	0.30
59094.42	17.17	0.30	17.17	0.30	17.17	0.30	17.17	0.30	17.17	0.30
59094.44	17.14	0.30	17.14	0.30	17.14	0.30	17.14	0.30	17.14	0.30
59094.50	17.38	0.30	17.38	0.30	17.38	0.30	17.38	0.30	17.38	0.30
59096.40	17.19	0.30	17.19	0.30	17.19	0.30	17.19	0.30	17.19	0.30
59100.54	17.18	0.30	17.18	0.30	17.18	0.30	17.18	0.30	17.18	0.30
59100.54	17.20	0.30	17.20	0.30	17.20	0.30	17.20	0.30	17.20	0.30
59100.55	17.22	0.30	17.22	0.30	17.22	0.30	17.22	0.30	17.22	0.30
59100.56	17.24	0.30	17.24	0.30	17.24	0.30	17.24	0.30	17.24	0.30
59102.46	17.28	0.30	17.28	0.30	17.28	0.30	17.28	0.30	17.28	0.30
59102.56	17.30	0.30	17.30	0.30	17.30	0.30	17.30	0.30	17.30	0.30
59102.56	17.21	0.30	17.21	0.30	17.21	0.30	17.21	0.30	17.21	0.30
59102.56	17.36	0.30	17.36	0.30	17.36	0.30	17.36	0.30	17.36	0.30
59102.57	17.26	0.30	17.26	0.30	17.26	0.30	17.26	0.30	17.26	0.30
59104.55	17.32	0.30	17.32	0.30	17.32	0.30	17.32	0.30	17.32	0.30
59104.55	17.31	0.30	17.31	0.30	17.31	0.30	17.31	0.30	17.31	0.30
59104.55	17.41	0.30	17.41	0.30	17.41	0.30	17.41	0.30	17.41	0.30
59105.60	17.38	0.30	17.38	0.30	17.38	0.30	17.38	0.30	17.38	0.30
59105.60	17.75	0.30	17.75	0.30	17.75	0.30	17.75	0.30	17.75	0.30
59106.52	17.93	0.30	17.93	0.30	17.93	0.30	17.93	0.30	17.93	0.30
59106.55	17.74	0.30	17.74	0.30	17.74	0.30	17.74	0.30	17.74	0.30
59106.55	17.63	0.30	17.63	0.30	17.63	0.30	17.63	0.30	17.63	0.30
59106.55	17.58	0.30	17.58	0.30	17.58	0.30	17.58	0.30	17.58	0.30
59106.56	17.75	0.30	17.75	0.30	17.75	0.30	17.75	0.30	17.75	0.30
59106.57	17.35	0.30	17.35	0.30	17.35	0.30	17.35	0.30	17.35	0.30
59106.57	17.35	0.30	17.35	0.30	17.35	0.30	17.35	0.30	17.35	0.30
59106.58	17.34	0.30	17.34	0.30	17.34	0.30	17.34	0.30	17.34	0.30
59106.60	17.39	0.30	17.39	0.30	17.39	0.30	17.39	0.30	17.39	0.30
59106.61	17.37	0.30	17.37	0.30	17.37	0.30	17.37	0.30	17.37	0.30
59108.37	17.99	0.30	17.99	0.30	17.99	0.30	17.99	0.30	17.99	0.30
59108.46	17.37	0.30	17.37	0.30	17.37	0.30	17.37	0.30	17.37	0.30
59108.50	17.37	0.30	17.37	0.30	17.37	0.30	17.37	0.30	17.37	0.30
59108.50	17.32	0.30	17.32	0.30	17.32	0.30	17.32	0.30	17.32	0.30
59108.50	17.50	0.30	17.50	0.30	17.50	0.30	17.50	0.30	17.50	0.30
59108.51	17.27	0.30	17.27	0.30	17.27	0.30	17.27	0.30	17.27	0.30
59108.59	17.91	0.30	17.91	0.30	17.91	0.30	17.91	0.30	17.91	0.30
59108.59	17.34	0.30	17.34	0.30	17.34	0.30	17.34	0.30	17.34	0.30
59109.48	17.76	0.30	17.76	0.30	17.76	0.30	17.76	0.30	17.76	0.30
59109.50	17.68	0.30	17.68	0.30	17.68	0.30	17.68	0.30	17.68	0.30
59109.53	17.74	0.30	17.74	0.30	17.74	0.30	17.74	0.30	17.74	0.30
59109.54	17.82	0.30	17.82	0.30	17.82	0.30	17.82	0.30	17.82	0.30
59110.51	17.36	0.30	17.36	0.30	17.36	0.30	17.36	0.30	17.36	0.30
59110.53	17.82	0.30	17.82	0.30	17.82	0.30	17.82	0.30	17.82	0.30
59110.53	17.74	0.30	17.74	0.30	17.74	0.30	17.74	0.30	17.74	0.30
59110.54	17.79	0.30	17.79	0.30	17.79	0.30	17.79	0.30	17.79	0.30
59110.56	17.67	0.30	17.67	0.30	17.67	0.30	17.67	0.30	17.67	0.30
59111.40	18.11	0.30	18.11	0.30	18.11	0.30	18.11	0.30	18.11	0.30
59111.42	17.42	0.30	17.42	0.30	17.42	0.30	17.42	0.30	17.42	0.30
59112.51	17.41	0.30	17.41	0.30	17.41	0.30	17.41	0.30	17.41	0.30
59112.51	17.42	0.30	17.42	0.30	17.42	0.30	17.42	0.30	17.42	0.30
59112.51	17.43	0.30	17.43	0.30	17.43	0.30	17.43	0.30	17.43	0.30
59112.52	17.32	0.30	17.32	0.30	17.32	0.30	17.32	0.30	17.32	0.30
59113.48	17.92	0.30	17.92	0.30	17.92	0.30	17.92	0.30	17.92	0.30
59113.49	17.96	0.30	17.96	0.30	17.96	0.30	17.96	0.30	17.96	0.30
59113.50	17.96	0.30	17.96	0.30	17.96	0.30	17.96	0.30	17.96	0.30
59113.51	18.04	0.30	18.04	0.30	18.04	0.30	18.04	0.30	18.04	0.30
59114.35	18.27	0.30	18.27	0.30	18.27	0.30	18.27	0.30	18.27	0.30
59114.46	17.47	0.30	17.47	0.30	17.47	0.30	17.47	0.30	17.47	0.30
59114.53	17.89	0.30	17.89	0.30	17.89	0.30	17.89	0.30	17.89	0.30
59114.53	18.00	0.30	18.00	0.30	18.00	0.30	18.00	0.30	18.00	0.30
59114.54	17.82	0.30	17.82	0.30	17.82	0.30	17.82	0.30	17.82	0.30
59114.55	17.92	0.30	17.92	0.30	17.92	0.30	17.92	0.30	17.92	0.30
59114.57	17.49	0.30	17.49	0.30	17.49	0.30	17.49	0.30	17.49	0.30
59114.57	18.15	0.30	18.15	0.30	18.15	0.30	18.15	0.30	18.15	0.30
59116.43	17.50	0.30	17.50	0.30	17.50	0.30	17.50	0.30	17.50	0.30
59117.38	17.48	0.30	17.48	0.30	17.48	0.30	17.48	0.30	17.48	0.30
59118.48	18.39	0.30	18.39	0.30	18.39	0.30	18.39	0.30	18.39	0.30
59118.56	17.50	0.30	17.50	0.30	17.50	0.30	17.50	0.30	17.50	0.30
59118.56	17.53	0.30	17.53	0.30	17.53	0.30	17.53	0.30	17.53	0.30
59120.36	18.45	0.30	18.45	0.30	18.45	0.30	18.45	0.30	18.45	0.30
59120.44	18.41	0.30	18.41	0.30	18.41	0.30	18.41	0.30	18.41	0.30
59120.50	17.54	0.30	17.54	0.30	17.54	0.30	17.54	0.30	17.54	0.30
59120.51	17.55	0.30	17.55	0.30	17.55	0.30	17.55	0.30	17.55	0.30
59120.51	17.47	0.30	17.47	0.30	17.47	0.30	17.47	0.30	17.47	0.30
59120.51	17.66	0.30	17.66	0.30	17.66	0.30	17.66	0.30	17.66	0.30
59121.36	18.38	0.30	18.38	0.30	18.38	0.30	18.38	0.30	18.38	0.30
59121.37	17.59	0.30	17.59	0.30	17.59	0.30	17.59	0.30	17.59	0.30
59121.39	17.39	0.30	17.39	0.30	17.39	0.30	17.39	0.30	17.39	0.30
59121.40	17.64	0.30	17.64	0.30	17.64	0.30	17.64	0.30	17.64	0.30
59121.40	17.63	0.30	17.63	0.30	17.63	0.30	17.63	0.30	17.63	0.30
59122.36	18.55	0.30	18.55	0.30	18.55	0.30	18.55	0.30	18.55	0.30
59123.36	17.51	0.30	17.51	0.30	17.51	0.30	17.51	0.30	17.51	0.30
59123.40	18.43	0.30	18.43	0.30	18.43	0.30	18.43	0.30	18.43	0.30
59123.44	17.47	0.30	17.47	0.30	17.47	0.30	17.47	0.30	17.47	0.30
59123.45	17.50	0.30	17.50	0.30	17.50	0.30	17.50	0.30	17.50	0.30
59123.45	17.80	0.30	17.80	0.30	17.80	0.30	17.80	0.30	17.80	0.30
59123.46	17.53	0.30	17.53	0.30	17.53	0.30	17.53	0.30	17.53	0.30
59124.35	17.55	0.30	17.55	0.30	17.55	0.30	17.55	0.30	17.55	0.30
59125.40	18.41	0.30	18.41	0.30	18.41	0.30	18.41	0.30	18.41	0.30
59125.46	17.53	0.30	17.53	0.30	17.53	0.30	17.53	0.30	17.53	0.30
59128.41	17.65	0.30	17.65	0.30	17.65	0.30	17.65	0.30	17.65	0.30
59128.55	17.77	0.30	17.77	0.30	17.77	0.30	17.77	0.30	17.77	0.30
59128.56	17.82	0.30	17.82	0.30	17.82	0.30	17.82	0.30	17.82	0.30
59128.56	20.33	0.30	20.33	0.30	20.33	0.30	20.33	0.30	20.33	0.30
59128.57	17.74	0.30	17.74	0.30	17.74	0.30	17.74	0.30	17.74	0.30
59128.60	17.50	0.30	17.50	0.30	17.50	0.30	17.50	0.30	17.50	0.30
59130.40	18.54	0.30	18.54	0.30	18.54	0.30	18.54	0.30	18.54	0.30
59130.43	17.64	0.30	17.64	0.30	17.64	0.30	17.64	0.30	17.64	0.30
59130.49	17.59	0.30	17.59	0.30	17.59	0.30	17.59	0.30	17.59	0.30
59130.49	17.58	0.30	17.58	0.30	17.58	0.30	17.58	0.30	17.58	0.30
59130.59	17.74	0.30	17.74	0.30	17.74	0.30	17.74	0.30	17.74	0.30
59130.59	17.57	0.30	17.57	0.30	17.57	0.30	17.57	0.30	17.57	0.30
59130.60	17.58	0.30	17.58	0.30	17.58	0.30	17.58	0.30	17.58	0.30
59130.60	17.60	0.30	17.60	0.30	17.60	0.30	17.60	0.30	17.60	0.30
59130.61	17.56	0.30	17.56	0.30	17.56	0.30	17.56	0.30	17.56	0.30
59130.62	17.55	0.30	17.55	0.30	17.55	0.30	17.55	0.30	17.55	0.30
59130.62	17.58	0.30	17.58	0.30	17.58	0.30	17.58	0.30	17.58	0.30
59130.63	17.56	0.30	17.56	0.30	17.56	0.30	17.56	0.30	17.56	0.30
59132.47	17.54	0.30	17.54	0.30	17.54	0.30	17.54	0.30	17.54	0.30
59132.47	17.71	0.30	17.71	0.30	17.71	0.30	17.71	0.30	17.71	0.30
59132.48	17.84	0.30	17.84	0.30	17.84	0.30	17.84	0.30	17.84	0.30
59132.49	17.72	0.30	17.72	0.30	17.72	0.30	17.72	0.30	17.72	0.30
59132.50	18.26	0.30	18.26	0.30	18.26	0.30	18.26	0.30	18.26	0.30
59132.50	18.05	0.30	18.05	0.30	18.05	0.30	18.05	0.30	18.05	0.30
59132.55	17.64	0.30	17.64	0.30	17.64	0.30	17.64	0.30	17.64	0.30
59132.56	18.52	0.30	18.52	0.30	18.52	0.30	18.52	0.30	18.52	0.30
59133.47	17.53	0.30	17.53	0.30	17.53	0.30	17.53	0.30	17.53	0.30
59133.47	17.55	0.30	17.55	0.30	17.55	0.30	17.55	0.30	17.55	0.30
59133.48	17.67	0.30	17.67	0.30	17.67	0.30	17.67	0.30	17.67	0.30
59133.49	17.52	0.30	17.52	0.30	17.52	0.30	17.52	0.30	17.52	0.30
59134.44	17.68	0.30	17.68	0.30	17.68	0.30	17.68	0.30	17.68	0.30
59134.58	17.88	0.30	17.88	0.30	17.88	0.30	17.88	0.30	17.88	0.30
59134.59	17.56	0.30	17.56	0.30	17.56	0.30	17.56	0.30	17.56	0.30
59134.59	17.27	0.30	17.27	0.30	17.27	0.30	17.27	0.30	17.27	0.30
59134.61	17.09	0.30	17.09	0.30	17.09	0.30	17.09	0.30	17.09	0.30
59136.41	18.65	0.30	18.65	0.30	18.65	0.30	18.65	0.30	18.65	0.30
59136.47	17.69	0.30	17.69	0.30	17.69	0.30	17.69	0.30	17.69	0.30
59136.48	17.84	0.30	17.84	0.30	17.84	0.30	17.84	0.30	17.84	0.30
59136.48	17.60	0.30	17.60	0.30	17.60	0.30	17.60	0.30	17.60	0.30
59136.49	17.68	0.30	17.68	0.30	17.68	0.30	17.68	0.30	17.68	0.30
59136.50	17.67	0.30	17.67	0.30	17.67	0.30	17.67	0.30	17.67	0.30
59136.51	18.55	0.30	18.55	0.30	18.55	0.30	18.55	0.30	18.55	0.30
59138.34	17.72	0.30	17.72	0.30	17.72	0.30	17.72	0.30	17.72	0.30
59138.48	18.26	0.30	18.26	0.30	18.26	0.30	18.26	0.30	18.26	0.30
59138.48	18.22	0.30	18.22	0.30	18.22	0.30	18.22	0.30	18.22	0.30
59138.49	18.61	0.30	18.61	0.30	18.61	0.30	18.61	0.30	18.61	0.30
59138.52	18.27	0.30	18.27	0.30	18.27	0.30	18.27	0.30	18.27	0.30
59140.37	17.70	0.30	17.70	0.30	17.70	0.30	17.70	0.30	17.70	0.30
59140.41	18.71	0.30	18.71	0.30	18.71	0.30	18.71	0.30	18.71	0.30
59140.46	17.67	0.30	17.67	0.30	17.67	0.30	17.67	0.30	17.67	0.30
59140.46	17.77	0.30	17.77	0.30	17.77	0.30	17.77	0.30	17.77	0.30
59140.46	17.71	0.30	17.71	0.30	17.71	0.30	17.71	0.30	17.71	0.30
59140.48	17.76	0.30	17.76	0.30	17.76	0.30	17.76	0.30	17.76	0.30
59140.48	17.72	0.30	17.72	0.30	17.72	0.30	17.72	0.30	17.72	0.30
59140.48	18.57	0.30	18.57	0.30	18.57	0.30	18.57	0.30	18.57	0.30
59142.36	17.71	0.30	17.71	0.30	17.71	0.30	17.71	0.30	17.71	0.30
59142.41	18.76	0.30	18.76	0.30	18.76	0.30	18.76	0.30	18.76	0.30
59142.44	18.22	0.30	18.22	0.30	18.22	0.30	18.22	0.30	18.22	0.30
59142.44	18.49	0.30	18.49	0.30	18.49	0.30	18.49	0.30	18.49	0.30
59142.44	18.43	0.30	18.43	0.30	18.43	0.30	18.43	0.30	18.43	0.30
59142.46	18.42	0.30	18.42	0.30	18.42	0.30	18.42	0.30	18.42	0.30
59144.40	18.81	0.30	18.81	0.30	18.81	0.30	18.81	0.30	18.81	0.30
59144.40	17.78	0.30	17.78	0.30	17.78	0.30	17.78	0.30	17.78	0.30
59144.40	17.77	0.30	17.77	0.30	17.77	0.30	17.77	0.30	17.77	0.30
59144.40	17.77	0.30	17.77	0.30	17.77	0.30	17.77	0.30	17.77	0.30
59144.43	17.82	0.30	17.82	0.30	17.82	0.30	17.82	0.30	17.82	0.30
59144.43	17.72	0.30	17.72	0.30	17.72	0.30	17.72	0.30	17.72	0.30
59146.46	18.64	0.30	18.64	0.30	18.64	0.30	18.64	0.30	18.64	0.30
59146.46	17.72	0.30	17.72	0.30	17.72	0.30	17.72	0.30	17.72	0.30
59146.49	18.30	0.30	18.30	0.30	18.30	0.30	18.30	0.30	18.30	0.30
59146.52	18.08	0.30	18.08	0.30	18.08	0.30	18.08	0.30	18.08	0.30
59146.52	18.24	0.30	18.24	0.30	18.24	0.30	18.24	0.30	18.24	0.30
59146.52	18.31	0.30	18.31	0.30	18.31	0.30	18.31	0.30	18.31	0.30
59146.53	18.26	0.30	18.26	0.30	18.26	0.30	18.26	0.30	18.26	0.30
59146.53	18.20	0.30	18.20	0.30	18.20	0.30	18.20	0.30	18.20	0.30
59146.53	18.30	0.30	18.30	0.30	18.30	0.30	18.30	0.30	18.30	0.30
59146.54	18.18	0.30	18.18	0.30	18.18	0.30	18.18	0.30	18.18	0.30
59147.44	17.74	0.30	17.74	0.30	17.74	0.30	17.74	0.30	17.74	0.30
59147.44	17.90	0.30	17.90	0.30	17.90	0.30	17.90	0.30	17.90	0.30
59147.45	17.82	0.30	17.82	0.30	17.82	0.30	17.82	0.30	17.82	0.30
59147.45	17.66	0.30	17.66	0.30	17.66	0.30	17.66	0.30	17.66	0.30
59148.42	17.79	0.30	17.79	0.30	17.79	0.30	17.79	0.30	17.79	0.30
59148.43	17.69	0.30	17.69	0.30	17.69	0.30	17.69	0.30	17.69	0.30
59148.43	17.79	0.30	17.79	0.30	17.79	0.30	17.79	0.30	17.79	0.30
59148.43	17.47	0.30	17.47	0.30	17.47	0.30	17.47	0.30	17.47	0.30
59148.44	17.44	0.30	17.44	0.30	17.44	0.30	17.44	0.30	17.44	0.30
59148.45	17.89	0.30	17.89	0.30	17.89	0.30	17.89	0.30	17.89	0.30
59150.30	17.78	0.30	17.78	0.30	17.78	0.30	17.78	0.30	17.78	0.30
59150.59	17.73	0.30	17.73	0.30	17.73	0.30	17.73	0.30	17.73	0.30
59150.60	15.59	0.30	15.59	0.30	15.59	0.30	15.59	0.30	15.59	0.30
59151.32	18.70	0.30	18.70	0.30	18.70	0.30	18.70	0.30	18.70	0.30
59151.37	17.87	0.30	17.87	0.30	17.87	0.30	17.87	0.30	17.87	0.30
59152.39	17.77	0.30	17.77	0.30	17.77	0.30	17.77	0.30	17.77	0.30
59155.28	17.77	0.30	17.77	0.30	17.77	0.30	17.77	0.30	17.77	0.30
59155.36	18.85	0.30	18.85	0.30	18.85	0.30	18.85	0.30	18.85	0.30
59156.48	17.86	0.30	17.86	0.30	17.86	0.30	17.86	0.30	17.86	0.30
59156.49	17.91	0.30	17.91	0.30	17.91	0.30	17.91	0.30	17.91	0.30
59156.51	17.71	0.30	17.71	0.30	17.71	0.30	17.71	0.30	17.71	0.30
59156.54	17.80	0.30	17.80	0.30	17.80	0.30	17.80	0.30	17.80	0.30
59157.37	18.71	0.30	18.71	0.30	18.71	0.30	18.71	0.30	18.71	0.30
59157.42	17.86	0.30	17.86	0.30	17.86	0.30	17.86	0.30	17.86	0.30
59157.48	17.90	0.30	17.90	0.30	17.90	0.30	17.90	0.30	17.90	0.30
59157.49	17.98	0.30	17.98	0.30	17.98	0.30	17.98	0.30	17.98	0.30
59157.50	17.83	0.30	17.83	0.30	17.83	0.30	17.83	0.30	17.83	0.30
59157.50	17.79	0.30	17.79	0.30	17.79	0.30	17.79	0.30	17.79	0.30
59158.32	18.95	0.30	18.95	0.30	18.95	0.30	18.95	0.30	18.95	0.30
59158.35	17.81	0.30	17.81	0.30	17.81	0.30	17.81	0.30	17.81	0.30
59158.47	18.21	0.30	18.21	0.30	18.21	0.30	18.21	0.30	18.21	0.30
59158.48	17.78	0.30	17.78	0.30	17.78	0.30	17.78	0.30	17.78	0.30
59158.49	17.78	0.30	17.78	0.30	17.78	0.30	17.78	0.30	17.78	0.30
59158.50	17.87	0.30	17.87	0.30	17.87	0.30	17.87	0.30	17.87	0.30
59158.50	18.01	0.30	18.01	0.30	18.01	0.30	18.01	0.30	18.01	0.30
59158.53	17.72	0.30	17.72	0.30	17.72	0.30	17.72	0.30	17.72	0.30
59160.45	17.80	0.30	17.80	0.30	17.80	0.30	17.80	0.30	17.80	0.30
59160.46	17.67	0.30	17.67	0.30	17.67	0.30	17.67	0.30	17.67	0.30
59160.46	17.96	0.30	17.96	0.30	17.96	0.30	17.96	0.30	17.96	0.30
59160.47	18.03	0.30	18.03	0.30	18.03	0.30	18.03	0.30	18.03	0.30
59161.44	17.81	0.30	17.81	0.30	17.81	0.30	17.81	0.30	17.81	0.30
59161.44	18.78	0.30	18.78	0.30	18.78	0.30	18.78	0.30	18.78	0.30
59165.30	18.97	0.30	18.97	0.30	18.97	0.30	18.97	0.30	18.97	0.30
59165.35	17.93	0.30	17.93	0.30	17.93	0.30	17.93	0.30	17.93	0.30
59167.35	17.97	0.30	17.97	0.30	17.97	0.30	17.97	0.30	17.97	0.30
59169.28	17.93	0.30	17.93	0.30	17.93	0.30	17.93	0.30	17.93	0.30
59169.33	19.09	0.30	19.09	0.30	19.09	0.30	19.09	0.30	19.09	0.30
59170.47	18.81	0.30	18.81	0.30	18.81	0.30	18.81	0.30	18.81	0.30
59170.47	18.44	0.30	18.44	0.30	18.44	0.30	18.44	0.30	18.44	0.30
59170.48	18.52	0.30	18.52	0.30	18.52	0.30	18.52	0.30	18.52	0.30
59170.51	18.59	0.30	18.59	0.30	18.59	0.30	18.59	0.30	18.59	0.30
59171.26	19.24	0.30	19.24	0.30	19.24	0.30	19.24	0.30	19.24	0.30
59172.39	19.02	0.30	19.02	0.30	19.02	0.30	19.02	0.30	19.02	0.30
59172.39	17.97	0.30	17.97	0.30	17.97	0.30	17.97	0.30	17.97	0.30
59172.41	18.28	0.30	18.28	0.30	18.28	0.30	18.28	0.30	18.28	0.30
59172.42	18.43	0.30	18.43	0.30	18.43	0.30	18.43	0.30	18.43	0.30
59172.43	18.32	0.30	18.32	0.30	18.32	0.30	18.32	0.30	18.32	0.30
59172.44	18.30	0.30	18.30	0.30	18.30	0.30	18.30	0.30	18.30	0.30
59173.41	18.79	0.30	18.79	0.30	18.79	0.30	18.79	0.30	18.79	0.30
59173.42	18.27	0.30	18.27	0.30	18.27	0.30	18.27	0.30	18.27	0.30
59173.45	18.68	0.30	18.68	0.30	18.68	0.30	18.68	0.30	18.68	0.30
59173.45	18.39	0.30	18.39	0.30	18.39	0.30	18.39	0.30	18.39	0.30
59174.34	18.09	0.30	18.09	0.30	18.09	0.30	18.09	0.30	18.09	0.30
59176.33	18.05	0.30	18.05	0.30	18.05	0.30	18.05	0.30	18.05	0.30
59176.35	19.13	0.30	19.13	0.30	19.13	0.30	19.13	0.30	19.13	0.30
59178.32	18.11	0.30	18.11	0.30	18.11	0.30	18.11	0.30	18.11	0.30
59178.50	18.40	0.30	18.40	0.30	18.40	0.30	18.40	0.30	18.40	0.30
59178.52	17.94	0.30	17.94	0.30	17.94	0.30	17.94	0.30	17.94	0.30
59178.53	18.03	0.30	18.03	0.30	18.03	0.30	18.03	0.30	18.03	0.30
59178.53	17.91	0.30	17.91	0.30	17.91	0.30	17.91	0.30	17.91	0.30
59185.25	18.23	0.30	18.23	0.30	18.23	0.30	18.23	0.30	18.23	0.30
59185.40	18.22	0.30	18.22	0.30	18.22	0.30	18.22	0.30	18.22	0.30
59185.40	18.20	0.30	18.20	0.30	18.20	0.30	18.20	0.30	18.20	0.30
59187.25	18.20	0.30	18.20	0.30	18.20	0.30	18.20	0.30	18.20	0.30
59189.24	18.37	0.30	18.37	0.30	18.37	0.30	18.37	0.30	18.37	0.30
59190.41	18.35	0.30	18.35	0.30	18.35	0.30	18.35	0.30	18.35	0.30
59190.41	19.64	0.30	19.64	0.30	19.64	0.30	19.64	0.30	19.64	0.30
59192.37	19.69	0.30	19.69	0.30	19.69	0.30	19.69	0.30	19.69	0.30
59192.37	18.25	0.30	18.25	0.30	18.25	0.30	18.25	0.30	18.25	0.30
59193.33	18.79	0.30	18.79	0.30	18.79	0.30	18.79	0.30	18.79	0.30
59193.34	18.68	0.30	18.68	0.30	18.68	0.30	18.68	0.30	18.68	0.30
59193.35	18.69	0.30	18.69	0.30	18.69	0.30	18.69	0.30	18.69	0.30
59193.36	18.74	0.30	18.74	0.30	18.74	0.30	18.74	0.30	18.74	0.30
59194.25	18.70	0.30	18.70	0.30	18.70	0.30	18.70	0.30	18.70	0.30
59194.33	20.07	0.30	20.07	0.30	20.07	0.30	20.07	0.30	20.07	0.30
59194.33	18.65	0.30	18.65	0.30	18.65	0.30	18.65	0.30	18.65	0.30
59196.25	18.67	0.30	18.67	0.30	18.67	0.30	18.67	0.30	18.67	0.30
59198.21	19.05	0.30	19.05	0.30	19.05	0.30	19.05	0.30	19.05	0.30
59198.36	20.38	0.30	20.38	0.30	20.38	0.30	20.38	0.30	20.38	0.30
59198.37	18.91	0.30	18.91	0.30	18.91	0.30	18.91	0.30	18.91	0.30
59200.24	19.17	0.30	19.17	0.30	19.17	0.30	19.17	0.30	19.17	0.30
59217.31	20.25	0.30	20.25	0.30	20.25	0.30	20.25	0.30	20.25	0.30
59221.33	20.28	0.30	20.28	0.30	20.28	0.30	20.28	0.30	20.28	0.30
59221.34	20.32	0.30	20.32	0.30	20.32	0.30	20.32	0.30	20.32	0.30
59221.36	20.25	0.30	20.25	0.30	20.25	0.30	20.25	0.30	20.25	0.30
59458.57	23.87	0.30	23.87	0.30	23.87	0.30	23.87	0.30	23.87	0.30
59467.57	22.89	0.30	22.89	0.30	22.89	0.30	22.89	0.30	22.89	0.30
59467.57	23.31	0.30	23.31	0.30	23.31	0.30	23.31	0.30	23.31	0.30
59485.56	21.78	0.30	21.78	0.30	21.78	0.30	21.78	0.30	21.78	0.30
59491.50	22.32	0.30	22.32	0.30	22.32	0.30	22.32	0.30	22.32	0.30
59494.62	23.03	0.30	23.03	0.30	23.03	0.30	23.03	0.30	23.03	0.30
59516.46	22.55	0.30	22.55	0.30	22.55	0.30	22.55	0.30	22.55	0.30
59525.46	23.25	0.30	23.25	0.30	23.25	0.30	23.25	0.30	23.25	0.30
59529.48	22.86	0.30	22.86	0.30	22.86	0.30	22.86	0.30	22.86	0.30
59540.38	25.22	0.30	25.22	0.30	25.22	0.30	25.22	0.30	25.22	0.30
59544.42	22.93	0.30	22.93	0.30	22.93	0.30	22.93	0.30	22.93	0.30
#
## All light curves linearly interpolated
## Extrapolation done by assuming constant colour with reference band
