59078.573	41.597	0.113
59080.604	41.822	0.113
59080.604	41.822	0.113
59080.606	41.962	0.113
59084.428	42.114	0.113
59084.428	42.114	0.113
59084.428	42.114	0.113
59084.428	42.114	0.113
59087.546	42.142	0.113
59088.494	42.102	0.113
59088.494	42.102	0.113
59090.509	42.135	0.113
59090.583	42.157	0.113
59091.417	42.079	0.113
59092.428	42.050	0.113
59094.416	42.117	0.113
59094.440	42.132	0.113
59094.500	42.034	0.113
59096.398	42.109	0.113
59100.543	42.113	0.113
59100.545	42.104	0.113
59100.549	42.097	0.113
59100.559	42.088	0.113
59102.458	42.073	0.113
59102.558	42.064	0.113
59102.561	42.100	0.113
59102.564	42.042	0.113
59102.569	42.080	0.113
59104.546	42.058	0.113
59104.549	42.061	0.113
59104.552	42.022	0.113
59105.601	42.035	0.113
59105.603	41.885	0.113
59106.519	41.815	0.113
59106.548	41.889	0.113
59106.550	41.932	0.113
59106.552	41.955	0.113
59106.557	41.885	0.113
59106.572	42.044	0.113
59106.572	42.044	0.113
59106.584	42.048	0.113
59106.595	42.032	0.113
59106.606	42.038	0.113
59108.370	41.788	0.113
59108.462	42.038	0.113
59108.495	42.036	0.113
59108.498	42.059	0.113
59108.504	41.985	0.113
59108.511	42.078	0.113
59108.589	41.820	0.113
59108.592	42.048	0.113
59109.478	41.882	0.113
59109.500	41.914	0.113
59109.534	41.889	0.113
59109.538	41.856	0.113
59110.512	42.042	0.113
59110.529	41.856	0.113
59110.531	41.890	0.113
59110.537	41.870	0.113
59110.558	41.919	0.113
59111.396	41.741	0.113
59111.420	42.019	0.113
59112.506	42.022	0.113
59112.507	42.019	0.113
59112.514	42.012	0.113
59112.523	42.058	0.113
59113.480	41.818	0.113
59113.485	41.801	0.113
59113.502	41.800	0.113
59113.508	41.770	0.113
59114.352	41.678	0.113
59114.460	41.996	0.113
59114.529	41.831	0.113
59114.533	41.784	0.113
59114.543	41.857	0.113
59114.549	41.818	0.113
59114.569	41.988	0.113
59114.571	41.726	0.113
59116.435	41.984	0.113
59117.382	41.994	0.113
59118.479	41.630	0.113
59118.555	41.986	0.113
59118.558	41.975	0.113
59120.363	41.604	0.113
59120.440	41.622	0.113
59120.504	41.972	0.113
59120.506	41.967	0.113
59120.509	41.997	0.113
59120.515	41.922	0.113
59121.365	41.632	0.113
59121.373	41.950	0.113
59121.394	42.030	0.113
59121.400	41.931	0.113
59121.403	41.932	0.113
59122.362	41.564	0.113
59123.355	41.981	0.113
59123.400	41.613	0.113
59123.436	41.998	0.113
59123.449	41.985	0.113
59123.453	41.867	0.113
59123.459	41.973	0.113
59124.353	41.964	0.113
59125.397	41.623	0.113
59125.465	41.974	0.113
59128.409	41.927	0.113
59128.553	41.876	0.113
59128.559	41.858	0.113
59128.560	40.855	0.113
59128.565	41.891	0.113
59128.599	41.984	0.113
59130.405	41.568	0.113
59130.428	41.931	0.113
59130.486	41.950	0.113
59130.489	41.953	0.113
59130.590	41.890	0.113
59130.593	41.959	0.113
59130.598	41.953	0.113
59130.600	41.946	0.113
59130.609	41.962	0.113
59130.618	41.964	0.113
59130.621	41.954	0.113
59130.627	41.960	0.113
59132.468	41.971	0.113
59132.470	41.903	0.113
59132.483	41.848	0.113
59132.494	41.898	0.113
59132.496	41.682	0.113
59132.498	41.766	0.113
59132.552	41.928	0.113
59132.555	41.576	0.113
59133.466	41.974	0.113
59133.470	41.964	0.113
59133.477	41.919	0.113
59133.487	41.977	0.113
59134.436	41.913	0.113
59134.585	41.835	0.113
59134.588	41.960	0.113
59134.594	42.077	0.113
59134.611	42.151	0.113
59136.406	41.524	0.113
59136.473	41.910	0.113
59136.476	41.851	0.113
59136.481	41.944	0.113
59136.486	41.915	0.113
59136.505	41.918	0.113
59136.508	41.564	0.113
59138.337	41.896	0.113
59138.481	41.680	0.113
59138.483	41.697	0.113
59138.485	41.542	0.113
59138.521	41.679	0.113
59140.366	41.906	0.113
59140.413	41.501	0.113
59140.459	41.917	0.113
59140.462	41.878	0.113
59140.465	41.903	0.113
59140.476	41.882	0.113
59140.480	41.896	0.113
59140.483	41.557	0.113
59142.362	41.902	0.113
59142.407	41.483	0.113
59142.437	41.697	0.113
59142.440	41.590	0.113
59142.443	41.616	0.113
59142.459	41.619	0.113
59144.396	41.461	0.113
59144.401	41.872	0.113
59144.403	41.876	0.113
59144.405	41.879	0.113
59144.429	41.857	0.113
59144.435	41.898	0.113
59146.458	41.529	0.113
59146.460	41.899	0.113
59146.486	41.667	0.113
59146.519	41.753	0.113
59146.522	41.689	0.113
59146.524	41.662	0.113
59146.528	41.680	0.113
59146.530	41.704	0.113
59146.534	41.668	0.113
59146.545	41.714	0.113
59147.441	41.889	0.113
59147.442	41.827	0.113
59147.446	41.860	0.113
59147.452	41.923	0.113
59148.424	41.871	0.113
59148.427	41.908	0.113
59148.430	41.869	0.113
59148.432	41.998	0.113
59148.436	42.011	0.113
59148.446	41.828	0.113
59150.300	41.874	0.113
59150.590	41.894	0.113
59150.602	42.748	0.113
59151.319	41.506	0.113
59151.374	41.837	0.113
59152.390	41.878	0.113
59155.280	41.876	0.113
59155.361	41.445	0.113
59156.483	41.840	0.113
59156.487	41.822	0.113
59156.515	41.903	0.113
59156.544	41.865	0.113
59157.371	41.500	0.113
59157.422	41.840	0.113
59157.484	41.824	0.113
59157.493	41.795	0.113
59157.500	41.852	0.113
59157.503	41.869	0.113
59158.320	41.406	0.113
59158.351	41.860	0.113
59158.475	41.701	0.113
59158.482	41.873	0.113
59158.485	41.874	0.113
59158.502	41.836	0.113
59158.505	41.780	0.113
59158.534	41.897	0.113
59160.453	41.864	0.113
59160.457	41.918	0.113
59160.462	41.803	0.113
59160.473	41.775	0.113
59161.442	41.863	0.113
59161.445	41.472	0.113
59165.300	41.396	0.113
59165.350	41.815	0.113
59167.346	41.798	0.113
59169.277	41.812	0.113
59169.332	41.350	0.113
59170.469	41.462	0.113
59170.474	41.611	0.113
59170.479	41.576	0.113
59170.507	41.549	0.113
59171.260	41.288	0.113
59172.389	41.376	0.113
59172.391	41.796	0.113
59172.407	41.674	0.113
59172.419	41.613	0.113
59172.430	41.659	0.113
59172.441	41.664	0.113
59173.412	41.469	0.113
59173.415	41.677	0.113
59173.447	41.513	0.113
59173.454	41.631	0.113
59174.339	41.748	0.113
59176.329	41.767	0.113
59176.347	41.332	0.113
59178.319	41.740	0.113
59178.502	41.625	0.113
59178.523	41.811	0.113
59178.526	41.774	0.113
59178.534	41.822	0.113
59185.255	41.694	0.113
59185.398	41.698	0.113
59185.401	41.705	0.113
59187.246	41.704	0.113
59189.237	41.636	0.113
59190.408	41.647	0.113
59190.411	41.128	0.113
59192.370	41.109	0.113
59192.373	41.684	0.113
59193.328	41.470	0.113
59193.340	41.513	0.113
59193.352	41.511	0.113
59193.364	41.489	0.113
59194.254	41.504	0.113
59194.328	40.958	0.113
59194.331	41.527	0.113
59196.255	41.517	0.113
59198.214	41.365	0.113
59198.363	40.832	0.113
59198.366	41.422	0.113
59200.237	41.316	0.113
59217.314	40.887	0.113
59221.330	40.874	0.113
59221.341	40.856	0.113
59221.363	40.884	0.113
59458.570	39.437	0.113
59467.567	39.830	0.113
59467.570	39.662	0.113
59485.557	40.273	0.113
59491.500	40.056	0.113
59494.621	39.772	0.113
59516.463	39.965	0.113
59525.465	39.684	0.113
59529.476	39.841	0.113
59540.380	38.899	0.113
59544.422	39.815	0.113
