##phase	S	err	D	err	A	err	u	err	B	err	g	err	V	err	r	err	i	err	z	err	
#
58975.20	15.96	0.05	15.89	0.03	15.79	0.06	15.29	0.04	15.89	0.06	15.67	0.08	15.79	0.04	16.02	0.10	16.25	0.06	16.47	0.06
58976.11	15.03	0.10	14.95	0.10	14.86	0.10	14.36	0.10	14.95	0.10	14.73	0.10	14.85	0.10	15.08	0.10	15.31	0.06	15.53	0.06
58976.16	15.03	0.10	14.95	0.10	14.86	0.10	14.35	0.10	14.94	0.10	14.69	0.10	14.89	0.10	15.06	0.10	15.30	0.06	15.52	0.06
58976.30	15.03	0.10	14.95	0.10	14.86	0.10	14.34	0.10	14.92	0.10	14.52	0.10	14.87	0.10	15.04	0.10	15.28	0.10	15.50	0.10
58977.18	15.05	0.10	14.92	0.10	14.88	0.10	14.28	0.10	14.76	0.10	14.54	0.10	14.62	0.10	14.77	0.10	14.94	0.10	15.15	0.10
58977.55	15.05	0.10	14.91	0.10	14.89	0.10	14.26	0.10	14.70	0.10	14.55	0.10	14.47	0.10	14.76	0.10	14.88	0.10	15.07	0.10
58977.73	15.08	0.10	14.91	0.10	14.90	0.10	14.38	0.10	14.76	0.10	14.42	0.10	14.43	0.10	14.65	0.10	14.85	0.10	15.02	0.10
58978.18	15.36	0.10	15.04	0.10	14.96	0.10	14.39	0.10	14.76	0.10	14.49	0.10	14.42	0.10	14.62	0.10	14.76	0.10	14.93	0.10
58978.25	15.40	0.10	15.06	0.10	14.97	0.10	14.40	0.10	14.76	0.10	14.51	0.10	14.44	0.10	14.64	0.10	14.76	0.10	14.92	0.10
58978.50	15.44	0.10	15.11	0.10	15.00	0.10	14.42	0.10	14.71	0.10	14.49	0.10	14.45	0.10	14.61	0.10	14.77	0.10	14.89	0.10
58979.18	15.57	0.10	15.25	0.10	15.10	0.10	14.49	0.10	14.71	0.10	14.45	0.10	14.49	0.10	14.54	0.10	14.67	0.10	14.81	0.10
58979.33	15.59	0.10	15.28	0.10	15.12	0.10	14.50	0.10	14.71	0.10	14.44	0.10	14.46	0.10	14.68	0.10	14.66	0.10	14.79	0.10
58979.41	15.70	0.10	15.36	0.10	15.30	0.10	14.49	0.10	14.71	0.10	14.43	0.10	14.47	0.10	14.55	0.10	14.67	0.10	14.79	0.10
58980.51	16.15	0.10	15.73	0.10	15.25	0.10	14.55	0.10	14.71	0.10	14.43	0.10	14.52	0.10	14.50	0.10	14.62	0.10	14.76	0.10
58980.72	16.22	0.10	15.82	0.10	15.32	0.10	14.57	0.10	14.71	0.10	14.38	0.10	14.51	0.10	14.48	0.10	14.62	0.10	14.75	0.10
58981.18	16.38	0.10	16.01	0.10	15.48	0.10	14.62	0.10	14.72	0.10	14.42	0.10	14.49	0.10	14.51	0.10	14.60	0.10	14.74	0.10
58981.25	16.40	0.10	16.04	0.10	15.50	0.10	14.63	0.10	14.73	0.10	14.44	0.10	14.49	0.10	14.45	0.10	14.60	0.10	14.74	0.10
58982.18	16.62	0.10	16.29	0.10	15.69	0.10	14.71	0.10	14.77	0.10	14.44	0.10	14.45	0.10	14.51	0.10	14.66	0.10	14.76	0.10
58983.21	16.80	0.10	16.56	0.10	15.88	0.10	14.83	0.10	14.79	0.10	14.49	0.10	14.50	0.10	14.52	0.10	14.67	0.10	14.82	0.10
58984.72	17.09	0.10	16.99	0.10	16.20	0.10	14.97	0.10	14.81	0.10	14.48	0.10	14.51	0.10	14.51	0.10	14.74	0.10	14.85	0.10
58985.18	17.22	0.10	17.13	0.10	16.27	0.10	15.04	0.10	14.82	0.10	14.52	0.10	14.55	0.10	14.53	0.10	14.73	0.10	14.84	0.10
58986.19	17.48	0.10	17.46	0.10	16.47	0.10	15.20	0.10	14.87	0.10	14.59	0.10	14.57	0.10	14.54	0.10	14.66	0.10	14.82	0.10
58986.26	17.50	0.10	17.48	0.10	16.49	0.10	15.21	0.10	14.88	0.10	14.66	0.10	14.56	0.10	14.55	0.10	14.66	0.10	14.82	0.10
58986.27	17.50	0.10	17.49	0.10	16.50	0.10	15.22	0.10	14.88	0.10	14.66	0.10	14.56	0.10	14.58	0.10	14.66	0.10	14.82	0.10
58986.74	17.62	0.10	17.66	0.10	16.62	0.10	15.24	0.10	14.91	0.10	14.54	0.10	14.55	0.10	14.53	0.10	14.70	0.10	14.82	0.10
58988.19	17.98	0.10	18.16	0.10	16.99	0.10	15.47	0.10	14.99	0.10	14.61	0.10	14.51	0.10	14.55	0.10	14.74	0.10	14.83	0.10
58988.54	18.06	0.10	18.29	0.10	17.08	0.10	15.53	0.10	15.01	0.10	14.63	0.10	14.53	0.10	14.56	0.10	14.77	0.10	14.82	0.10
58989.22	18.23	0.10	18.53	0.10	17.25	0.10	15.61	0.10	15.05	0.10	14.60	0.10	14.57	0.10	14.54	0.10	14.71	0.10	14.82	0.10
58989.87	18.39	0.10	18.75	0.10	17.42	0.10	15.69	0.10	15.09	0.10	14.59	0.10	14.55	0.10	14.48	0.10	14.73	0.10	14.80	0.10
58989.89	18.40	0.10	18.76	0.10	17.42	0.10	15.69	0.10	15.09	0.10	14.59	0.10	14.55	0.10	14.51	0.10	14.73	0.10	14.80	0.10
58990.19	18.47	0.10	18.87	0.10	17.50	0.10	15.72	0.10	15.10	0.10	14.60	0.10	14.58	0.10	14.54	0.10	14.74	0.10	14.79	0.10
58991.19	18.72	0.10	19.22	0.10	17.76	0.10	15.83	0.10	15.13	0.10	14.62	0.10	14.56	0.10	14.50	0.10	14.69	0.10	14.79	0.10
58991.70	18.85	0.10	19.40	0.10	17.89	0.10	15.88	0.10	15.15	0.10	14.61	0.10	14.57	0.10	14.49	0.10	14.71	0.10	14.80	0.10
58992.19	18.97	0.10	19.57	0.10	18.01	0.10	15.94	0.10	15.16	0.10	14.72	0.10	14.57	0.10	14.54	0.10	14.69	0.10	14.81	0.10
58992.23	18.98	0.10	19.59	0.10	18.02	0.10	15.94	0.10	15.16	0.10	14.74	0.10	14.57	0.10	14.50	0.10	14.69	0.10	14.81	0.10
58993.43	19.27	0.10	20.01	0.10	18.33	0.10	16.08	0.10	15.20	0.10	14.74	0.10	14.61	0.10	14.56	0.10	14.75	0.10	14.81	0.10
58994.19	19.48	0.10	20.21	0.10	18.50	0.10	16.16	0.10	15.23	0.10	14.72	0.10	14.61	0.10	14.56	0.10	14.69	0.10	14.81	0.10
58995.19	19.80	0.10	20.33	0.10	18.67	0.10	16.24	0.10	15.28	0.10	14.80	0.10	14.71	0.10	14.55	0.10	14.70	0.10	14.81	0.10
58995.23	19.81	0.10	20.34	0.10	18.67	0.10	16.24	0.10	15.29	0.10	14.84	0.10	14.70	0.10	14.55	0.10	14.70	0.10	14.81	0.10
58996.27	20.02	0.10	20.40	0.10	18.80	0.10	16.37	0.10	15.34	0.10	14.82	0.10	14.63	0.10	14.55	0.10	14.71	0.10	14.81	0.10
58996.53	20.06	0.10	20.41	0.10	18.82	0.10	16.41	0.10	15.35	0.10	14.85	0.10	14.63	0.10	14.66	0.10	14.71	0.10	14.81	0.10
58998.22	20.32	0.10	20.45	0.10	18.99	0.10	16.57	0.10	15.45	0.10	14.94	0.10	14.66	0.10	14.56	0.10	14.70	0.10	14.79	0.10
58999.73	20.55	0.10	20.50	0.10	19.13	0.10	16.71	0.10	15.53	0.10	14.88	0.10	14.68	0.10	14.56	0.10	14.69	0.10	14.77	0.10
59000.28	20.63	0.10	20.51	0.10	19.19	0.10	16.77	0.10	15.56	0.10	14.91	0.10	14.69	0.10	14.59	0.10	14.69	0.10	14.77	0.10
59001.28	20.79	0.10	20.54	0.10	19.28	0.10	16.87	0.10	15.61	0.10	14.92	0.10	14.61	0.10	14.56	0.10	14.67	0.10	14.74	0.10
59002.25	20.94	0.10	20.57	0.10	19.38	0.10	16.96	0.10	15.67	0.10	14.95	0.10	14.72	0.10	14.62	0.10	14.71	0.10	14.76	0.10
59002.79	20.98	0.10	20.58	0.10	19.42	0.10	17.06	0.10	15.72	0.10	14.96	0.10	14.64	0.10	14.62	0.10	14.73	0.10	14.77	0.10
59003.27	20.98	0.10	20.58	0.10	19.44	0.10	16.99	0.10	15.78	0.10	15.02	0.10	14.64	0.10	14.66	0.10	14.72	0.10	14.78	0.10
59003.34	20.98	0.10	20.58	0.10	19.44	0.10	16.98	0.10	15.78	0.10	15.03	0.10	14.64	0.10	14.66	0.10	14.77	0.10	14.78	0.10
59004.25	20.98	0.10	20.58	0.10	19.48	0.10	17.09	0.10	15.79	0.10	15.06	0.10	14.61	0.10	14.63	0.10	14.72	0.10	14.80	0.10
59004.31	20.98	0.10	20.58	0.10	19.48	0.10	17.10	0.10	15.79	0.10	15.05	0.10	14.61	0.10	14.62	0.10	14.69	0.10	14.80	0.10
59004.81	20.99	0.10	20.58	0.10	19.51	0.10	17.16	0.10	15.79	0.10	14.98	0.10	14.63	0.10	14.59	0.10	14.66	0.10	14.80	0.10
59006.48	20.99	0.10	20.59	0.10	19.58	0.10	17.22	0.10	15.80	0.10	15.06	0.10	14.68	0.10	14.63	0.10	14.72	0.10	14.80	0.10
59007.25	21.00	0.10	20.59	0.10	19.63	0.10	17.33	0.10	15.81	0.10	15.05	0.10	14.76	0.10	14.65	0.10	14.71	0.10	14.80	0.10
59007.83	21.00	0.10	20.59	0.10	19.70	0.10	17.35	0.10	15.82	0.10	15.05	0.10	14.76	0.10	14.60	0.10	14.70	0.10	14.77	0.10
59008.25	21.01	0.10	20.59	0.10	19.75	0.10	17.38	0.10	15.83	0.10	15.05	0.10	14.76	0.10	14.65	0.10	14.77	0.10	14.74	0.10
59008.29	21.01	0.10	20.59	0.10	19.75	0.10	17.38	0.10	15.83	0.10	15.05	0.10	14.77	0.10	14.67	0.10	14.77	0.10	14.76	0.10
59009.75	21.02	0.10	20.59	0.10	19.93	0.10	17.49	0.10	15.86	0.10	15.10	0.10	14.79	0.10	14.65	0.10	14.73	0.10	14.79	0.10
59010.26	21.03	0.10	20.59	0.10	19.99	0.10	17.54	0.10	15.87	0.10	15.09	0.10	14.80	0.10	14.74	0.10	14.69	0.10	14.79	0.10
59011.25	21.04	0.10	20.59	0.10	20.11	0.10	17.62	0.10	15.90	0.10	15.11	0.10	14.80	0.10	14.68	0.10	14.72	0.10	14.77	0.10
59011.29	21.04	0.10	20.59	0.10	20.11	0.10	17.62	0.10	15.90	0.10	15.11	0.10	14.80	0.10	14.68	0.10	14.69	0.10	14.77	0.10
59012.25	21.04	0.10	20.59	0.10	20.22	0.10	17.70	0.10	15.92	0.10	15.14	0.10	14.78	0.10	14.69	0.10	14.73	0.10	14.78	0.10
59012.36	21.01	0.10	20.58	0.10	20.21	0.10	17.71	0.10	15.92	0.10	15.16	0.10	14.80	0.10	14.65	0.10	14.72	0.10	14.78	0.10
59013.26	20.76	0.10	20.53	0.10	20.15	0.10	17.73	0.10	15.95	0.10	15.16	0.10	14.83	0.10	14.70	0.10	14.74	0.10	14.77	0.10
59014.25	20.49	0.10	20.48	0.10	20.08	0.10	17.76	0.10	15.98	0.10	15.16	0.10	14.83	0.10	14.68	0.10	14.73	0.10	14.79	0.10
59014.79	20.34	0.10	20.45	0.10	20.05	0.10	17.78	0.10	15.99	0.10	15.17	0.10	14.81	0.10	14.67	0.10	14.71	0.10	14.79	0.10
59015.24	20.22	0.10	20.43	0.10	20.02	0.10	17.81	0.10	16.00	0.10	15.20	0.10	14.80	0.10	14.75	0.10	14.80	0.10	14.79	0.10
59015.26	20.21	0.10	20.43	0.10	20.01	0.10	17.81	0.10	16.00	0.10	15.21	0.10	14.82	0.10	14.71	0.10	14.76	0.10	14.79	0.10
59016.26	19.94	0.10	20.37	0.10	19.95	0.10	17.88	0.10	16.03	0.10	15.23	0.10	14.87	0.10	14.73	0.10	14.76	0.10	14.80	0.10
59017.24	19.67	0.10	20.32	0.10	19.88	0.10	17.95	0.10	16.06	0.10	15.25	0.10	14.90	0.10	14.68	0.10	14.77	0.10	14.82	0.10
59018.26	19.48	0.10	20.29	0.10	19.84	0.10	18.03	0.10	16.08	0.10	15.26	0.10	14.90	0.10	14.74	0.10	14.77	0.10	14.83	0.10
59020.24	19.60	0.10	20.31	0.10	19.91	0.10	18.20	0.10	16.08	0.10	15.38	0.10	14.93	0.10	14.71	0.10	14.77	0.10	14.84	0.10
59022.22	19.72	0.10	20.34	0.10	19.98	0.10	18.38	0.10	16.08	0.10	15.34	0.10	14.95	0.10	14.79	0.10	14.82	0.10	14.84	0.10
59023.22	19.78	0.10	20.35	0.10	20.01	0.10	18.47	0.10	16.08	0.10	15.44	0.10	14.99	0.10	14.79	0.10	14.83	0.10	14.84	0.10
59023.29	19.78	0.10	20.35	0.10	20.02	0.10	18.48	0.10	16.08	0.10	15.36	0.10	14.99	0.10	14.80	0.10	14.84	0.10	14.84	0.10
59023.78	19.81	0.10	20.36	0.10	20.03	0.10	18.52	0.10	16.08	0.10	15.40	0.10	14.94	0.10	14.76	0.10	14.86	0.10	14.85	0.10
59025.72	19.93	0.10	20.38	0.10	20.10	0.10	18.69	0.10	16.14	0.10	15.54	0.10	15.01	0.10	14.82	0.10	14.91	0.10	14.86	0.10
59027.26	20.02	0.10	20.40	0.10	20.16	0.10	18.80	0.10	16.19	0.10	15.45	0.10	15.07	0.10	14.88	0.10	14.85	0.10	14.88	0.10
59028.26	20.08	0.10	20.41	0.10	20.19	0.10	18.87	0.10	16.22	0.10	15.55	0.10	15.12	0.10	14.88	0.10	14.84	0.10	14.90	0.10
59030.26	20.20	0.10	20.44	0.10	20.26	0.10	19.01	0.10	16.28	0.10	15.61	0.10	15.19	0.10	14.95	0.10	14.93	0.10	14.95	0.10
59031.26	20.26	0.10	20.45	0.10	20.30	0.10	19.08	0.10	16.31	0.10	15.61	0.10	15.19	0.10	14.99	0.10	14.97	0.10	15.01	0.10
59031.70	20.29	0.10	20.46	0.10	20.31	0.10	19.11	0.10	16.33	0.10	15.68	0.10	15.24	0.10	14.95	0.10	14.98	0.10	15.00	0.10
59032.26	20.32	0.10	20.46	0.10	20.33	0.10	19.15	0.10	16.35	0.10	15.67	0.10	15.30	0.10	15.00	0.10	14.98	0.10	14.99	0.10
59032.28	20.33	0.10	20.46	0.10	20.33	0.10	19.16	0.10	16.35	0.10	15.67	0.10	15.30	0.10	15.00	0.10	14.98	0.10	14.98	0.10
59033.18	20.38	0.10	20.47	0.10	20.36	0.10	19.22	0.10	16.38	0.10	15.87	0.10	15.32	0.10	14.98	0.10	15.04	0.10	15.02	0.10
59033.26	20.39	0.10	20.47	0.10	20.37	0.10	19.23	0.10	16.38	0.10	15.73	0.10	15.32	0.10	14.96	0.10	15.05	0.10	15.02	0.10
59034.26	20.45	0.10	20.49	0.10	20.40	0.10	19.30	0.10	16.41	0.10	15.84	0.10	15.34	0.10	15.08	0.10	15.09	0.10	15.13	0.10
59034.30	20.45	0.10	20.49	0.10	20.40	0.10	19.30	0.10	16.41	0.10	15.85	0.10	15.34	0.10	15.13	0.10	15.08	0.10	15.13	0.10
59035.26	20.51	0.10	20.50	0.10	20.44	0.10	19.37	0.10	16.44	0.10	16.01	0.10	15.43	0.10	15.15	0.10	15.15	0.10	15.14	0.10
59036.22	20.56	0.10	20.51	0.10	20.47	0.10	19.44	0.10	16.47	0.10	16.02	0.10	15.48	0.10	15.24	0.10	15.22	0.10	15.15	0.10
59036.26	20.57	0.10	20.51	0.10	20.47	0.10	19.44	0.10	16.47	0.10	16.02	0.10	15.62	0.10	15.27	0.10	15.18	0.10	15.15	0.10
59037.26	20.63	0.10	20.53	0.10	20.51	0.10	19.52	0.10	16.51	0.10	16.15	0.10	15.85	0.10	15.30	0.10	15.28	0.10	15.31	0.10
59038.77	20.72	0.10	20.54	0.10	20.56	0.10	19.62	0.10	16.55	0.10	16.37	0.10	16.04	0.10	15.45	0.10	15.47	0.10	15.50	0.10
59039.30	20.75	0.10	20.55	0.10	20.58	0.10	19.66	0.10	16.57	0.10	16.48	0.10	16.10	0.10	15.58	0.10	15.54	0.10	15.56	0.10
59041.28	20.87	0.10	20.58	0.10	20.65	0.10	19.79	0.10	16.63	0.10	16.89	0.10	16.35	0.10	15.92	0.10	15.90	0.10	15.80	0.10
59048.28	21.28	0.10	20.66	0.10	20.88	0.10	20.43	0.10	16.86	0.10	17.68	0.10	17.20	0.10	16.57	0.10	16.56	0.10	15.91	0.10
59050.75	21.29	0.10	20.66	0.10	20.88	0.10	20.42	0.10	16.92	0.10	17.63	0.10	17.26	0.10	16.47	0.10	16.63	0.10	15.95	0.10
59060.37	21.33	0.10	20.67	0.10	20.86	0.10	20.18	0.10	17.16	0.10	17.67	0.10	17.48	0.10	16.60	0.10	16.80	0.10	16.10	0.10
59163.49	21.01	0.10	20.53	0.10	20.75	0.10	20.00	0.10	19.13	0.10	18.74	0.10	16.58	0.10	17.75	0.10	18.09	0.10	17.76	0.10
59169.48	21.01	0.10	20.53	0.10	20.74	0.10	20.17	0.10	19.21	0.10	18.80	0.10	16.57	0.10	17.75	0.10	18.16	0.10	17.86	0.10
59176.56	21.06	0.10	20.56	0.10	20.75	0.10	20.14	0.10	19.27	0.10	18.93	0.10	16.71	0.10	17.94	0.10	18.22	0.10	17.97	0.10
59180.51	21.09	0.10	20.57	0.10	20.76	0.10	20.12	0.10	19.30	0.10	18.82	0.10	16.78	0.10	17.98	0.10	18.25	0.10	18.04	0.10
59180.56	21.09	0.10	20.57	0.10	20.76	0.10	20.12	0.10	19.30	0.10	18.82	0.10	16.78	0.10	17.98	0.10	18.25	0.10	18.04	0.10
59184.51	21.12	0.10	20.58	0.10	20.77	0.10	20.10	0.10	19.33	0.10	18.85	0.10	16.86	0.10	18.13	0.10	18.29	0.10	18.10	0.10
59188.51	21.15	0.10	20.60	0.10	20.78	0.10	20.08	0.10	19.36	0.10	18.89	0.10	16.94	0.10	18.18	0.10	18.34	0.10	18.16	0.10
59194.52	21.19	0.10	20.62	0.10	20.79	0.10	20.05	0.10	19.40	0.10	19.13	0.10	17.05	0.10	18.28	0.10	18.53	0.10	18.26	0.10
59196.58	21.22	0.10	20.63	0.10	20.82	0.10	20.29	0.10	19.44	0.10	19.08	0.10	17.27	0.10	18.17	0.10	18.57	0.10	18.29	0.10
59197.58	21.24	0.10	20.63	0.10	20.83	0.10	20.31	0.10	19.47	0.10	19.08	0.10	17.39	0.10	18.20	0.10	18.57	0.10	18.31	0.10
59198.49	21.26	0.10	20.64	0.10	20.85	0.10	20.33	0.10	19.49	0.10	19.07	0.10	17.51	0.10	18.33	0.10	18.58	0.10	18.33	0.10
59199.54	21.27	0.10	20.64	0.10	20.87	0.10	20.36	0.10	19.51	0.10	19.05	0.10	17.64	0.10	18.23	0.10	18.58	0.10	18.34	0.10
59200.53	21.29	0.10	20.65	0.10	20.88	0.10	20.38	0.10	19.53	0.10	19.03	0.10	17.76	0.10	18.34	0.10	18.59	0.10	18.36	0.10
59201.55	21.31	0.10	20.65	0.10	20.90	0.10	20.41	0.10	19.56	0.10	19.01	0.10	17.89	0.10	18.48	0.10	18.59	0.10	18.37	0.10
59203.50	21.34	0.10	20.66	0.10	20.93	0.10	20.46	0.10	19.60	0.10	18.97	0.10	18.14	0.10	18.50	0.10	18.60	0.10	18.41	0.10
59203.53	21.34	0.10	20.66	0.10	20.93	0.10	20.46	0.10	19.60	0.10	18.99	0.10	18.14	0.10	18.49	0.10	18.60	0.10	18.41	0.10
59209.30	21.42	0.10	20.68	0.10	20.98	0.10	20.37	0.10	19.71	0.10	19.07	0.10	18.62	0.10	18.38	0.10	18.63	0.10	18.50	0.10
59211.66	21.44	0.10	20.68	0.10	20.97	0.10	20.39	0.10	19.72	0.10	19.06	0.10	18.63	0.10	18.53	0.10	18.66	0.10	18.54	0.10
59215.27	21.46	0.10	20.68	0.10	20.95	0.10	20.41	0.10	19.75	0.10	19.05	0.10	18.64	0.10	18.56	0.10	18.71	0.10	18.74	0.10
59216.51	21.47	0.10	20.69	0.10	20.94	0.10	20.42	0.10	19.76	0.10	19.05	0.10	18.64	0.10	18.62	0.10	18.73	0.10	18.81	0.10
59216.65	21.47	0.10	20.69	0.10	20.94	0.10	20.42	0.10	19.77	0.10	19.05	0.10	18.64	0.10	18.59	0.10	18.73	0.10	18.82	0.10
59221.26	21.47	0.10	20.69	0.10	20.96	0.10	20.62	0.10	19.76	0.10	19.04	0.10	18.32	0.10	18.61	0.10	18.80	0.10	18.90	0.10
59221.44	21.47	0.10	20.69	0.10	20.96	0.10	20.62	0.10	19.76	0.10	19.16	0.10	18.31	0.10	18.67	0.10	18.80	0.10	18.90	0.10
59223.47	21.47	0.10	20.69	0.10	20.97	0.10	20.62	0.10	19.76	0.10	19.25	0.10	18.15	0.10	18.79	0.10	18.82	0.10	18.94	0.10
59227.25	21.46	0.10	20.68	0.10	20.97	0.10	20.39	0.10	19.75	0.10	19.39	0.10	17.87	0.10	18.68	0.10	18.86	0.10	19.01	0.10
59227.38	21.46	0.10	20.67	0.10	20.95	0.10	20.38	0.10	19.75	0.10	19.39	0.10	17.86	0.10	18.81	0.10	18.86	0.10	19.01	0.10
59229.43	21.36	0.10	20.52	0.10	20.71	0.10	20.11	0.10	19.74	0.10	19.37	0.10	17.73	0.10	18.77	0.10	18.83	0.10	19.05	0.10
59229.52	21.36	0.10	20.52	0.10	20.70	0.10	20.10	0.10	19.74	0.10	19.37	0.10	17.72	0.10	18.70	0.10	18.83	0.10	19.05	0.10
59231.48	21.27	0.10	20.38	0.10	20.47	0.10	19.85	0.10	19.74	0.10	19.50	0.10	17.59	0.10	18.91	0.10	18.87	0.10	19.09	0.10
59231.60	21.27	0.10	20.37	0.10	20.46	0.10	19.83	0.10	19.74	0.10	19.53	0.10	17.59	0.10	18.92	0.10	18.87	0.10	19.09	0.10
59237.31	21.01	0.10	19.96	0.10	19.78	0.10	19.10	0.10	19.73	0.10	19.34	0.10	17.22	0.10	18.88	0.10	18.97	0.10	19.19	0.10
59243.57	21.09	0.10	20.12	0.10	20.07	0.10	19.47	0.10	19.71	0.10	19.32	0.10	17.33	0.10	19.11	0.10	18.95	0.10	19.31	0.10
59245.43	21.41	0.10	20.67	0.10	20.97	0.10	20.52	0.10	19.69	0.10	19.34	0.10	17.77	0.10	19.26	0.10	18.94	0.10	19.34	0.10
59249.41	21.36	0.10	20.66	0.10	20.96	0.10	20.49	0.10	19.64	0.10	19.31	0.10	17.71	0.10	19.23	0.10	19.08	0.10	19.41	0.10
59250.27	21.35	0.10	20.66	0.10	20.95	0.10	20.48	0.10	19.63	0.10	19.31	0.10	17.70	0.10	19.30	0.10	19.11	0.10	19.43	0.10
59251.46	21.34	0.10	20.65	0.10	20.95	0.10	20.47	0.10	19.62	0.10	19.37	0.10	17.69	0.10	19.31	0.10	19.08	0.10	19.45	0.10
59253.49	21.32	0.10	20.65	0.10	20.94	0.10	20.45	0.10	19.59	0.10	19.47	0.10	17.66	0.10	19.29	0.10	19.04	0.10	19.49	0.10
59255.04	21.30	0.10	20.65	0.10	20.94	0.10	20.44	0.10	19.58	0.10	19.55	0.10	17.64	0.10	19.34	0.10	19.01	0.10	19.52	0.10
59255.42	21.29	0.10	20.65	0.10	20.94	0.10	20.44	0.10	19.57	0.10	19.56	0.10	17.63	0.10	19.42	0.10	19.02	0.10	19.52	0.10
59261.38	21.22	0.10	20.63	0.10	20.92	0.10	20.39	0.10	19.50	0.10	19.70	0.10	17.55	0.10	19.54	0.10	19.08	0.10	19.63	0.10
59262.36	21.21	0.10	20.63	0.10	20.91	0.10	20.38	0.10	19.49	0.10	19.80	0.10	17.53	0.10	19.55	0.10	19.10	0.10	19.65	0.10
59262.57	21.21	0.10	20.63	0.10	20.91	0.10	20.38	0.10	19.48	0.10	19.82	0.10	17.53	0.10	19.53	0.10	19.10	0.10	19.65	0.10
59264.37	21.19	0.10	20.63	0.10	20.91	0.10	20.36	0.10	19.46	0.10	19.75	0.10	17.51	0.10	19.50	0.10	19.14	0.10	19.69	0.10
59266.20	21.17	0.10	20.62	0.10	20.90	0.10	20.34	0.10	19.44	0.10	19.69	0.10	17.48	0.10	19.51	0.10	19.18	0.10	19.72	0.10
59267.57	21.15	0.10	20.62	0.10	20.89	0.10	20.33	0.10	19.42	0.10	19.85	0.10	17.46	0.10	19.67	0.10	19.48	0.10	19.74	0.10
59268.35	21.14	0.10	20.62	0.10	20.89	0.10	20.33	0.10	19.42	0.10	19.95	0.10	17.45	0.10	19.61	0.10	19.42	0.10	19.76	0.10
59269.53	21.11	0.10	20.61	0.10	20.78	0.10	20.10	0.10	19.33	0.10	20.00	0.10	17.73	0.10	19.82	0.10	19.33	0.10	19.78	0.10
59277.54	21.07	0.08	20.56	0.08	20.74	0.10	20.06	0.08	19.29	0.09	20.28	0.10	19.04	0.10	19.78	0.10	19.28	0.10	20.01	0.10
59283.14	21.04	0.13	20.54	0.13	20.71	0.14	20.03	0.13	19.26	0.14	20.47	0.10	19.64	0.10	19.75	0.10	19.34	0.10	20.00	0.10
59285.24	21.04	0.15	20.54	0.15	20.71	0.16	20.03	0.15	19.26	0.16	20.55	0.10	19.64	0.04	19.75	0.10	19.41	0.10	20.00	0.10
59288.07	21.19	0.18	20.68	0.18	20.86	0.19	20.17	0.18	19.40	0.19	20.65	0.10	19.78	0.05	19.90	0.10	19.50	0.10	20.00	0.10
59305.48	21.96	0.35	21.46	0.35	21.63	0.36	20.95	0.35	20.18	0.36	20.73	0.10	20.56	0.21	20.67	0.10	20.04	0.10	19.97	0.10
59316.44	21.79	0.46	21.29	0.46	21.46	0.46	20.78	0.46	20.01	0.46	20.53	0.10	20.39	0.31	20.50	0.10	20.29	0.10	20.23	0.10
59332.29	21.90	0.62	21.39	0.62	21.57	0.62	20.89	0.62	20.11	0.62	21.00	0.10	20.49	0.47	20.61	0.10	20.67	0.10	20.27	0.10
59333.31	22.13	0.63	21.62	0.63	21.80	0.63	21.12	0.63	20.35	0.63	21.06	0.10	20.73	0.48	20.84	0.10	20.60	0.10	20.26	0.10
59335.40	22.29	0.65	21.79	0.65	21.96	0.65	21.28	0.65	20.51	0.65	21.19	0.10	20.89	0.50	21.00	0.10	20.48	0.10	20.31	0.10
59346.29	22.64	0.76	22.13	0.76	22.31	0.76	21.63	0.76	20.86	0.76	21.12	0.10	21.24	0.61	21.35	0.10	21.03	0.10	20.58	0.10
59349.31	22.99	0.79	22.48	0.79	22.66	0.79	21.98	0.79	21.21	0.79	21.30	0.10	21.58	0.64	21.70	0.10	21.12	0.10	20.66	0.10
59360.33	22.12	0.90	21.62	0.90	21.79	0.90	21.11	0.90	20.34	0.90	21.40	0.10	20.72	0.75	20.83	0.10	21.48	0.10	20.80	0.10
59363.33	22.81	0.93	22.30	0.93	22.48	0.93	21.80	0.93	21.03	0.93	21.50	0.10	21.40	0.78	21.52	0.10	21.58	0.10	21.18	0.10
59365.34	22.63	0.95	22.12	0.95	22.30	0.95	21.62	0.95	20.84	0.95	21.57	0.10	21.22	0.80	21.34	0.10	21.34	0.10	21.44	0.10
59371.32	22.24	1.01	21.73	1.01	21.91	1.01	21.23	1.01	20.45	1.01	21.77	0.10	20.83	0.86	20.95	0.10	21.07	0.10	21.39	0.10
59377.29	22.91	1.07	22.41	1.07	22.58	1.07	21.90	1.07	21.13	1.07	21.85	0.10	21.51	0.92	21.62	0.10	21.24	0.10	21.34	0.10
59387.28	22.00	1.17	21.50	1.17	21.67	1.17	20.99	1.17	20.22	1.17	21.43	0.10	20.60	1.02	20.71	0.10	20.74	0.10	21.26	0.10
59388.29	23.07	1.18	22.57	1.18	22.74	1.18	22.06	1.18	21.29	1.18	21.45	0.10	21.67	1.03	21.78	0.10	20.94	0.10	21.25	0.10
59389.29	22.83	1.19	22.32	1.19	22.50	1.19	21.82	1.19	21.05	1.19	21.47	0.10	21.42	1.04	21.54	0.10	21.14	0.10	21.24	0.10
59391.28	22.89	1.20	22.38	1.20	22.56	1.20	21.87	1.20	21.10	1.20	21.51	0.10	21.48	1.06	21.60	0.10	21.31	0.10	21.22	0.10
59393.28	23.09	1.20	22.59	1.20	22.76	1.20	22.08	1.20	21.31	1.20	21.54	0.10	21.69	1.08	21.80	0.10	21.48	0.10	21.71	0.10
59394.29	23.32	1.20	22.81	1.20	22.99	1.20	22.30	1.20	21.53	1.20	21.56	0.10	21.91	1.09	22.03	0.10	21.52	0.10	21.96	0.10
59401.29	22.83	1.20	22.33	1.20	22.50	1.20	21.82	1.20	21.05	1.20	22.30	0.10	21.43	1.16	21.54	0.10	21.85	0.10	21.47	0.09
59405.30	22.36	1.20	21.85	1.20	22.03	1.20	21.35	1.20	20.58	1.20	21.83	0.08	20.95	1.20	21.07	0.10	21.38	0.06	21.00	0.13
#
## All light curves linearly interpolated
## Extrapolation done by assuming constant colour with reference band
