# ph	T_bb	err	R_bb	err	L_bb	err

58868.65	7.95e+03	6.15e+02	2.19e+14	3.07e+13	1.36e+41	5.68e+40
58868.66	7.95e+03	6.15e+02	2.79e+14	3.92e+13	2.21e+41	9.23e+40
58873.62	7.95e+03	6.15e+02	9.61e+13	1.35e+13	2.63e+40	1.10e+40
58873.62	7.95e+03	6.15e+02	1.75e+14	2.46e+13	8.75e+40	3.66e+40
58929.54	7.95e+03	6.15e+02	2.26e+14	3.18e+13	1.45e+41	6.08e+40
58942.48	7.95e+03	6.15e+02	3.13e+14	4.40e+13	2.79e+41	1.16e+41
58942.48	7.95e+03	6.15e+02	3.68e+14	5.17e+13	3.85e+41	1.61e+41
58954.39	7.95e+03	6.15e+02	1.75e+15	2.45e+14	8.67e+42	3.62e+42
58954.39	7.95e+03	6.15e+02	1.75e+15	2.45e+14	8.67e+42	3.62e+42
58954.44	7.95e+03	6.15e+02	1.47e+15	2.06e+14	6.12e+42	2.56e+42
58954.44	7.95e+03	6.15e+02	1.47e+15	2.06e+14	6.12e+42	2.56e+42
58954.46	7.95e+03	6.15e+02	1.31e+15	1.84e+14	4.86e+42	2.03e+42
58955.40	7.95e+03	6.15e+02	1.83e+15	2.57e+14	9.52e+42	3.98e+42
58955.43	7.95e+03	6.15e+02	1.57e+15	2.21e+14	7.02e+42	2.93e+42
58956.34	7.95e+03	6.15e+02	1.63e+15	2.29e+14	7.58e+42	3.17e+42
58956.37	7.95e+03	6.15e+02	1.97e+15	2.77e+14	1.11e+43	4.62e+42
58956.47	7.95e+03	6.15e+02	1.69e+15	2.38e+14	8.15e+42	3.41e+42
58956.47	7.95e+03	6.15e+02	1.28e+15	1.80e+14	4.68e+42	1.95e+42
58958.51	7.95e+03	6.15e+02	2.03e+15	2.86e+14	1.18e+43	4.92e+42
58958.52	7.95e+03	6.15e+02	1.58e+15	2.22e+14	7.08e+42	2.96e+42
58960.46	7.95e+03	6.15e+02	2.00e+15	2.82e+14	1.14e+43	4.78e+42
58960.46	7.95e+03	6.15e+02	1.90e+15	2.67e+14	1.03e+43	4.30e+42
58961.41	7.95e+03	6.15e+02	1.89e+15	2.65e+14	1.01e+43	4.24e+42
58964.28	7.95e+03	6.15e+02	1.82e+15	2.55e+14	9.39e+42	3.93e+42
58964.35	7.95e+03	6.15e+02	2.03e+15	2.85e+14	1.17e+43	4.88e+42
58967.29	7.95e+03	6.15e+02	1.92e+15	2.69e+14	1.04e+43	4.37e+42
58967.34	7.95e+03	6.15e+02	1.79e+15	2.52e+14	9.14e+42	3.82e+42
58969.37	7.95e+03	6.15e+02	2.01e+15	2.82e+14	1.15e+43	4.79e+42
58970.31	7.95e+03	6.15e+02	1.81e+15	2.54e+14	9.28e+42	3.88e+42
58970.39	7.95e+03	6.15e+02	1.72e+15	2.41e+14	8.39e+42	3.51e+42
58971.36	7.95e+03	6.15e+02	1.62e+15	2.27e+14	7.42e+42	3.10e+42
58972.43	7.95e+03	6.15e+02	1.62e+15	2.28e+14	7.49e+42	3.13e+42
58972.43	7.95e+03	6.15e+02	1.41e+15	1.98e+14	5.62e+42	2.35e+42
58973.27	7.95e+03	6.15e+02	1.73e+15	2.43e+14	8.50e+42	3.55e+42
58973.30	7.95e+03	6.15e+02	1.66e+15	2.33e+14	7.84e+42	3.28e+42
58973.39	7.95e+03	6.15e+02	2.19e+15	3.08e+14	1.37e+43	5.73e+42
58973.39	7.95e+03	6.15e+02	2.28e+15	3.20e+14	1.48e+43	6.18e+42
58973.39	7.95e+03	6.15e+02	2.03e+15	2.85e+14	1.17e+43	4.88e+42
58973.39	7.95e+03	6.15e+02	2.03e+15	2.85e+14	1.17e+43	4.88e+42
58973.39	7.95e+03	6.15e+02	2.06e+15	2.89e+14	1.20e+43	5.02e+42
58973.39	7.95e+03	6.15e+02	2.06e+15	2.89e+14	1.20e+43	5.02e+42
58974.42	7.95e+03	6.15e+02	1.59e+15	2.23e+14	7.16e+42	2.99e+42
58974.42	7.95e+03	6.15e+02	1.44e+15	2.02e+14	5.90e+42	2.47e+42
58975.28	7.95e+03	6.15e+02	1.61e+15	2.26e+14	7.38e+42	3.09e+42
58975.43	7.95e+03	6.15e+02	1.63e+15	2.29e+14	7.55e+42	3.16e+42
58975.43	7.95e+03	6.15e+02	1.46e+15	2.05e+14	6.07e+42	2.54e+42
58976.20	7.95e+03	6.15e+02	1.59e+15	2.23e+14	7.15e+42	2.99e+42
58976.30	7.95e+03	6.15e+02	1.62e+15	2.27e+14	7.42e+42	3.10e+42
58978.83	7.95e+03	6.15e+02	2.05e+15	2.88e+14	1.20e+43	5.00e+42
58978.84	7.95e+03	6.15e+02	2.26e+15	3.17e+14	1.45e+43	6.06e+42
58978.84	7.95e+03	6.15e+02	2.58e+15	3.62e+14	1.89e+43	7.90e+42
58978.84	7.95e+03	6.15e+02	2.11e+15	2.96e+14	1.26e+43	5.27e+42
58978.84	7.95e+03	6.15e+02	1.99e+15	2.79e+14	1.12e+43	4.70e+42
58978.84	7.95e+03	6.15e+02	2.00e+15	2.81e+14	1.14e+43	4.76e+42
58979.24	7.95e+03	6.15e+02	1.52e+15	2.13e+14	6.54e+42	2.73e+42
58980.33	7.95e+03	6.15e+02	1.55e+15	2.17e+14	6.81e+42	2.85e+42
58980.89	7.95e+03	6.15e+02	1.73e+15	2.43e+14	8.49e+42	3.55e+42
58980.90	7.95e+03	6.15e+02	2.11e+15	2.97e+14	1.27e+43	5.30e+42
58980.90	7.95e+03	6.15e+02	2.11e+15	2.97e+14	1.27e+43	5.30e+42
58980.90	7.95e+03	6.15e+02	2.08e+15	2.92e+14	1.23e+43	5.14e+42
58980.90	7.95e+03	6.15e+02	2.81e+15	3.95e+14	2.24e+43	9.38e+42
58980.90	7.95e+03	6.15e+02	2.02e+15	2.84e+14	1.16e+43	4.87e+42
58981.90	7.95e+03	6.15e+02	1.59e+15	2.24e+14	7.20e+42	3.01e+42
58981.90	7.95e+03	6.15e+02	2.45e+15	3.45e+14	1.71e+43	7.16e+42
58981.90	7.95e+03	6.15e+02	2.45e+15	3.45e+14	1.71e+43	7.16e+42
58981.90	7.95e+03	6.15e+02	1.58e+15	2.22e+14	7.10e+42	2.97e+42
58982.45	7.95e+03	6.15e+02	1.38e+15	1.94e+14	5.42e+42	2.27e+42
58982.46	7.95e+03	6.15e+02	1.43e+15	2.01e+14	5.79e+42	2.42e+42
58984.29	7.95e+03	6.15e+02	1.35e+15	1.90e+14	5.20e+42	2.18e+42
58984.29	7.95e+03	6.15e+02	1.33e+15	1.87e+14	5.02e+42	2.10e+42
58985.22	7.95e+03	6.15e+02	2.01e+15	2.82e+14	1.15e+43	4.79e+42
58985.22	7.95e+03	6.15e+02	2.24e+15	3.15e+14	1.43e+43	5.97e+42
58985.22	7.95e+03	6.15e+02	2.24e+15	3.15e+14	1.43e+43	5.97e+42
58985.22	7.95e+03	6.15e+02	1.95e+15	2.74e+14	1.08e+43	4.51e+42
58985.22	7.95e+03	6.15e+02	2.86e+15	4.02e+14	2.33e+43	9.73e+42
58985.22	7.95e+03	6.15e+02	1.92e+15	2.70e+14	1.05e+43	4.40e+42
58985.30	7.95e+03	6.15e+02	1.39e+15	1.96e+14	5.53e+42	2.31e+42
58986.42	7.95e+03	6.15e+02	1.84e+15	2.58e+14	9.61e+42	4.02e+42
58986.42	7.95e+03	6.15e+02	2.62e+15	3.68e+14	1.95e+43	8.16e+42
58986.42	7.95e+03	6.15e+02	2.62e+15	3.68e+14	1.95e+43	8.16e+42
58986.42	7.95e+03	6.15e+02	1.89e+15	2.66e+14	1.02e+43	4.25e+42
58986.42	7.95e+03	6.15e+02	1.79e+15	2.52e+14	9.12e+42	3.81e+42
58986.42	7.95e+03	6.15e+02	1.79e+15	2.52e+14	9.12e+42	3.81e+42
58986.48	7.95e+03	6.15e+02	1.74e+15	2.45e+14	8.62e+42	3.60e+42
58986.48	7.95e+03	6.15e+02	2.04e+15	2.86e+14	1.18e+43	4.94e+42
58987.38	7.95e+03	6.15e+02	1.29e+15	1.82e+14	4.75e+42	1.99e+42
58987.39	7.95e+03	6.15e+02	1.34e+15	1.88e+14	5.11e+42	2.14e+42
58991.24	7.95e+03	6.15e+02	1.37e+15	1.93e+14	5.37e+42	2.25e+42
58991.31	7.95e+03	6.15e+02	1.34e+15	1.88e+14	5.08e+42	2.12e+42
58992.29	7.95e+03	6.15e+02	1.20e+15	1.69e+14	4.12e+42	1.72e+42
58992.29	7.95e+03	6.15e+02	1.35e+15	1.90e+14	5.21e+42	2.18e+42
58994.24	7.95e+03	6.15e+02	1.30e+15	1.83e+14	4.83e+42	2.02e+42
58997.22	7.95e+03	6.15e+02	1.22e+15	1.72e+14	4.26e+42	1.78e+42
58997.29	7.95e+03	6.15e+02	1.34e+15	1.88e+14	5.10e+42	2.13e+42
58997.32	7.95e+03	6.15e+02	1.17e+15	1.64e+14	3.89e+42	1.63e+42
58997.32	7.95e+03	6.15e+02	1.33e+15	1.87e+14	5.02e+42	2.10e+42
58999.37	7.95e+03	6.15e+02	1.12e+15	1.58e+14	3.60e+42	1.50e+42
58999.37	7.95e+03	6.15e+02	1.23e+15	1.73e+14	4.32e+42	1.80e+42
59000.25	7.95e+03	6.15e+02	1.21e+15	1.70e+14	4.17e+42	1.75e+42
59000.27	7.95e+03	6.15e+02	1.20e+15	1.68e+14	4.08e+42	1.71e+42
59003.00	7.95e+03	6.15e+02	1.93e+15	2.72e+14	1.06e+43	4.45e+42
59003.00	7.95e+03	6.15e+02	2.37e+15	3.34e+14	1.60e+43	6.70e+42
59003.00	7.95e+03	6.15e+02	2.37e+15	3.34e+14	1.60e+43	6.70e+42
59003.00	7.95e+03	6.15e+02	1.82e+15	2.55e+14	9.39e+42	3.93e+42
59003.01	7.95e+03	6.15e+02	1.85e+15	2.60e+14	9.70e+42	4.05e+42
59003.01	7.95e+03	6.15e+02	1.85e+15	2.60e+14	9.70e+42	4.05e+42
59003.39	7.95e+03	6.15e+02	1.16e+15	1.64e+14	3.86e+42	1.61e+42
59004.20	7.95e+03	6.15e+02	1.13e+15	1.59e+14	3.64e+42	1.52e+42
59004.27	7.95e+03	6.15e+02	1.36e+15	1.92e+14	5.28e+42	2.21e+42
59007.25	7.95e+03	6.15e+02	1.90e+15	2.67e+14	1.03e+43	4.29e+42
59007.25	7.95e+03	6.15e+02	1.82e+15	2.55e+14	9.38e+42	3.92e+42
59007.25	7.95e+03	6.15e+02	2.48e+15	3.48e+14	1.75e+43	7.30e+42
59007.25	7.95e+03	6.15e+02	2.02e+15	2.85e+14	1.17e+43	4.87e+42
59007.26	7.95e+03	6.15e+02	1.88e+15	2.64e+14	1.01e+43	4.20e+42
59007.26	7.95e+03	6.15e+02	1.88e+15	2.64e+14	1.01e+43	4.20e+42
59009.21	7.95e+03	6.15e+02	1.27e+15	1.78e+14	4.56e+42	1.91e+42
59009.24	7.95e+03	6.15e+02	1.04e+15	1.47e+14	3.09e+42	1.29e+42
59011.36	7.95e+03	6.15e+02	1.89e+15	2.66e+14	1.02e+43	4.25e+42
59011.36	7.95e+03	6.15e+02	2.30e+15	3.23e+14	1.50e+43	6.28e+42
59011.36	7.95e+03	6.15e+02	2.30e+15	3.23e+14	1.50e+43	6.28e+42
59011.36	7.95e+03	6.15e+02	2.00e+15	2.81e+14	1.14e+43	4.75e+42
59011.36	7.95e+03	6.15e+02	1.97e+15	2.76e+14	1.10e+43	4.59e+42
59011.36	7.95e+03	6.15e+02	1.87e+15	2.64e+14	1.00e+43	4.18e+42
59012.21	7.95e+03	6.15e+02	1.01e+15	1.43e+14	2.93e+42	1.22e+42
59012.24	7.95e+03	6.15e+02	1.21e+15	1.71e+14	4.19e+42	1.75e+42
59014.42	7.95e+03	6.15e+02	8.56e+14	1.20e+14	2.08e+42	8.71e+41
59014.42	7.95e+03	6.15e+02	1.16e+15	1.63e+14	3.82e+42	1.60e+42
59015.08	7.95e+03	6.15e+02	1.94e+15	2.73e+14	1.07e+43	4.49e+42
59015.08	7.95e+03	6.15e+02	2.14e+15	3.01e+14	1.30e+43	5.45e+42
59015.08	7.95e+03	6.15e+02	2.14e+15	3.01e+14	1.30e+43	5.45e+42
59015.09	7.95e+03	6.15e+02	2.13e+15	3.00e+14	1.29e+43	5.40e+42
59015.09	7.95e+03	6.15e+02	1.89e+15	2.65e+14	1.01e+43	4.24e+42
59016.21	7.95e+03	6.15e+02	9.83e+14	1.38e+14	2.75e+42	1.15e+42
59017.29	7.95e+03	6.15e+02	8.51e+14	1.20e+14	2.06e+42	8.62e+41
59019.22	7.95e+03	6.15e+02	1.12e+15	1.58e+14	3.59e+42	1.50e+42
59019.26	7.95e+03	6.15e+02	9.68e+14	1.36e+14	2.66e+42	1.11e+42
59019.46	7.95e+03	6.15e+02	1.89e+15	2.66e+14	1.02e+43	4.26e+42
59019.46	7.95e+03	6.15e+02	2.13e+15	2.99e+14	1.29e+43	5.38e+42
59019.46	7.95e+03	6.15e+02	2.13e+15	2.99e+14	1.29e+43	5.38e+42
59019.46	7.95e+03	6.15e+02	2.00e+15	2.81e+14	1.14e+43	4.76e+42
59019.46	7.95e+03	6.15e+02	1.99e+15	2.79e+14	1.12e+43	4.70e+42
59019.46	7.95e+03	6.15e+02	1.99e+15	2.79e+14	1.12e+43	4.70e+42
59021.29	7.95e+03	6.15e+02	8.46e+14	1.19e+14	2.04e+42	8.52e+41
59021.29	7.95e+03	6.15e+02	1.11e+15	1.55e+14	3.48e+42	1.45e+42
59022.23	7.95e+03	6.15e+02	1.13e+15	1.59e+14	3.63e+42	1.52e+42
59022.29	7.95e+03	6.15e+02	8.38e+14	1.18e+14	2.00e+42	8.36e+41
59023.64	7.95e+03	6.15e+02	1.98e+15	2.78e+14	1.11e+43	4.65e+42
59025.21	7.95e+03	6.15e+02	1.08e+15	1.52e+14	3.33e+42	1.39e+42
59025.24	7.95e+03	6.15e+02	9.00e+14	1.26e+14	2.30e+42	9.63e+41
59026.29	7.95e+03	6.15e+02	8.16e+14	1.15e+14	1.90e+42	7.93e+41
59027.56	7.95e+03	6.15e+02	1.95e+15	2.74e+14	1.08e+43	4.52e+42
59027.56	7.95e+03	6.15e+02	1.74e+15	2.44e+14	8.58e+42	3.59e+42
59027.56	7.95e+03	6.15e+02	2.47e+15	3.47e+14	1.74e+43	7.26e+42
59027.56	7.95e+03	6.15e+02	1.99e+15	2.80e+14	1.13e+43	4.72e+42
59027.57	7.95e+03	6.15e+02	1.86e+15	2.62e+14	9.87e+42	4.13e+42
59027.57	7.95e+03	6.15e+02	1.91e+15	2.69e+14	1.04e+43	4.35e+42
59028.22	7.95e+03	6.15e+02	1.02e+15	1.43e+14	2.95e+42	1.23e+42
59028.28	7.95e+03	6.15e+02	6.66e+14	9.36e+13	1.26e+42	5.28e+41
59028.28	7.95e+03	6.15e+02	1.02e+15	1.43e+14	2.96e+42	1.24e+42
59029.21	7.95e+03	6.15e+02	9.03e+14	1.27e+14	2.32e+42	9.70e+41
59030.28	7.95e+03	6.15e+02	1.03e+15	1.44e+14	3.00e+42	1.25e+42
59030.29	7.95e+03	6.15e+02	9.81e+14	1.38e+14	2.74e+42	1.15e+42
59031.22	7.95e+03	6.15e+02	1.02e+15	1.44e+14	2.97e+42	1.24e+42
59033.28	7.95e+03	6.15e+02	1.05e+15	1.47e+14	3.11e+42	1.30e+42
59033.28	7.95e+03	6.15e+02	1.05e+15	1.47e+14	3.12e+42	1.30e+42
59034.60	7.95e+03	6.15e+02	2.02e+15	2.83e+14	1.16e+43	4.83e+42
59034.61	7.95e+03	6.15e+02	1.78e+15	2.50e+14	8.98e+42	3.76e+42
59034.61	7.95e+03	6.15e+02	2.19e+15	3.08e+14	1.36e+43	5.71e+42
59034.61	7.95e+03	6.15e+02	1.98e+15	2.79e+14	1.12e+43	4.68e+42
59034.61	7.95e+03	6.15e+02	1.94e+15	2.73e+14	1.07e+43	4.48e+42
59034.61	7.95e+03	6.15e+02	1.91e+15	2.68e+14	1.03e+43	4.32e+42
59036.26	7.95e+03	6.15e+02	9.92e+14	1.40e+14	2.80e+42	1.17e+42
59037.20	7.95e+03	6.15e+02	9.05e+14	1.27e+14	2.33e+42	9.75e+41
59037.22	7.95e+03	6.15e+02	8.04e+14	1.13e+14	1.84e+42	7.70e+41
59037.27	7.95e+03	6.15e+02	9.25e+14	1.30e+14	2.43e+42	1.02e+42
59037.27	7.95e+03	6.15e+02	9.27e+14	1.30e+14	2.44e+42	1.02e+42
59038.20	7.95e+03	6.15e+02	9.45e+14	1.33e+14	2.54e+42	1.06e+42
59038.35	7.95e+03	6.15e+02	9.34e+14	1.31e+14	2.48e+42	1.04e+42
59039.23	7.95e+03	6.15e+02	9.36e+14	1.32e+14	2.49e+42	1.04e+42
59040.27	7.95e+03	6.15e+02	8.41e+14	1.18e+14	2.01e+42	8.42e+41
59040.27	7.95e+03	6.15e+02	8.47e+14	1.19e+14	2.04e+42	8.53e+41
59042.23	7.95e+03	6.15e+02	9.24e+14	1.30e+14	2.43e+42	1.02e+42
59042.29	7.95e+03	6.15e+02	8.61e+14	1.21e+14	2.11e+42	8.81e+41
59042.29	7.95e+03	6.15e+02	5.82e+14	8.18e+13	9.63e+41	4.02e+41
59043.24	7.95e+03	6.15e+02	9.03e+14	1.27e+14	2.32e+42	9.70e+41
59044.22	7.95e+03	6.15e+02	9.09e+14	1.28e+14	2.35e+42	9.82e+41
59045.20	7.95e+03	6.15e+02	8.42e+14	1.18e+14	2.02e+42	8.44e+41
59045.24	7.95e+03	6.15e+02	7.16e+14	1.01e+14	1.46e+42	6.10e+41
59046.20	7.95e+03	6.15e+02	8.30e+14	1.17e+14	1.96e+42	8.20e+41
59047.22	7.95e+03	6.15e+02	8.13e+14	1.14e+14	1.88e+42	7.85e+41
59047.27	7.95e+03	6.15e+02	7.74e+14	1.09e+14	1.71e+42	7.13e+41
59047.27	7.95e+03	6.15e+02	6.06e+14	8.52e+13	1.05e+42	4.37e+41
59048.21	7.95e+03	6.15e+02	8.49e+14	1.19e+14	2.05e+42	8.57e+41
59048.27	7.95e+03	6.15e+02	7.10e+14	9.98e+13	1.43e+42	6.00e+41
59051.20	7.95e+03	6.15e+02	8.19e+14	1.15e+14	1.91e+42	7.98e+41
59051.28	7.95e+03	6.15e+02	4.91e+14	6.90e+13	6.85e+41	2.86e+41
59051.28	7.95e+03	6.15e+02	7.18e+14	1.01e+14	1.47e+42	6.13e+41
59053.27	7.95e+03	6.15e+02	3.55e+14	4.99e+13	3.58e+41	1.50e+41
59053.28	7.95e+03	6.15e+02	6.93e+14	9.74e+13	1.37e+42	5.71e+41
59064.29	7.95e+03	6.15e+02	2.05e+14	2.88e+13	1.19e+41	4.98e+40
59072.27	7.95e+03	6.15e+02	2.63e+14	3.70e+13	1.97e+41	8.25e+40
59074.27	7.95e+03	6.15e+02	1.99e+14	2.80e+13	1.13e+41	4.71e+40
59078.26	7.95e+03	6.15e+02	2.09e+14	2.94e+13	1.24e+41	5.20e+40
59081.25	7.95e+03	6.15e+02	3.53e+14	4.97e+13	3.55e+41	1.48e+41
59093.25	7.95e+03	6.15e+02	2.81e+14	3.95e+13	2.24e+41	9.37e+40
59095.25	7.95e+03	6.15e+02	3.42e+14	4.80e+13	3.32e+41	1.39e+41
59095.25	7.95e+03	6.15e+02	3.51e+14	4.94e+13	3.51e+41	1.47e+41
59097.24	7.95e+03	6.15e+02	4.84e+14	6.81e+13	6.67e+41	2.79e+41
59097.24	7.95e+03	6.15e+02	3.88e+14	5.45e+13	4.28e+41	1.79e+41
59217.64	7.95e+03	6.15e+02	7.65e+13	1.08e+13	1.67e+40	6.97e+39
59220.66	7.95e+03	6.15e+02	1.69e+14	2.37e+13	8.11e+40	3.39e+40
59242.64	7.95e+03	6.15e+02	8.18e+14	1.15e+14	1.90e+42	7.96e+41
59242.64	7.95e+03	6.15e+02	5.26e+14	7.39e+13	7.86e+41	3.29e+41
59245.66	7.95e+03	6.15e+02	2.58e+14	3.63e+13	1.90e+41	7.95e+40
59246.64	7.95e+03	6.15e+02	1.70e+14	2.39e+13	8.25e+40	3.45e+40
59257.57	7.95e+03	6.15e+02	1.89e+14	2.66e+13	1.02e+41	4.26e+40
59313.53	7.95e+03	6.15e+02	2.32e+14	3.26e+13	1.53e+41	6.39e+40
59317.49	7.95e+03	6.15e+02	2.52e+14	3.55e+13	1.81e+41	7.58e+40
59326.39	7.95e+03	6.15e+02	1.87e+14	2.63e+13	9.99e+40	4.18e+40
59328.46	7.95e+03	6.15e+02	1.74e+14	2.44e+13	8.58e+40	3.59e+40
59328.46	7.95e+03	6.15e+02	2.72e+14	3.83e+13	2.11e+41	8.83e+40
59333.43	7.95e+03	6.15e+02	2.97e+14	4.17e+13	2.51e+41	1.05e+41
59333.43	7.95e+03	6.15e+02	3.46e+14	4.87e+13	3.41e+41	1.43e+41
59344.33	7.95e+03	6.15e+02	1.67e+14	2.35e+13	7.93e+40	3.31e+40
59382.27	7.95e+03	6.15e+02	2.29e+14	3.22e+13	1.49e+41	6.22e+40
59382.27	7.95e+03	6.15e+02	1.88e+14	2.64e+13	1.01e+41	4.21e+40
59383.27	7.95e+03	6.15e+02	2.36e+14	3.32e+13	1.58e+41	6.62e+40
59383.27	7.95e+03	6.15e+02	1.95e+14	2.75e+13	1.09e+41	4.54e+40
59384.27	7.95e+03	6.15e+02	3.64e+14	5.12e+13	3.78e+41	1.58e+41
59587.64	7.95e+03	6.15e+02	3.32e+14	4.67e+13	3.13e+41	1.31e+41
59588.65	7.95e+03	6.15e+02	3.60e+14	5.06e+13	3.68e+41	1.54e+41
59588.65	7.95e+03	6.15e+02	2.80e+14	3.94e+13	2.23e+41	9.33e+40
59594.60	7.95e+03	6.15e+02	3.86e+14	5.43e+13	4.24e+41	1.77e+41
59594.60	7.95e+03	6.15e+02	1.68e+14	2.36e+13	7.98e+40	3.34e+40
59596.62	7.95e+03	6.15e+02	2.67e+14	3.75e+13	2.02e+41	8.45e+40
59596.62	7.95e+03	6.15e+02	2.78e+14	3.91e+13	2.21e+41	9.22e+40
59597.60	7.95e+03	6.15e+02	4.58e+14	6.43e+13	5.96e+41	2.49e+41
59598.62	7.95e+03	6.15e+02	3.79e+14	5.33e+13	4.09e+41	1.71e+41
59598.62	7.95e+03	6.15e+02	3.59e+14	5.04e+13	3.66e+41	1.53e+41
59600.61	7.95e+03	6.15e+02	3.71e+14	5.22e+13	3.92e+41	1.64e+41
59600.62	7.95e+03	6.15e+02	2.70e+14	3.79e+13	2.07e+41	8.65e+40
59601.63	7.95e+03	6.15e+02	7.71e+13	1.08e+13	1.69e+40	7.07e+39
59602.65	7.95e+03	6.15e+02	2.38e+14	3.35e+13	1.62e+41	6.75e+40
59604.61	7.95e+03	6.15e+02	3.80e+14	5.35e+13	4.11e+41	1.72e+41
59604.61	7.95e+03	6.15e+02	3.41e+14	4.79e+13	3.30e+41	1.38e+41
59620.60	7.95e+03	6.15e+02	9.30e+13	1.31e+13	2.46e+40	1.03e+40
59620.61	7.95e+03	6.15e+02	3.41e+14	4.80e+13	3.31e+41	1.38e+41
59623.56	7.95e+03	6.15e+02	3.14e+14	4.42e+13	2.81e+41	1.17e+41
59623.56	7.95e+03	6.15e+02	2.85e+14	4.01e+13	2.32e+41	9.68e+40
59625.61	7.95e+03	6.15e+02	2.56e+14	3.60e+13	1.86e+41	7.80e+40
59625.61	7.95e+03	6.15e+02	7.60e+13	1.07e+13	1.65e+40	6.88e+39
59627.61	7.95e+03	6.15e+02	2.76e+14	3.88e+13	2.17e+41	9.06e+40
59650.48	7.95e+03	6.15e+02	8.24e+13	1.16e+13	1.93e+40	8.08e+39
59653.51	7.95e+03	6.15e+02	4.54e+14	6.39e+13	5.88e+41	2.46e+41
59653.51	7.95e+03	6.15e+02	4.59e+14	6.46e+13	6.01e+41	2.51e+41
59662.48	7.95e+03	6.15e+02	1.15e+14	1.62e+13	3.77e+40	1.57e+40
59662.48	7.95e+03	6.15e+02	2.94e+14	4.13e+13	2.46e+41	1.03e+41
59678.42	7.95e+03	6.15e+02	2.10e+14	2.95e+13	1.26e+41	5.25e+40
59678.42	7.95e+03	6.15e+02	2.67e+14	3.75e+13	2.03e+41	8.48e+40
59693.39	7.95e+03	6.15e+02	2.91e+14	4.09e+13	2.41e+41	1.01e+41
59693.39	7.95e+03	6.15e+02	4.12e+14	5.79e+13	4.83e+41	2.02e+41
59695.32	7.95e+03	6.15e+02	1.29e+14	1.82e+13	4.74e+40	1.98e+40
59695.32	7.95e+03	6.15e+02	2.86e+14	4.02e+13	2.33e+41	9.73e+40
59711.38	7.95e+03	6.15e+02	1.79e+14	2.52e+13	9.12e+40	3.81e+40
59712.33	7.95e+03	6.15e+02	1.06e+14	1.49e+13	3.20e+40	1.34e+40
59714.50	7.95e+03	6.15e+02	2.83e+14	3.98e+13	2.28e+41	9.53e+40
59717.35	7.95e+03	6.15e+02	2.80e+14	3.94e+13	2.23e+41	9.34e+40
59717.35	7.95e+03	6.15e+02	2.32e+14	3.26e+13	1.53e+41	6.40e+40
59726.26	7.95e+03	6.15e+02	3.12e+14	4.39e+13	2.77e+41	1.16e+41
59726.27	7.95e+03	6.15e+02	3.28e+14	4.62e+13	3.07e+41	1.28e+41
59731.26	7.95e+03	6.15e+02	2.70e+14	3.80e+13	2.07e+41	8.68e+40
59731.26	7.95e+03	6.15e+02	3.35e+14	4.71e+13	3.20e+41	1.34e+41
59734.27	7.95e+03	6.15e+02	3.13e+14	4.40e+13	2.79e+41	1.17e+41
59734.27	7.95e+03	6.15e+02	3.71e+14	5.22e+13	3.92e+41	1.64e+41
59767.27	7.95e+03	6.15e+02	3.04e+14	4.28e+13	2.63e+41	1.10e+41
59767.27	7.95e+03	6.15e+02	3.57e+14	5.02e+13	3.63e+41	1.52e+41
59772.29	7.95e+03	6.15e+02	2.76e+14	3.88e+13	2.17e+41	9.07e+40
59772.30	7.95e+03	6.15e+02	4.24e+14	5.96e+13	5.11e+41	2.14e+41
59776.30	7.95e+03	6.15e+02	3.03e+14	4.26e+13	2.61e+41	1.09e+41
59780.30	7.95e+03	6.15e+02	3.31e+14	4.65e+13	3.12e+41	1.30e+41
59780.31	7.95e+03	6.15e+02	2.79e+14	3.92e+13	2.21e+41	9.24e+40
59781.26	7.95e+03	6.15e+02	2.99e+14	4.21e+13	2.55e+41	1.06e+41
59789.27	7.95e+03	6.15e+02	1.44e+14	2.02e+13	5.89e+40	2.46e+40
59802.30	7.95e+03	6.15e+02	2.63e+14	3.70e+13	1.97e+41	8.23e+40
59806.32	7.95e+03	6.15e+02	1.82e+14	2.56e+13	9.41e+40	3.94e+40
59806.32	7.95e+03	6.15e+02	2.43e+14	3.42e+13	1.68e+41	7.03e+40
59811.25	7.95e+03	6.15e+02	1.11e+14	1.56e+13	3.52e+40	1.47e+40
59820.25	7.95e+03	6.15e+02	1.29e+14	1.81e+13	4.71e+40	1.97e+40
