# ph	Lobs	err	L+BB	err	

58868.65	8.92e+40	4.63e+40	1.42e+41	4.93e+40
58868.66	1.45e+41	7.53e+40	2.30e+41	8.01e+40
58873.62	1.73e+40	8.97e+39	2.74e+40	9.54e+39
58873.62	5.74e+40	2.98e+40	9.12e+40	3.17e+40
58929.54	9.55e+40	4.96e+40	1.52e+41	5.28e+40
58942.48	1.83e+41	9.50e+40	2.90e+41	1.01e+41
58942.48	2.52e+41	1.31e+41	4.01e+41	1.40e+41
58954.39	5.69e+42	2.96e+42	9.04e+42	3.15e+42
58954.39	5.69e+42	2.96e+42	9.04e+42	3.15e+42
58954.44	4.02e+42	2.09e+42	6.38e+42	2.22e+42
58954.44	4.02e+42	2.09e+42	6.38e+42	2.22e+42
58954.46	3.19e+42	1.66e+42	5.07e+42	1.77e+42
58955.40	6.25e+42	3.25e+42	9.92e+42	3.46e+42
58955.43	4.61e+42	2.39e+42	7.32e+42	2.55e+42
58956.34	4.97e+42	2.58e+42	7.90e+42	2.75e+42
58956.37	7.26e+42	3.77e+42	1.15e+43	4.02e+42
58956.47	5.35e+42	2.78e+42	8.49e+42	2.96e+42
58956.47	3.07e+42	1.59e+42	4.87e+42	1.70e+42
58958.51	7.73e+42	4.02e+42	1.23e+43	4.27e+42
58958.52	4.65e+42	2.41e+42	7.38e+42	2.57e+42
58960.46	7.50e+42	3.90e+42	1.19e+43	4.15e+42
58960.46	6.75e+42	3.50e+42	1.07e+43	3.73e+42
58961.41	6.66e+42	3.46e+42	1.06e+43	3.68e+42
58964.28	6.16e+42	3.20e+42	9.79e+42	3.41e+42
58964.35	7.66e+42	3.98e+42	1.22e+43	4.24e+42
58967.29	6.86e+42	3.56e+42	1.09e+43	3.79e+42
58967.34	6.00e+42	3.12e+42	9.53e+42	3.32e+42
58969.37	7.53e+42	3.91e+42	1.20e+43	4.16e+42
58970.31	6.09e+42	3.16e+42	9.67e+42	3.37e+42
58970.39	5.51e+42	2.86e+42	8.75e+42	3.05e+42
58971.36	4.87e+42	2.53e+42	7.74e+42	2.69e+42
58972.43	4.91e+42	2.55e+42	7.80e+42	2.72e+42
58972.43	3.69e+42	1.92e+42	5.86e+42	2.04e+42
58973.27	5.58e+42	2.90e+42	8.86e+42	3.09e+42
58973.30	5.15e+42	2.67e+42	8.17e+42	2.85e+42
58973.39	8.99e+42	4.67e+42	1.43e+43	4.97e+42
58973.39	9.71e+42	5.04e+42	1.54e+43	5.37e+42
58973.39	7.67e+42	3.98e+42	1.22e+43	4.24e+42
58973.39	7.67e+42	3.98e+42	1.22e+43	4.24e+42
58973.39	7.89e+42	4.10e+42	1.25e+43	4.36e+42
58973.39	7.89e+42	4.10e+42	1.25e+43	4.36e+42
58974.42	4.70e+42	2.44e+42	7.46e+42	2.60e+42
58974.42	3.87e+42	2.01e+42	6.15e+42	2.14e+42
58975.28	4.85e+42	2.52e+42	7.70e+42	2.68e+42
58975.43	4.96e+42	2.58e+42	7.88e+42	2.74e+42
58975.43	3.98e+42	2.07e+42	6.33e+42	2.20e+42
58976.20	4.69e+42	2.44e+42	7.45e+42	2.59e+42
58976.30	4.87e+42	2.53e+42	7.74e+42	2.69e+42
58978.83	7.85e+42	4.08e+42	1.25e+43	4.34e+42
58978.84	9.51e+42	4.94e+42	1.51e+43	5.26e+42
58978.84	1.24e+43	6.45e+42	1.97e+43	6.86e+42
58978.84	8.28e+42	4.30e+42	1.31e+43	4.58e+42
58978.84	7.38e+42	3.83e+42	1.17e+43	4.08e+42
58978.84	7.47e+42	3.88e+42	1.19e+43	4.13e+42
58979.24	4.29e+42	2.23e+42	6.82e+42	2.37e+42
58980.33	4.47e+42	2.32e+42	7.10e+42	2.47e+42
58980.89	5.57e+42	2.90e+42	8.85e+42	3.08e+42
58980.90	8.32e+42	4.32e+42	1.32e+43	4.60e+42
58980.90	8.32e+42	4.32e+42	1.32e+43	4.60e+42
58980.90	8.07e+42	4.19e+42	1.28e+43	4.46e+42
58980.90	1.47e+43	7.65e+42	2.34e+43	8.15e+42
58980.90	7.65e+42	3.97e+42	1.21e+43	4.23e+42
58981.90	4.73e+42	2.46e+42	7.51e+42	2.61e+42
58981.90	1.12e+43	5.84e+42	1.79e+43	6.22e+42
58981.90	1.12e+43	5.84e+42	1.79e+43	6.22e+42
58981.90	4.66e+42	2.42e+42	7.40e+42	2.58e+42
58982.45	3.56e+42	1.85e+42	5.65e+42	1.97e+42
58982.46	3.80e+42	1.98e+42	6.04e+42	2.10e+42
58984.29	3.42e+42	1.77e+42	5.42e+42	1.89e+42
58984.29	3.30e+42	1.71e+42	5.24e+42	1.82e+42
58985.22	7.52e+42	3.91e+42	1.19e+43	4.16e+42
58985.22	9.38e+42	4.87e+42	1.49e+43	5.19e+42
58985.22	9.38e+42	4.87e+42	1.49e+43	5.19e+42
58985.22	7.08e+42	3.68e+42	1.12e+43	3.92e+42
58985.22	1.53e+43	7.94e+42	2.43e+43	8.45e+42
58985.22	6.90e+42	3.59e+42	1.10e+43	3.82e+42
58985.30	3.63e+42	1.89e+42	5.77e+42	2.01e+42
58986.42	6.31e+42	3.28e+42	1.00e+43	3.49e+42
58986.42	1.28e+43	6.65e+42	2.03e+43	7.08e+42
58986.42	1.28e+43	6.65e+42	2.03e+43	7.08e+42
58986.42	6.68e+42	3.47e+42	1.06e+43	3.69e+42
58986.42	5.98e+42	3.11e+42	9.50e+42	3.31e+42
58986.42	5.98e+42	3.11e+42	9.50e+42	3.31e+42
58986.48	5.66e+42	2.94e+42	8.99e+42	3.13e+42
58986.48	7.75e+42	4.03e+42	1.23e+43	4.29e+42
58987.38	3.12e+42	1.62e+42	4.96e+42	1.73e+42
58987.39	3.36e+42	1.74e+42	5.33e+42	1.86e+42
58991.24	3.53e+42	1.83e+42	5.60e+42	1.95e+42
58991.31	3.33e+42	1.73e+42	5.30e+42	1.84e+42
58992.29	2.71e+42	1.41e+42	4.30e+42	1.50e+42
58992.29	3.42e+42	1.78e+42	5.43e+42	1.89e+42
58994.24	3.17e+42	1.65e+42	5.04e+42	1.75e+42
58997.22	2.80e+42	1.45e+42	4.44e+42	1.55e+42
58997.29	3.35e+42	1.74e+42	5.32e+42	1.85e+42
58997.32	2.56e+42	1.33e+42	4.06e+42	1.41e+42
58997.32	3.30e+42	1.71e+42	5.24e+42	1.82e+42
58999.37	2.36e+42	1.23e+42	3.75e+42	1.31e+42
58999.37	2.83e+42	1.47e+42	4.50e+42	1.57e+42
59000.25	2.74e+42	1.42e+42	4.35e+42	1.52e+42
59000.27	2.68e+42	1.39e+42	4.25e+42	1.48e+42
59003.00	6.98e+42	3.63e+42	1.11e+43	3.86e+42
59003.00	1.05e+43	5.47e+42	1.67e+43	5.82e+42
59003.00	1.05e+43	5.47e+42	1.67e+43	5.82e+42
59003.00	6.16e+42	3.20e+42	9.79e+42	3.41e+42
59003.01	6.37e+42	3.31e+42	1.01e+43	3.52e+42
59003.01	6.37e+42	3.31e+42	1.01e+43	3.52e+42
59003.39	2.53e+42	1.32e+42	4.02e+42	1.40e+42
59004.20	2.39e+42	1.24e+42	3.79e+42	1.32e+42
59004.27	3.47e+42	1.80e+42	5.51e+42	1.92e+42
59007.25	6.74e+42	3.50e+42	1.07e+43	3.73e+42
59007.25	6.16e+42	3.20e+42	9.78e+42	3.41e+42
59007.25	1.15e+43	5.95e+42	1.82e+43	6.33e+42
59007.25	7.65e+42	3.98e+42	1.22e+43	4.23e+42
59007.26	6.60e+42	3.43e+42	1.05e+43	3.65e+42
59007.26	6.60e+42	3.43e+42	1.05e+43	3.65e+42
59009.21	3.00e+42	1.56e+42	4.76e+42	1.66e+42
59009.24	2.03e+42	1.05e+42	3.22e+42	1.12e+42
59011.36	6.67e+42	3.47e+42	1.06e+43	3.69e+42
59011.36	9.86e+42	5.12e+42	1.57e+43	5.45e+42
59011.36	9.86e+42	5.12e+42	1.57e+43	5.45e+42
59011.36	7.45e+42	3.87e+42	1.18e+43	4.12e+42
59011.36	7.21e+42	3.75e+42	1.15e+43	3.99e+42
59011.36	6.56e+42	3.41e+42	1.04e+43	3.63e+42
59012.21	1.92e+42	9.98e+41	3.05e+42	1.06e+42
59012.24	2.75e+42	1.43e+42	4.37e+42	1.52e+42
59014.42	1.37e+42	7.10e+41	2.17e+42	7.56e+41
59014.42	2.51e+42	1.30e+42	3.98e+42	1.39e+42
59015.08	7.05e+42	3.66e+42	1.12e+43	3.90e+42
59015.08	8.56e+42	4.44e+42	1.36e+43	4.73e+42
59015.08	8.56e+42	4.44e+42	1.36e+43	4.73e+42
59015.09	8.48e+42	4.41e+42	1.35e+43	4.69e+42
59015.09	6.66e+42	3.46e+42	1.06e+43	3.68e+42
59016.21	1.80e+42	9.37e+41	2.87e+42	9.98e+41
59017.29	1.35e+42	7.03e+41	2.15e+42	7.48e+41
59019.22	2.36e+42	1.22e+42	3.74e+42	1.30e+42
59019.26	1.75e+42	9.08e+41	2.78e+42	9.67e+41
59019.46	6.68e+42	3.47e+42	1.06e+43	3.70e+42
59019.46	8.45e+42	4.39e+42	1.34e+43	4.67e+42
59019.46	8.45e+42	4.39e+42	1.34e+43	4.67e+42
59019.46	7.47e+42	3.88e+42	1.19e+43	4.13e+42
59019.46	7.38e+42	3.83e+42	1.17e+43	4.08e+42
59019.46	7.38e+42	3.83e+42	1.17e+43	4.08e+42
59021.29	1.34e+42	6.95e+41	2.12e+42	7.39e+41
59021.29	2.28e+42	1.19e+42	3.62e+42	1.26e+42
59022.23	2.38e+42	1.24e+42	3.79e+42	1.32e+42
59022.29	1.31e+42	6.82e+41	2.09e+42	7.26e+41
59023.64	7.30e+42	3.79e+42	1.16e+43	4.04e+42
59025.21	2.18e+42	1.14e+42	3.47e+42	1.21e+42
59025.24	1.51e+42	7.85e+41	2.40e+42	8.36e+41
59026.29	1.24e+42	6.47e+41	1.98e+42	6.88e+41
59027.56	7.10e+42	3.69e+42	1.13e+43	3.92e+42
59027.56	5.63e+42	2.93e+42	8.94e+42	3.11e+42
59027.56	1.14e+43	5.92e+42	1.81e+43	6.31e+42
59027.56	7.41e+42	3.85e+42	1.18e+43	4.10e+42
59027.57	6.48e+42	3.37e+42	1.03e+43	3.58e+42
59027.57	6.83e+42	3.55e+42	1.08e+43	3.78e+42
59028.22	1.94e+42	1.01e+42	3.08e+42	1.07e+42
59028.28	8.28e+41	4.30e+41	1.32e+42	4.58e+41
59028.28	1.95e+42	1.01e+42	3.09e+42	1.08e+42
59029.21	1.52e+42	7.91e+41	2.42e+42	8.42e+41
59030.28	1.97e+42	1.02e+42	3.12e+42	1.09e+42
59030.29	1.80e+42	9.35e+41	2.86e+42	9.95e+41
59031.22	1.95e+42	1.01e+42	3.10e+42	1.08e+42
59033.28	2.04e+42	1.06e+42	3.25e+42	1.13e+42
59033.28	2.05e+42	1.06e+42	3.25e+42	1.13e+42
59034.60	7.59e+42	3.94e+42	1.21e+43	4.20e+42
59034.61	5.90e+42	3.06e+42	9.37e+42	3.26e+42
59034.61	8.96e+42	4.65e+42	1.42e+43	4.95e+42
59034.61	7.34e+42	3.81e+42	1.17e+43	4.06e+42
59034.61	7.03e+42	3.65e+42	1.12e+43	3.89e+42
59034.61	6.79e+42	3.53e+42	1.08e+43	3.75e+42
59036.26	1.84e+42	9.55e+41	2.92e+42	1.02e+42
59037.20	1.53e+42	7.95e+41	2.43e+42	8.47e+41
59037.22	1.21e+42	6.28e+41	1.92e+42	6.68e+41
59037.27	1.60e+42	8.30e+41	2.54e+42	8.83e+41
59037.27	1.60e+42	8.34e+41	2.55e+42	8.87e+41
59038.20	1.67e+42	8.67e+41	2.65e+42	9.23e+41
59038.35	1.63e+42	8.46e+41	2.59e+42	9.01e+41
59039.23	1.64e+42	8.51e+41	2.60e+42	9.06e+41
59040.27	1.32e+42	6.87e+41	2.10e+42	7.31e+41
59040.27	1.34e+42	6.96e+41	2.13e+42	7.41e+41
59042.23	1.60e+42	8.29e+41	2.53e+42	8.83e+41
59042.29	1.38e+42	7.19e+41	2.20e+42	7.65e+41
59042.29	6.32e+41	3.28e+41	1.00e+42	3.49e+41
59043.24	1.52e+42	7.91e+41	2.42e+42	8.42e+41
59044.22	1.54e+42	8.01e+41	2.45e+42	8.53e+41
59045.20	1.33e+42	6.88e+41	2.10e+42	7.33e+41
59045.24	9.58e+41	4.98e+41	1.52e+42	5.30e+41
59046.20	1.29e+42	6.69e+41	2.05e+42	7.12e+41
59047.22	1.23e+42	6.41e+41	1.96e+42	6.82e+41
59047.27	1.12e+42	5.82e+41	1.78e+42	6.19e+41
59047.27	6.86e+41	3.57e+41	1.09e+42	3.80e+41
59048.21	1.35e+42	6.99e+41	2.14e+42	7.44e+41
59048.27	9.42e+41	4.89e+41	1.50e+42	5.21e+41
59051.20	1.25e+42	6.51e+41	1.99e+42	6.93e+41
59051.28	4.49e+41	2.33e+41	7.14e+41	2.49e+41
59051.28	9.63e+41	5.00e+41	1.53e+42	5.32e+41
59053.27	2.35e+41	1.22e+41	3.74e+41	1.30e+41
59053.28	8.97e+41	4.66e+41	1.42e+42	4.96e+41
59064.29	7.82e+40	4.06e+40	1.24e+41	4.32e+40
59072.27	1.29e+41	6.73e+40	2.06e+41	7.16e+40
59074.27	7.39e+40	3.84e+40	1.17e+41	4.09e+40
59078.26	8.16e+40	4.24e+40	1.30e+41	4.51e+40
59081.25	2.33e+41	1.21e+41	3.70e+41	1.29e+41
59093.25	1.47e+41	7.65e+40	2.34e+41	8.14e+40
59095.25	2.18e+41	1.13e+41	3.46e+41	1.21e+41
59095.25	2.30e+41	1.20e+41	3.66e+41	1.27e+41
59097.24	4.38e+41	2.28e+41	6.96e+41	2.42e+41
59097.24	2.81e+41	1.46e+41	4.46e+41	1.55e+41
59217.64	1.09e+40	5.68e+39	1.74e+40	6.05e+39
59220.66	5.32e+40	2.77e+40	8.46e+40	2.94e+40
59242.64	1.25e+42	6.50e+41	1.99e+42	6.91e+41
59242.64	5.16e+41	2.68e+41	8.19e+41	2.85e+41
59245.66	1.25e+41	6.48e+40	1.98e+41	6.90e+40
59246.64	5.41e+40	2.81e+40	8.60e+40	2.99e+40
59257.57	6.69e+40	3.48e+40	1.06e+41	3.70e+40
59313.53	1.00e+41	5.21e+40	1.59e+41	5.55e+40
59317.49	1.19e+41	6.18e+40	1.89e+41	6.58e+40
59326.39	6.56e+40	3.41e+40	1.04e+41	3.63e+40
59328.46	5.63e+40	2.93e+40	8.94e+40	3.11e+40
59328.46	1.39e+41	7.20e+40	2.20e+41	7.67e+40
59333.43	1.65e+41	8.55e+40	2.61e+41	9.10e+40
59333.43	2.24e+41	1.16e+41	3.55e+41	1.24e+41
59344.33	5.20e+40	2.70e+40	8.26e+40	2.88e+40
59382.27	9.77e+40	5.07e+40	1.55e+41	5.40e+40
59382.27	6.61e+40	3.43e+40	1.05e+41	3.66e+40
59383.27	1.04e+41	5.40e+40	1.65e+41	5.75e+40
59383.27	7.14e+40	3.71e+40	1.13e+41	3.95e+40
59384.27	2.48e+41	1.29e+41	3.94e+41	1.37e+41
59587.64	2.06e+41	1.07e+41	3.27e+41	1.14e+41
59588.65	2.42e+41	1.25e+41	3.84e+41	1.34e+41
59588.65	1.46e+41	7.61e+40	2.33e+41	8.10e+40
59594.60	2.78e+41	1.45e+41	4.42e+41	1.54e+41
59594.60	5.24e+40	2.72e+40	8.32e+40	2.90e+40
59596.62	1.33e+41	6.90e+40	2.11e+41	7.34e+40
59596.62	1.45e+41	7.52e+40	2.30e+41	8.00e+40
59597.60	3.91e+41	2.03e+41	6.21e+41	2.16e+41
59598.62	2.69e+41	1.40e+41	4.27e+41	1.49e+41
59598.62	2.40e+41	1.25e+41	3.82e+41	1.33e+41
59600.61	2.57e+41	1.34e+41	4.08e+41	1.42e+41
59600.62	1.36e+41	7.06e+40	2.16e+41	7.51e+40
59601.63	1.11e+40	5.77e+39	1.76e+40	6.14e+39
59602.65	1.06e+41	5.51e+40	1.68e+41	5.86e+40
59604.61	2.70e+41	1.40e+41	4.29e+41	1.49e+41
59604.61	2.17e+41	1.13e+41	3.44e+41	1.20e+41
59620.60	1.61e+40	8.38e+39	2.56e+40	8.92e+39
59620.61	2.17e+41	1.13e+41	3.45e+41	1.20e+41
59623.56	1.84e+41	9.57e+40	2.93e+41	1.02e+41
59623.56	1.52e+41	7.90e+40	2.41e+41	8.40e+40
59625.61	1.22e+41	6.36e+40	1.94e+41	6.77e+40
59625.61	1.08e+40	5.61e+39	1.72e+40	5.97e+39
59627.61	1.42e+41	7.39e+40	2.26e+41	7.87e+40
59650.48	1.27e+40	6.59e+39	2.02e+40	7.02e+39
59653.51	3.86e+41	2.00e+41	6.13e+41	2.13e+41
59653.51	3.94e+41	2.05e+41	6.26e+41	2.18e+41
59662.48	2.47e+40	1.28e+40	3.93e+40	1.37e+40
59662.48	1.61e+41	8.38e+40	2.56e+41	8.92e+40
59678.42	8.25e+40	4.28e+40	1.31e+41	4.56e+40
59678.42	1.33e+41	6.92e+40	2.11e+41	7.36e+40
59693.39	1.58e+41	8.21e+40	2.51e+41	8.74e+40
59693.39	3.17e+41	1.65e+41	5.04e+41	1.75e+41
59695.32	3.11e+40	1.62e+40	4.95e+40	1.72e+40
59695.32	1.53e+41	7.94e+40	2.43e+41	8.45e+40
59711.38	5.99e+40	3.11e+40	9.51e+40	3.31e+40
59712.33	2.10e+40	1.09e+40	3.34e+40	1.16e+40
59714.50	1.50e+41	7.77e+40	2.38e+41	8.27e+40
59717.35	1.47e+41	7.62e+40	2.33e+41	8.11e+40
59717.35	1.00e+41	5.22e+40	1.59e+41	5.55e+40
59726.26	1.82e+41	9.46e+40	2.89e+41	1.01e+41
59726.27	2.01e+41	1.05e+41	3.20e+41	1.11e+41
59731.26	1.36e+41	7.08e+40	2.16e+41	7.53e+40
59731.26	2.10e+41	1.09e+41	3.34e+41	1.16e+41
59734.27	1.83e+41	9.51e+40	2.91e+41	1.01e+41
59734.27	2.58e+41	1.34e+41	4.09e+41	1.42e+41
59767.27	1.73e+41	8.97e+40	2.74e+41	9.55e+40
59767.27	2.38e+41	1.24e+41	3.79e+41	1.32e+41
59772.29	1.42e+41	7.40e+40	2.26e+41	7.87e+40
59772.30	3.35e+41	1.74e+41	5.33e+41	1.85e+41
59776.30	1.71e+41	8.89e+40	2.72e+41	9.47e+40
59780.30	2.05e+41	1.06e+41	3.25e+41	1.13e+41
59780.31	1.45e+41	7.53e+40	2.30e+41	8.02e+40
59781.26	1.67e+41	8.68e+40	2.65e+41	9.24e+40
59789.27	3.87e+40	2.01e+40	6.14e+40	2.14e+40
59802.30	1.29e+41	6.71e+40	2.05e+41	7.15e+40
59806.32	6.18e+40	3.21e+40	9.82e+40	3.42e+40
59806.32	1.10e+41	5.74e+40	1.75e+41	6.11e+40
59811.25	2.31e+40	1.20e+40	3.67e+40	1.28e+40
59820.25	3.09e+40	1.61e+40	4.92e+40	1.71e+40

#KEY
# Lobs = integrate observed fluxes with no BB fit
# L+BB = observed flux + BB fit extrapolation
# See logL-obs_2020hgw_UBgVriz.txt and logL-bb_2020hgw_UBgVriz.txt for simple LC files
# Methodology:
# filters used:UBgVriz
# redshift used:0.043
# extinction used:0.0
# Wavelengths used in observer frame (data already K-corrected?)
# BB fit below 1A suppressed by factor (lamda/1)^0