##phase	U	err	B	err	g	err	V	err	r	err	i	err	z	err	
#
58868.65	22.39	1.01	22.39	1.01	22.39	1.01	22.39	1.01	22.39	1.01	22.39	1.01	22.39	1.01
58868.66	21.87	1.01	21.87	1.01	21.87	1.01	21.87	1.01	21.87	1.01	21.87	1.01	21.87	1.01
58873.62	24.18	1.01	24.18	1.01	24.18	1.01	24.18	1.01	24.18	1.01	24.18	1.01	24.18	1.01
58873.62	22.87	1.01	22.87	1.01	22.87	1.01	22.87	1.01	22.87	1.01	22.87	1.01	22.87	1.01
58929.54	22.32	1.01	22.32	1.01	22.32	1.01	22.32	1.01	22.32	1.01	22.32	1.01	22.32	1.01
58942.48	21.61	1.01	21.61	1.01	21.61	1.01	21.61	1.01	21.61	1.01	21.61	1.01	21.61	1.01
58942.48	21.26	1.01	21.26	1.01	21.26	1.01	21.26	1.01	21.26	1.01	21.26	1.01	21.26	1.01
58954.39	17.88	1.01	17.88	1.01	17.88	1.01	17.88	1.01	17.88	1.01	17.88	1.01	17.88	1.01
58954.39	17.88	1.01	17.88	1.01	17.88	1.01	17.88	1.01	17.88	1.01	17.88	1.01	17.88	1.01
58954.44	18.26	1.01	18.26	1.01	18.26	1.01	18.26	1.01	18.26	1.01	18.26	1.01	18.26	1.01
58954.44	18.26	1.01	18.26	1.01	18.26	1.01	18.26	1.01	18.26	1.01	18.26	1.01	18.26	1.01
58954.46	18.51	1.01	18.51	1.01	18.51	1.01	18.51	1.01	18.51	1.01	18.51	1.01	18.51	1.01
58955.40	17.78	1.01	17.78	1.01	17.78	1.01	17.78	1.01	17.78	1.01	17.78	1.01	17.78	1.01
58955.43	18.11	1.01	18.11	1.01	18.11	1.01	18.11	1.01	18.11	1.01	18.11	1.01	18.11	1.01
58956.34	18.03	1.01	18.03	1.01	18.03	1.01	18.03	1.01	18.03	1.01	18.03	1.01	18.03	1.01
58956.37	17.62	1.01	17.62	1.01	17.62	1.01	17.62	1.01	17.62	1.01	17.62	1.01	17.62	1.01
58956.47	17.95	1.01	17.95	1.01	17.95	1.01	17.95	1.01	17.95	1.01	17.95	1.01	17.95	1.01
58956.47	18.55	1.01	18.55	1.01	18.55	1.01	18.55	1.01	18.55	1.01	18.55	1.01	18.55	1.01
58958.51	17.55	1.01	17.55	1.01	17.55	1.01	17.55	1.01	17.55	1.01	17.55	1.01	17.55	1.01
58958.52	18.10	1.01	18.10	1.01	18.10	1.01	18.10	1.01	18.10	1.01	18.10	1.01	18.10	1.01
58960.46	17.58	1.01	17.58	1.01	17.58	1.01	17.58	1.01	17.58	1.01	17.58	1.01	17.58	1.01
58960.46	17.70	1.01	17.70	1.01	17.70	1.01	17.70	1.01	17.70	1.01	17.70	1.01	17.70	1.01
58961.41	17.71	1.01	17.71	1.01	17.71	1.01	17.71	1.01	17.71	1.01	17.71	1.01	17.71	1.01
58964.28	17.80	1.01	17.80	1.01	17.80	1.01	17.80	1.01	17.80	1.01	17.80	1.01	17.80	1.01
58964.35	17.56	1.01	17.56	1.01	17.56	1.01	17.56	1.01	17.56	1.01	17.56	1.01	17.56	1.01
58967.29	17.68	1.01	17.68	1.01	17.68	1.01	17.68	1.01	17.68	1.01	17.68	1.01	17.68	1.01
58967.34	17.82	1.01	17.82	1.01	17.82	1.01	17.82	1.01	17.82	1.01	17.82	1.01	17.82	1.01
58969.37	17.58	1.01	17.58	1.01	17.58	1.01	17.58	1.01	17.58	1.01	17.58	1.01	17.58	1.01
58970.31	17.81	1.01	17.81	1.01	17.81	1.01	17.81	1.01	17.81	1.01	17.81	1.01	17.81	1.01
58970.39	17.92	1.01	17.92	1.01	17.92	1.01	17.92	1.01	17.92	1.01	17.92	1.01	17.92	1.01
58971.36	18.05	1.01	18.05	1.01	18.05	1.01	18.05	1.01	18.05	1.01	18.05	1.01	18.05	1.01
58972.43	18.04	1.01	18.04	1.01	18.04	1.01	18.04	1.01	18.04	1.01	18.04	1.01	18.04	1.01
58972.43	18.35	1.01	18.35	1.01	18.35	1.01	18.35	1.01	18.35	1.01	18.35	1.01	18.35	1.01
58973.27	17.90	1.01	17.90	1.01	17.90	1.01	17.90	1.01	17.90	1.01	17.90	1.01	17.90	1.01
58973.30	17.99	1.01	17.99	1.01	17.99	1.01	17.99	1.01	17.99	1.01	17.99	1.01	17.99	1.01
58973.39	17.39	1.01	17.39	1.01	17.39	1.01	17.39	1.01	17.39	1.01	17.39	1.01	17.39	1.01
58973.39	17.30	1.01	17.30	1.01	17.30	1.01	17.30	1.01	17.30	1.01	17.30	1.01	17.30	1.01
58973.39	17.56	1.01	17.56	1.01	17.56	1.01	17.56	1.01	17.56	1.01	17.56	1.01	17.56	1.01
58973.39	17.56	1.01	17.56	1.01	17.56	1.01	17.56	1.01	17.56	1.01	17.56	1.01	17.56	1.01
58973.39	17.53	1.01	17.53	1.01	17.53	1.01	17.53	1.01	17.53	1.01	17.53	1.01	17.53	1.01
58973.39	17.53	1.01	17.53	1.01	17.53	1.01	17.53	1.01	17.53	1.01	17.53	1.01	17.53	1.01
58974.42	18.09	1.01	18.09	1.01	18.09	1.01	18.09	1.01	18.09	1.01	18.09	1.01	18.09	1.01
58974.42	18.30	1.01	18.30	1.01	18.30	1.01	18.30	1.01	18.30	1.01	18.30	1.01	18.30	1.01
58975.28	18.06	1.01	18.06	1.01	18.06	1.01	18.06	1.01	18.06	1.01	18.06	1.01	18.06	1.01
58975.43	18.03	1.01	18.03	1.01	18.03	1.01	18.03	1.01	18.03	1.01	18.03	1.01	18.03	1.01
58975.43	18.27	1.01	18.27	1.01	18.27	1.01	18.27	1.01	18.27	1.01	18.27	1.01	18.27	1.01
58976.20	18.09	1.01	18.09	1.01	18.09	1.01	18.09	1.01	18.09	1.01	18.09	1.01	18.09	1.01
58976.30	18.05	1.01	18.05	1.01	18.05	1.01	18.05	1.01	18.05	1.01	18.05	1.01	18.05	1.01
58978.83	17.53	1.01	17.53	1.01	17.53	1.01	17.53	1.01	17.53	1.01	17.53	1.01	17.53	1.01
58978.84	17.32	1.01	17.32	1.01	17.32	1.01	17.32	1.01	17.32	1.01	17.32	1.01	17.32	1.01
58978.84	17.04	1.01	17.04	1.01	17.04	1.01	17.04	1.01	17.04	1.01	17.04	1.01	17.04	1.01
58978.84	17.48	1.01	17.48	1.01	17.48	1.01	17.48	1.01	17.48	1.01	17.48	1.01	17.48	1.01
58978.84	17.60	1.01	17.60	1.01	17.60	1.01	17.60	1.01	17.60	1.01	17.60	1.01	17.60	1.01
58978.84	17.59	1.01	17.59	1.01	17.59	1.01	17.59	1.01	17.59	1.01	17.59	1.01	17.59	1.01
58979.24	18.19	1.01	18.19	1.01	18.19	1.01	18.19	1.01	18.19	1.01	18.19	1.01	18.19	1.01
58980.33	18.14	1.01	18.14	1.01	18.14	1.01	18.14	1.01	18.14	1.01	18.14	1.01	18.14	1.01
58980.89	17.90	1.01	17.90	1.01	17.90	1.01	17.90	1.01	17.90	1.01	17.90	1.01	17.90	1.01
58980.90	17.47	1.01	17.47	1.01	17.47	1.01	17.47	1.01	17.47	1.01	17.47	1.01	17.47	1.01
58980.90	17.47	1.01	17.47	1.01	17.47	1.01	17.47	1.01	17.47	1.01	17.47	1.01	17.47	1.01
58980.90	17.50	1.01	17.50	1.01	17.50	1.01	17.50	1.01	17.50	1.01	17.50	1.01	17.50	1.01
58980.90	16.85	1.01	16.85	1.01	16.85	1.01	16.85	1.01	16.85	1.01	16.85	1.01	16.85	1.01
58980.90	17.56	1.01	17.56	1.01	17.56	1.01	17.56	1.01	17.56	1.01	17.56	1.01	17.56	1.01
58981.90	18.08	1.01	18.08	1.01	18.08	1.01	18.08	1.01	18.08	1.01	18.08	1.01	18.08	1.01
58981.90	17.14	1.01	17.14	1.01	17.14	1.01	17.14	1.01	17.14	1.01	17.14	1.01	17.14	1.01
58981.90	17.14	1.01	17.14	1.01	17.14	1.01	17.14	1.01	17.14	1.01	17.14	1.01	17.14	1.01
58981.90	18.10	1.01	18.10	1.01	18.10	1.01	18.10	1.01	18.10	1.01	18.10	1.01	18.10	1.01
58982.45	18.39	1.01	18.39	1.01	18.39	1.01	18.39	1.01	18.39	1.01	18.39	1.01	18.39	1.01
58982.46	18.32	1.01	18.32	1.01	18.32	1.01	18.32	1.01	18.32	1.01	18.32	1.01	18.32	1.01
58984.29	18.44	1.01	18.44	1.01	18.44	1.01	18.44	1.01	18.44	1.01	18.44	1.01	18.44	1.01
58984.29	18.47	1.01	18.47	1.01	18.47	1.01	18.47	1.01	18.47	1.01	18.47	1.01	18.47	1.01
58985.22	17.58	1.01	17.58	1.01	17.58	1.01	17.58	1.01	17.58	1.01	17.58	1.01	17.58	1.01
58985.22	17.34	1.01	17.34	1.01	17.34	1.01	17.34	1.01	17.34	1.01	17.34	1.01	17.34	1.01
58985.22	17.34	1.01	17.34	1.01	17.34	1.01	17.34	1.01	17.34	1.01	17.34	1.01	17.34	1.01
58985.22	17.64	1.01	17.64	1.01	17.64	1.01	17.64	1.01	17.64	1.01	17.64	1.01	17.64	1.01
58985.22	16.81	1.01	16.81	1.01	16.81	1.01	16.81	1.01	16.81	1.01	16.81	1.01	16.81	1.01
58985.22	17.67	1.01	17.67	1.01	17.67	1.01	17.67	1.01	17.67	1.01	17.67	1.01	17.67	1.01
58985.30	18.37	1.01	18.37	1.01	18.37	1.01	18.37	1.01	18.37	1.01	18.37	1.01	18.37	1.01
58986.42	17.77	1.01	17.77	1.01	17.77	1.01	17.77	1.01	17.77	1.01	17.77	1.01	17.77	1.01
58986.42	17.00	1.01	17.00	1.01	17.00	1.01	17.00	1.01	17.00	1.01	17.00	1.01	17.00	1.01
58986.42	17.00	1.01	17.00	1.01	17.00	1.01	17.00	1.01	17.00	1.01	17.00	1.01	17.00	1.01
58986.42	17.71	1.01	17.71	1.01	17.71	1.01	17.71	1.01	17.71	1.01	17.71	1.01	17.71	1.01
58986.42	17.83	1.01	17.83	1.01	17.83	1.01	17.83	1.01	17.83	1.01	17.83	1.01	17.83	1.01
58986.42	17.83	1.01	17.83	1.01	17.83	1.01	17.83	1.01	17.83	1.01	17.83	1.01	17.83	1.01
58986.48	17.89	1.01	17.89	1.01	17.89	1.01	17.89	1.01	17.89	1.01	17.89	1.01	17.89	1.01
58986.48	17.55	1.01	17.55	1.01	17.55	1.01	17.55	1.01	17.55	1.01	17.55	1.01	17.55	1.01
58987.38	18.53	1.01	18.53	1.01	18.53	1.01	18.53	1.01	18.53	1.01	18.53	1.01	18.53	1.01
58987.39	18.45	1.01	18.45	1.01	18.45	1.01	18.45	1.01	18.45	1.01	18.45	1.01	18.45	1.01
58991.24	18.40	1.01	18.40	1.01	18.40	1.01	18.40	1.01	18.40	1.01	18.40	1.01	18.40	1.01
58991.31	18.46	1.01	18.46	1.01	18.46	1.01	18.46	1.01	18.46	1.01	18.46	1.01	18.46	1.01
58992.29	18.69	1.01	18.69	1.01	18.69	1.01	18.69	1.01	18.69	1.01	18.69	1.01	18.69	1.01
58992.29	18.43	1.01	18.43	1.01	18.43	1.01	18.43	1.01	18.43	1.01	18.43	1.01	18.43	1.01
58994.24	18.52	1.01	18.52	1.01	18.52	1.01	18.52	1.01	18.52	1.01	18.52	1.01	18.52	1.01
58997.22	18.65	1.01	18.65	1.01	18.65	1.01	18.65	1.01	18.65	1.01	18.65	1.01	18.65	1.01
58997.29	18.46	1.01	18.46	1.01	18.46	1.01	18.46	1.01	18.46	1.01	18.46	1.01	18.46	1.01
58997.32	18.75	1.01	18.75	1.01	18.75	1.01	18.75	1.01	18.75	1.01	18.75	1.01	18.75	1.01
58997.32	18.47	1.01	18.47	1.01	18.47	1.01	18.47	1.01	18.47	1.01	18.47	1.01	18.47	1.01
58999.37	18.84	1.01	18.84	1.01	18.84	1.01	18.84	1.01	18.84	1.01	18.84	1.01	18.84	1.01
58999.37	18.64	1.01	18.64	1.01	18.64	1.01	18.64	1.01	18.64	1.01	18.64	1.01	18.64	1.01
59000.25	18.68	1.01	18.68	1.01	18.68	1.01	18.68	1.01	18.68	1.01	18.68	1.01	18.68	1.01
59000.27	18.70	1.01	18.70	1.01	18.70	1.01	18.70	1.01	18.70	1.01	18.70	1.01	18.70	1.01
59003.00	17.66	1.01	17.66	1.01	17.66	1.01	17.66	1.01	17.66	1.01	17.66	1.01	17.66	1.01
59003.00	17.21	1.01	17.21	1.01	17.21	1.01	17.21	1.01	17.21	1.01	17.21	1.01	17.21	1.01
59003.00	17.21	1.01	17.21	1.01	17.21	1.01	17.21	1.01	17.21	1.01	17.21	1.01	17.21	1.01
59003.00	17.80	1.01	17.80	1.01	17.80	1.01	17.80	1.01	17.80	1.01	17.80	1.01	17.80	1.01
59003.01	17.76	1.01	17.76	1.01	17.76	1.01	17.76	1.01	17.76	1.01	17.76	1.01	17.76	1.01
59003.01	17.76	1.01	17.76	1.01	17.76	1.01	17.76	1.01	17.76	1.01	17.76	1.01	17.76	1.01
59003.39	18.76	1.01	18.76	1.01	18.76	1.01	18.76	1.01	18.76	1.01	18.76	1.01	18.76	1.01
59004.20	18.82	1.01	18.82	1.01	18.82	1.01	18.82	1.01	18.82	1.01	18.82	1.01	18.82	1.01
59004.27	18.42	1.01	18.42	1.01	18.42	1.01	18.42	1.01	18.42	1.01	18.42	1.01	18.42	1.01
59007.25	17.70	1.01	17.70	1.01	17.70	1.01	17.70	1.01	17.70	1.01	17.70	1.01	17.70	1.01
59007.25	17.80	1.01	17.80	1.01	17.80	1.01	17.80	1.01	17.80	1.01	17.80	1.01	17.80	1.01
59007.25	17.12	1.01	17.12	1.01	17.12	1.01	17.12	1.01	17.12	1.01	17.12	1.01	17.12	1.01
59007.25	17.56	1.01	17.56	1.01	17.56	1.01	17.56	1.01	17.56	1.01	17.56	1.01	17.56	1.01
59007.26	17.72	1.01	17.72	1.01	17.72	1.01	17.72	1.01	17.72	1.01	17.72	1.01	17.72	1.01
59007.26	17.72	1.01	17.72	1.01	17.72	1.01	17.72	1.01	17.72	1.01	17.72	1.01	17.72	1.01
59009.21	18.58	1.01	18.58	1.01	18.58	1.01	18.58	1.01	18.58	1.01	18.58	1.01	18.58	1.01
59009.24	19.00	1.01	19.00	1.01	19.00	1.01	19.00	1.01	19.00	1.01	19.00	1.01	19.00	1.01
59011.36	17.71	1.01	17.71	1.01	17.71	1.01	17.71	1.01	17.71	1.01	17.71	1.01	17.71	1.01
59011.36	17.29	1.01	17.29	1.01	17.29	1.01	17.29	1.01	17.29	1.01	17.29	1.01	17.29	1.01
59011.36	17.29	1.01	17.29	1.01	17.29	1.01	17.29	1.01	17.29	1.01	17.29	1.01	17.29	1.01
59011.36	17.59	1.01	17.59	1.01	17.59	1.01	17.59	1.01	17.59	1.01	17.59	1.01	17.59	1.01
59011.36	17.62	1.01	17.62	1.01	17.62	1.01	17.62	1.01	17.62	1.01	17.62	1.01	17.62	1.01
59011.36	17.73	1.01	17.73	1.01	17.73	1.01	17.73	1.01	17.73	1.01	17.73	1.01	17.73	1.01
59012.21	19.06	1.01	19.06	1.01	19.06	1.01	19.06	1.01	19.06	1.01	19.06	1.01	19.06	1.01
59012.24	18.67	1.01	18.67	1.01	18.67	1.01	18.67	1.01	18.67	1.01	18.67	1.01	18.67	1.01
59014.42	19.43	1.01	19.43	1.01	19.43	1.01	19.43	1.01	19.43	1.01	19.43	1.01	19.43	1.01
59014.42	18.77	1.01	18.77	1.01	18.77	1.01	18.77	1.01	18.77	1.01	18.77	1.01	18.77	1.01
59015.08	17.65	1.01	17.65	1.01	17.65	1.01	17.65	1.01	17.65	1.01	17.65	1.01	17.65	1.01
59015.08	17.44	1.01	17.44	1.01	17.44	1.01	17.44	1.01	17.44	1.01	17.44	1.01	17.44	1.01
59015.08	17.44	1.01	17.44	1.01	17.44	1.01	17.44	1.01	17.44	1.01	17.44	1.01	17.44	1.01
59015.09	17.45	1.01	17.45	1.01	17.45	1.01	17.45	1.01	17.45	1.01	17.45	1.01	17.45	1.01
59015.09	17.71	1.01	17.71	1.01	17.71	1.01	17.71	1.01	17.71	1.01	17.71	1.01	17.71	1.01
59016.21	19.13	1.01	19.13	1.01	19.13	1.01	19.13	1.01	19.13	1.01	19.13	1.01	19.13	1.01
59017.29	19.44	1.01	19.44	1.01	19.44	1.01	19.44	1.01	19.44	1.01	19.44	1.01	19.44	1.01
59019.22	18.84	1.01	18.84	1.01	18.84	1.01	18.84	1.01	18.84	1.01	18.84	1.01	18.84	1.01
59019.26	19.16	1.01	19.16	1.01	19.16	1.01	19.16	1.01	19.16	1.01	19.16	1.01	19.16	1.01
59019.46	17.71	1.01	17.71	1.01	17.71	1.01	17.71	1.01	17.71	1.01	17.71	1.01	17.71	1.01
59019.46	17.45	1.01	17.45	1.01	17.45	1.01	17.45	1.01	17.45	1.01	17.45	1.01	17.45	1.01
59019.46	17.45	1.01	17.45	1.01	17.45	1.01	17.45	1.01	17.45	1.01	17.45	1.01	17.45	1.01
59019.46	17.59	1.01	17.59	1.01	17.59	1.01	17.59	1.01	17.59	1.01	17.59	1.01	17.59	1.01
59019.46	17.60	1.01	17.60	1.01	17.60	1.01	17.60	1.01	17.60	1.01	17.60	1.01	17.60	1.01
59019.46	17.60	1.01	17.60	1.01	17.60	1.01	17.60	1.01	17.60	1.01	17.60	1.01	17.60	1.01
59021.29	19.45	1.01	19.45	1.01	19.45	1.01	19.45	1.01	19.45	1.01	19.45	1.01	19.45	1.01
59021.29	18.87	1.01	18.87	1.01	18.87	1.01	18.87	1.01	18.87	1.01	18.87	1.01	18.87	1.01
59022.23	18.83	1.01	18.83	1.01	18.83	1.01	18.83	1.01	18.83	1.01	18.83	1.01	18.83	1.01
59022.29	19.47	1.01	19.47	1.01	19.47	1.01	19.47	1.01	19.47	1.01	19.47	1.01	19.47	1.01
59023.64	17.61	1.01	17.61	1.01	17.61	1.01	17.61	1.01	17.61	1.01	17.61	1.01	17.61	1.01
59025.21	18.92	1.01	18.92	1.01	18.92	1.01	18.92	1.01	18.92	1.01	18.92	1.01	18.92	1.01
59025.24	19.32	1.01	19.32	1.01	19.32	1.01	19.32	1.01	19.32	1.01	19.32	1.01	19.32	1.01
59026.29	19.53	1.01	19.53	1.01	19.53	1.01	19.53	1.01	19.53	1.01	19.53	1.01	19.53	1.01
59027.56	17.64	1.01	17.64	1.01	17.64	1.01	17.64	1.01	17.64	1.01	17.64	1.01	17.64	1.01
59027.56	17.89	1.01	17.89	1.01	17.89	1.01	17.89	1.01	17.89	1.01	17.89	1.01	17.89	1.01
59027.56	17.13	1.01	17.13	1.01	17.13	1.01	17.13	1.01	17.13	1.01	17.13	1.01	17.13	1.01
59027.56	17.59	1.01	17.59	1.01	17.59	1.01	17.59	1.01	17.59	1.01	17.59	1.01	17.59	1.01
59027.57	17.74	1.01	17.74	1.01	17.74	1.01	17.74	1.01	17.74	1.01	17.74	1.01	17.74	1.01
59027.57	17.68	1.01	17.68	1.01	17.68	1.01	17.68	1.01	17.68	1.01	17.68	1.01	17.68	1.01
59028.22	19.05	1.01	19.05	1.01	19.05	1.01	19.05	1.01	19.05	1.01	19.05	1.01	19.05	1.01
59028.28	19.97	1.01	19.97	1.01	19.97	1.01	19.97	1.01	19.97	1.01	19.97	1.01	19.97	1.01
59028.28	19.05	1.01	19.05	1.01	19.05	1.01	19.05	1.01	19.05	1.01	19.05	1.01	19.05	1.01
59029.21	19.31	1.01	19.31	1.01	19.31	1.01	19.31	1.01	19.31	1.01	19.31	1.01	19.31	1.01
59030.28	19.04	1.01	19.04	1.01	19.04	1.01	19.04	1.01	19.04	1.01	19.04	1.01	19.04	1.01
59030.29	19.13	1.01	19.13	1.01	19.13	1.01	19.13	1.01	19.13	1.01	19.13	1.01	19.13	1.01
59031.22	19.04	1.01	19.04	1.01	19.04	1.01	19.04	1.01	19.04	1.01	19.04	1.01	19.04	1.01
59033.28	18.99	1.01	18.99	1.01	18.99	1.01	18.99	1.01	18.99	1.01	18.99	1.01	18.99	1.01
59033.28	18.99	1.01	18.99	1.01	18.99	1.01	18.99	1.01	18.99	1.01	18.99	1.01	18.99	1.01
59034.60	17.57	1.01	17.57	1.01	17.57	1.01	17.57	1.01	17.57	1.01	17.57	1.01	17.57	1.01
59034.61	17.84	1.01	17.84	1.01	17.84	1.01	17.84	1.01	17.84	1.01	17.84	1.01	17.84	1.01
59034.61	17.39	1.01	17.39	1.01	17.39	1.01	17.39	1.01	17.39	1.01	17.39	1.01	17.39	1.01
59034.61	17.61	1.01	17.61	1.01	17.61	1.01	17.61	1.01	17.61	1.01	17.61	1.01	17.61	1.01
59034.61	17.65	1.01	17.65	1.01	17.65	1.01	17.65	1.01	17.65	1.01	17.65	1.01	17.65	1.01
59034.61	17.69	1.01	17.69	1.01	17.69	1.01	17.69	1.01	17.69	1.01	17.69	1.01	17.69	1.01
59036.26	19.11	1.01	19.11	1.01	19.11	1.01	19.11	1.01	19.11	1.01	19.11	1.01	19.11	1.01
59037.20	19.31	1.01	19.31	1.01	19.31	1.01	19.31	1.01	19.31	1.01	19.31	1.01	19.31	1.01
59037.22	19.56	1.01	19.56	1.01	19.56	1.01	19.56	1.01	19.56	1.01	19.56	1.01	19.56	1.01
59037.27	19.26	1.01	19.26	1.01	19.26	1.01	19.26	1.01	19.26	1.01	19.26	1.01	19.26	1.01
59037.27	19.26	1.01	19.26	1.01	19.26	1.01	19.26	1.01	19.26	1.01	19.26	1.01	19.26	1.01
59038.20	19.21	1.01	19.21	1.01	19.21	1.01	19.21	1.01	19.21	1.01	19.21	1.01	19.21	1.01
59038.35	19.24	1.01	19.24	1.01	19.24	1.01	19.24	1.01	19.24	1.01	19.24	1.01	19.24	1.01
59039.23	19.23	1.01	19.23	1.01	19.23	1.01	19.23	1.01	19.23	1.01	19.23	1.01	19.23	1.01
59040.27	19.47	1.01	19.47	1.01	19.47	1.01	19.47	1.01	19.47	1.01	19.47	1.01	19.47	1.01
59040.27	19.45	1.01	19.45	1.01	19.45	1.01	19.45	1.01	19.45	1.01	19.45	1.01	19.45	1.01
59042.23	19.26	1.01	19.26	1.01	19.26	1.01	19.26	1.01	19.26	1.01	19.26	1.01	19.26	1.01
59042.29	19.42	1.01	19.42	1.01	19.42	1.01	19.42	1.01	19.42	1.01	19.42	1.01	19.42	1.01
59042.29	20.27	1.01	20.27	1.01	20.27	1.01	20.27	1.01	20.27	1.01	20.27	1.01	20.27	1.01
59043.24	19.31	1.01	19.31	1.01	19.31	1.01	19.31	1.01	19.31	1.01	19.31	1.01	19.31	1.01
59044.22	19.30	1.01	19.30	1.01	19.30	1.01	19.30	1.01	19.30	1.01	19.30	1.01	19.30	1.01
59045.20	19.46	1.01	19.46	1.01	19.46	1.01	19.46	1.01	19.46	1.01	19.46	1.01	19.46	1.01
59045.24	19.82	1.01	19.82	1.01	19.82	1.01	19.82	1.01	19.82	1.01	19.82	1.01	19.82	1.01
59046.20	19.50	1.01	19.50	1.01	19.50	1.01	19.50	1.01	19.50	1.01	19.50	1.01	19.50	1.01
59047.22	19.54	1.01	19.54	1.01	19.54	1.01	19.54	1.01	19.54	1.01	19.54	1.01	19.54	1.01
59047.27	19.65	1.01	19.65	1.01	19.65	1.01	19.65	1.01	19.65	1.01	19.65	1.01	19.65	1.01
59047.27	20.18	1.01	20.18	1.01	20.18	1.01	20.18	1.01	20.18	1.01	20.18	1.01	20.18	1.01
59048.21	19.45	1.01	19.45	1.01	19.45	1.01	19.45	1.01	19.45	1.01	19.45	1.01	19.45	1.01
59048.27	19.84	1.01	19.84	1.01	19.84	1.01	19.84	1.01	19.84	1.01	19.84	1.01	19.84	1.01
59051.20	19.52	1.01	19.52	1.01	19.52	1.01	19.52	1.01	19.52	1.01	19.52	1.01	19.52	1.01
59051.28	20.64	1.01	20.64	1.01	20.64	1.01	20.64	1.01	20.64	1.01	20.64	1.01	20.64	1.01
59051.28	19.81	1.01	19.81	1.01	19.81	1.01	19.81	1.01	19.81	1.01	19.81	1.01	19.81	1.01
59053.27	21.34	1.01	21.34	1.01	21.34	1.01	21.34	1.01	21.34	1.01	21.34	1.01	21.34	1.01
59053.28	19.89	1.01	19.89	1.01	19.89	1.01	19.89	1.01	19.89	1.01	19.89	1.01	19.89	1.01
59064.29	22.54	1.01	22.54	1.01	22.54	1.01	22.54	1.01	22.54	1.01	22.54	1.01	22.54	1.01
59072.27	21.99	1.01	21.99	1.01	21.99	1.01	21.99	1.01	21.99	1.01	21.99	1.01	21.99	1.01
59074.27	22.60	1.01	22.60	1.01	22.60	1.01	22.60	1.01	22.60	1.01	22.60	1.01	22.60	1.01
59078.26	22.49	1.01	22.49	1.01	22.49	1.01	22.49	1.01	22.49	1.01	22.49	1.01	22.49	1.01
59081.25	21.35	1.01	21.35	1.01	21.35	1.01	21.35	1.01	21.35	1.01	21.35	1.01	21.35	1.01
59093.25	21.85	1.01	21.85	1.01	21.85	1.01	21.85	1.01	21.85	1.01	21.85	1.01	21.85	1.01
59095.25	21.42	1.01	21.42	1.01	21.42	1.01	21.42	1.01	21.42	1.01	21.42	1.01	21.42	1.01
59095.25	21.36	1.01	21.36	1.01	21.36	1.01	21.36	1.01	21.36	1.01	21.36	1.01	21.36	1.01
59097.24	20.67	1.01	20.67	1.01	20.67	1.01	20.67	1.01	20.67	1.01	20.67	1.01	20.67	1.01
59097.24	21.15	1.01	21.15	1.01	21.15	1.01	21.15	1.01	21.15	1.01	21.15	1.01	21.15	1.01
59217.64	24.67	1.01	24.67	1.01	24.67	1.01	24.67	1.01	24.67	1.01	24.67	1.01	24.67	1.01
59220.66	22.95	1.01	22.95	1.01	22.95	1.01	22.95	1.01	22.95	1.01	22.95	1.01	22.95	1.01
59242.64	19.53	1.01	19.53	1.01	19.53	1.01	19.53	1.01	19.53	1.01	19.53	1.01	19.53	1.01
59242.64	20.49	1.01	20.49	1.01	20.49	1.01	20.49	1.01	20.49	1.01	20.49	1.01	20.49	1.01
59245.66	22.03	1.01	22.03	1.01	22.03	1.01	22.03	1.01	22.03	1.01	22.03	1.01	22.03	1.01
59246.64	22.94	1.01	22.94	1.01	22.94	1.01	22.94	1.01	22.94	1.01	22.94	1.01	22.94	1.01
59257.57	22.71	1.01	22.71	1.01	22.71	1.01	22.71	1.01	22.71	1.01	22.71	1.01	22.71	1.01
59313.53	22.27	1.01	22.27	1.01	22.27	1.01	22.27	1.01	22.27	1.01	22.27	1.01	22.27	1.01
59317.49	22.08	1.01	22.08	1.01	22.08	1.01	22.08	1.01	22.08	1.01	22.08	1.01	22.08	1.01
59326.39	22.73	1.01	22.73	1.01	22.73	1.01	22.73	1.01	22.73	1.01	22.73	1.01	22.73	1.01
59328.46	22.89	1.01	22.89	1.01	22.89	1.01	22.89	1.01	22.89	1.01	22.89	1.01	22.89	1.01
59328.46	21.91	1.01	21.91	1.01	21.91	1.01	21.91	1.01	21.91	1.01	21.91	1.01	21.91	1.01
59333.43	21.73	1.01	21.73	1.01	21.73	1.01	21.73	1.01	21.73	1.01	21.73	1.01	21.73	1.01
59333.43	21.39	1.01	21.39	1.01	21.39	1.01	21.39	1.01	21.39	1.01	21.39	1.01	21.39	1.01
59344.33	22.98	1.01	22.98	1.01	22.98	1.01	22.98	1.01	22.98	1.01	22.98	1.01	22.98	1.01
59382.27	22.30	1.01	22.30	1.01	22.30	1.01	22.30	1.01	22.30	1.01	22.30	1.01	22.30	1.01
59382.27	22.72	1.01	22.72	1.01	22.72	1.01	22.72	1.01	22.72	1.01	22.72	1.01	22.72	1.01
59383.27	22.23	1.01	22.23	1.01	22.23	1.01	22.23	1.01	22.23	1.01	22.23	1.01	22.23	1.01
59383.27	22.64	1.01	22.64	1.01	22.64	1.01	22.64	1.01	22.64	1.01	22.64	1.01	22.64	1.01
59384.27	21.28	1.01	21.28	1.01	21.28	1.01	21.28	1.01	21.28	1.01	21.28	1.01	21.28	1.01
59587.64	21.49	1.01	21.49	1.01	21.49	1.01	21.49	1.01	21.49	1.01	21.49	1.01	21.49	1.01
59588.65	21.31	1.01	21.31	1.01	21.31	1.01	21.31	1.01	21.31	1.01	21.31	1.01	21.31	1.01
59588.65	21.86	1.01	21.86	1.01	21.86	1.01	21.86	1.01	21.86	1.01	21.86	1.01	21.86	1.01
59594.60	21.16	1.01	21.16	1.01	21.16	1.01	21.16	1.01	21.16	1.01	21.16	1.01	21.16	1.01
59594.60	22.97	1.01	22.97	1.01	22.97	1.01	22.97	1.01	22.97	1.01	22.97	1.01	22.97	1.01
59596.62	21.96	1.01	21.96	1.01	21.96	1.01	21.96	1.01	21.96	1.01	21.96	1.01	21.96	1.01
59596.62	21.87	1.01	21.87	1.01	21.87	1.01	21.87	1.01	21.87	1.01	21.87	1.01	21.87	1.01
59597.60	20.79	1.01	20.79	1.01	20.79	1.01	20.79	1.01	20.79	1.01	20.79	1.01	20.79	1.01
59598.62	21.20	1.01	21.20	1.01	21.20	1.01	21.20	1.01	21.20	1.01	21.20	1.01	21.20	1.01
59598.62	21.32	1.01	21.32	1.01	21.32	1.01	21.32	1.01	21.32	1.01	21.32	1.01	21.32	1.01
59600.61	21.24	1.01	21.24	1.01	21.24	1.01	21.24	1.01	21.24	1.01	21.24	1.01	21.24	1.01
59600.62	21.94	1.01	21.94	1.01	21.94	1.01	21.94	1.01	21.94	1.01	21.94	1.01	21.94	1.01
59601.63	24.66	1.01	24.66	1.01	24.66	1.01	24.66	1.01	24.66	1.01	24.66	1.01	24.66	1.01
59602.65	22.21	1.01	22.21	1.01	22.21	1.01	22.21	1.01	22.21	1.01	22.21	1.01	22.21	1.01
59604.61	21.19	1.01	21.19	1.01	21.19	1.01	21.19	1.01	21.19	1.01	21.19	1.01	21.19	1.01
59604.61	21.43	1.01	21.43	1.01	21.43	1.01	21.43	1.01	21.43	1.01	21.43	1.01	21.43	1.01
59620.60	24.25	1.01	24.25	1.01	24.25	1.01	24.25	1.01	24.25	1.01	24.25	1.01	24.25	1.01
59620.61	21.43	1.01	21.43	1.01	21.43	1.01	21.43	1.01	21.43	1.01	21.43	1.01	21.43	1.01
59623.56	21.61	1.01	21.61	1.01	21.61	1.01	21.61	1.01	21.61	1.01	21.61	1.01	21.61	1.01
59623.56	21.82	1.01	21.82	1.01	21.82	1.01	21.82	1.01	21.82	1.01	21.82	1.01	21.82	1.01
59625.61	22.05	1.01	22.05	1.01	22.05	1.01	22.05	1.01	22.05	1.01	22.05	1.01	22.05	1.01
59625.61	24.69	1.01	24.69	1.01	24.69	1.01	24.69	1.01	24.69	1.01	24.69	1.01	24.69	1.01
59627.61	21.89	1.01	21.89	1.01	21.89	1.01	21.89	1.01	21.89	1.01	21.89	1.01	21.89	1.01
59650.48	24.51	1.01	24.51	1.01	24.51	1.01	24.51	1.01	24.51	1.01	24.51	1.01	24.51	1.01
59653.51	20.80	1.01	20.80	1.01	20.80	1.01	20.80	1.01	20.80	1.01	20.80	1.01	20.80	1.01
59653.51	20.78	1.01	20.78	1.01	20.78	1.01	20.78	1.01	20.78	1.01	20.78	1.01	20.78	1.01
59662.48	23.79	1.01	23.79	1.01	23.79	1.01	23.79	1.01	23.79	1.01	23.79	1.01	23.79	1.01
59662.48	21.75	1.01	21.75	1.01	21.75	1.01	21.75	1.01	21.75	1.01	21.75	1.01	21.75	1.01
59678.42	22.48	1.01	22.48	1.01	22.48	1.01	22.48	1.01	22.48	1.01	22.48	1.01	22.48	1.01
59678.42	21.96	1.01	21.96	1.01	21.96	1.01	21.96	1.01	21.96	1.01	21.96	1.01	21.96	1.01
59693.39	21.77	1.01	21.77	1.01	21.77	1.01	21.77	1.01	21.77	1.01	21.77	1.01	21.77	1.01
59693.39	21.02	1.01	21.02	1.01	21.02	1.01	21.02	1.01	21.02	1.01	21.02	1.01	21.02	1.01
59695.32	23.54	1.01	23.54	1.01	23.54	1.01	23.54	1.01	23.54	1.01	23.54	1.01	23.54	1.01
59695.32	21.81	1.01	21.81	1.01	21.81	1.01	21.81	1.01	21.81	1.01	21.81	1.01	21.81	1.01
59711.38	22.83	1.01	22.83	1.01	22.83	1.01	22.83	1.01	22.83	1.01	22.83	1.01	22.83	1.01
59712.33	23.96	1.01	23.96	1.01	23.96	1.01	23.96	1.01	23.96	1.01	23.96	1.01	23.96	1.01
59714.50	21.83	1.01	21.83	1.01	21.83	1.01	21.83	1.01	21.83	1.01	21.83	1.01	21.83	1.01
59717.35	21.85	1.01	21.85	1.01	21.85	1.01	21.85	1.01	21.85	1.01	21.85	1.01	21.85	1.01
59717.35	22.27	1.01	22.27	1.01	22.27	1.01	22.27	1.01	22.27	1.01	22.27	1.01	22.27	1.01
59726.26	21.62	1.01	21.62	1.01	21.62	1.01	21.62	1.01	21.62	1.01	21.62	1.01	21.62	1.01
59726.27	21.51	1.01	21.51	1.01	21.51	1.01	21.51	1.01	21.51	1.01	21.51	1.01	21.51	1.01
59731.26	21.93	1.01	21.93	1.01	21.93	1.01	21.93	1.01	21.93	1.01	21.93	1.01	21.93	1.01
59731.26	21.46	1.01	21.46	1.01	21.46	1.01	21.46	1.01	21.46	1.01	21.46	1.01	21.46	1.01
59734.27	21.61	1.01	21.61	1.01	21.61	1.01	21.61	1.01	21.61	1.01	21.61	1.01	21.61	1.01
59734.27	21.24	1.01	21.24	1.01	21.24	1.01	21.24	1.01	21.24	1.01	21.24	1.01	21.24	1.01
59767.27	21.68	1.01	21.68	1.01	21.68	1.01	21.68	1.01	21.68	1.01	21.68	1.01	21.68	1.01
59767.27	21.33	1.01	21.33	1.01	21.33	1.01	21.33	1.01	21.33	1.01	21.33	1.01	21.33	1.01
59772.29	21.89	1.01	21.89	1.01	21.89	1.01	21.89	1.01	21.89	1.01	21.89	1.01	21.89	1.01
59772.30	20.96	1.01	20.96	1.01	20.96	1.01	20.96	1.01	20.96	1.01	20.96	1.01	20.96	1.01
59776.30	21.69	1.01	21.69	1.01	21.69	1.01	21.69	1.01	21.69	1.01	21.69	1.01	21.69	1.01
59780.30	21.49	1.01	21.49	1.01	21.49	1.01	21.49	1.01	21.49	1.01	21.49	1.01	21.49	1.01
59780.31	21.87	1.01	21.87	1.01	21.87	1.01	21.87	1.01	21.87	1.01	21.87	1.01	21.87	1.01
59781.26	21.71	1.01	21.71	1.01	21.71	1.01	21.71	1.01	21.71	1.01	21.71	1.01	21.71	1.01
59789.27	23.30	1.01	23.30	1.01	23.30	1.01	23.30	1.01	23.30	1.01	23.30	1.01	23.30	1.01
59802.30	21.99	1.01	21.99	1.01	21.99	1.01	21.99	1.01	21.99	1.01	21.99	1.01	21.99	1.01
59806.32	22.79	1.01	22.79	1.01	22.79	1.01	22.79	1.01	22.79	1.01	22.79	1.01	22.79	1.01
59806.32	22.16	1.01	22.16	1.01	22.16	1.01	22.16	1.01	22.16	1.01	22.16	1.01	22.16	1.01
59811.25	23.86	1.01	23.86	1.01	23.86	1.01	23.86	1.01	23.86	1.01	23.86	1.01	23.86	1.01
59820.25	23.54	1.01	23.54	1.01	23.54	1.01	23.54	1.01	23.54	1.01	23.54	1.01	23.54	1.01
#
## All light curves linearly interpolated
## Extrapolation done by assuming constant colour with reference band
