58868.653	40.950	0.225
58868.656	41.161	0.225
58873.620	40.237	0.225
58873.623	40.759	0.225
58929.538	40.980	0.225
58942.481	41.262	0.225
58942.483	41.402	0.225
58954.387	42.755	0.225
58954.387	42.755	0.225
58954.444	42.604	0.225
58954.444	42.604	0.225
58954.459	42.504	0.225
58955.404	42.796	0.225
58955.426	42.663	0.225
58956.343	42.697	0.225
58956.369	42.861	0.225
58956.471	42.728	0.225
58956.474	42.487	0.225
58958.515	42.888	0.225
58958.518	42.667	0.225
58960.458	42.875	0.225
58960.461	42.829	0.225
58961.410	42.823	0.225
58964.283	42.790	0.225
58964.345	42.884	0.225
58967.288	42.836	0.225
58967.341	42.778	0.225
58969.374	42.877	0.225
58970.307	42.785	0.225
58970.391	42.741	0.225
58971.360	42.688	0.225
58972.431	42.691	0.225
58972.434	42.567	0.225
58973.267	42.747	0.225
58973.304	42.711	0.225
58973.387	42.954	0.225
58973.388	42.987	0.225
58973.389	42.885	0.225
58973.389	42.885	0.225
58973.392	42.897	0.225
58973.392	42.897	0.225
58974.415	42.672	0.225
58974.418	42.588	0.225
58975.275	42.685	0.225
58975.430	42.695	0.225
58975.433	42.600	0.225
58976.201	42.671	0.225
58976.298	42.688	0.225
58978.834	42.895	0.225
58978.836	42.978	0.225
58978.837	43.094	0.225
58978.838	42.918	0.225
58978.842	42.868	0.225
58978.843	42.873	0.225
58979.240	42.633	0.225
58980.329	42.650	0.225
58980.895	42.746	0.225
58980.898	42.920	0.225
58980.898	42.920	0.225
58980.899	42.907	0.225
58980.903	43.168	0.225
58980.904	42.883	0.225
58981.900	42.675	0.225
58981.901	43.051	0.225
58981.901	43.051	0.225
58981.902	42.668	0.225
58982.454	42.551	0.225
58982.457	42.580	0.225
58984.285	42.533	0.225
58984.288	42.518	0.225
58985.217	42.876	0.225
58985.219	42.972	0.225
58985.219	42.972	0.225
58985.220	42.850	0.225
58985.222	43.184	0.225
58985.223	42.839	0.225
58985.299	42.560	0.225
58986.415	42.800	0.225
58986.416	43.107	0.225
58986.416	43.107	0.225
58986.417	42.825	0.225
58986.419	42.777	0.225
58986.419	42.777	0.225
58986.480	42.753	0.225
58986.482	42.889	0.225
58987.383	42.494	0.225
58987.386	42.526	0.225
58991.235	42.547	0.225
58991.307	42.523	0.225
58992.289	42.432	0.225
58992.292	42.534	0.225
58994.244	42.501	0.225
58997.221	42.447	0.225
58997.290	42.525	0.225
58997.321	42.407	0.225
58997.324	42.518	0.225
58999.366	42.373	0.225
58999.369	42.452	0.225
59000.246	42.438	0.225
59000.266	42.428	0.225
59003.001	42.844	0.225
59003.003	43.022	0.225
59003.003	43.022	0.225
59003.004	42.790	0.225
59003.007	42.804	0.225
59003.007	42.804	0.225
59003.387	42.404	0.225
59004.203	42.378	0.225
59004.273	42.540	0.225
59007.251	42.829	0.225
59007.253	42.789	0.225
59007.254	43.059	0.225
59007.255	42.884	0.225
59007.259	42.819	0.225
59007.259	42.819	0.225
59009.215	42.477	0.225
59009.243	42.307	0.225
59011.356	42.824	0.225
59011.359	42.994	0.225
59011.359	42.994	0.225
59011.360	42.872	0.225
59011.364	42.858	0.225
59011.365	42.817	0.225
59012.206	42.283	0.225
59012.239	42.440	0.225
59014.418	42.136	0.225
59014.421	42.399	0.225
59015.084	42.848	0.225
59015.085	42.932	0.225
59015.085	42.932	0.225
59015.086	42.929	0.225
59015.088	42.823	0.225
59016.208	42.256	0.225
59017.292	42.131	0.225
59019.220	42.372	0.225
59019.260	42.243	0.225
59019.455	42.825	0.225
59019.457	42.927	0.225
59019.457	42.927	0.225
59019.458	42.873	0.225
59019.461	42.868	0.225
59019.461	42.868	0.225
59021.289	42.126	0.225
59021.291	42.358	0.225
59022.227	42.377	0.225
59022.290	42.118	0.225
59023.639	42.863	0.225
59025.209	42.339	0.225
59025.237	42.179	0.225
59026.286	42.095	0.225
59027.557	42.851	0.225
59027.559	42.751	0.225
59027.560	43.057	0.225
59027.561	42.870	0.225
59027.565	42.811	0.225
59027.566	42.834	0.225
59028.223	42.287	0.225
59028.278	41.918	0.225
59028.281	42.289	0.225
59029.207	42.183	0.225
59030.284	42.294	0.225
59030.286	42.255	0.225
59031.218	42.290	0.225
59033.278	42.311	0.225
59033.281	42.311	0.225
59034.602	42.880	0.225
59034.605	42.771	0.225
59034.606	42.952	0.225
59034.608	42.866	0.225
59034.613	42.847	0.225
59034.614	42.832	0.225
59036.264	42.265	0.225
59037.197	42.185	0.225
59037.224	42.082	0.225
59037.269	42.203	0.225
59037.271	42.205	0.225
59038.196	42.223	0.225
59038.348	42.212	0.225
59039.226	42.214	0.225
59040.268	42.121	0.225
59040.271	42.127	0.225
59042.234	42.203	0.225
59042.291	42.141	0.225
59042.294	41.801	0.225
59043.241	42.183	0.225
59044.219	42.188	0.225
59045.196	42.122	0.225
59045.236	41.981	0.225
59046.197	42.110	0.225
59047.219	42.091	0.225
59047.266	42.049	0.225
59047.269	41.837	0.225
59048.207	42.129	0.225
59048.267	41.974	0.225
59051.197	42.098	0.225
59051.276	41.653	0.225
59051.279	41.983	0.225
59053.273	41.371	0.225
59053.275	41.953	0.225
59064.295	40.893	0.225
59072.268	41.112	0.225
59074.274	40.869	0.225
59078.256	40.912	0.225
59081.250	41.367	0.225
59093.254	41.168	0.225
59095.245	41.339	0.225
59095.248	41.363	0.225
59097.236	41.641	0.225
59097.239	41.448	0.225
59217.641	40.039	0.225
59220.660	40.726	0.225
59242.636	42.097	0.225
59242.639	41.713	0.225
59245.662	41.096	0.225
59246.642	40.733	0.225
59257.568	40.825	0.225
59313.528	41.001	0.225
59317.493	41.075	0.225
59326.392	40.817	0.225
59328.460	40.751	0.225
59328.463	41.142	0.225
59333.430	41.216	0.225
59333.433	41.350	0.225
59344.330	40.716	0.225
59382.266	40.990	0.225
59382.269	40.820	0.225
59383.266	41.017	0.225
59383.269	40.853	0.225
59384.266	41.394	0.225
59587.638	41.313	0.225
59588.646	41.383	0.225
59588.648	41.166	0.225
59594.598	41.445	0.225
59594.601	40.719	0.225
59596.619	41.123	0.225
59596.622	41.161	0.225
59597.604	41.592	0.225
59598.617	41.429	0.225
59598.620	41.381	0.225
59600.615	41.410	0.225
59600.618	41.133	0.225
59601.632	40.045	0.225
59602.655	41.025	0.225
59604.611	41.431	0.225
59604.614	41.336	0.225
59620.603	40.208	0.225
59620.606	41.337	0.225
59623.556	41.265	0.225
59623.559	41.182	0.225
59625.612	41.088	0.225
59625.614	40.033	0.225
59627.606	41.153	0.225
59650.481	40.103	0.225
59653.510	41.586	0.225
59653.512	41.596	0.225
59662.479	40.393	0.225
59662.482	41.207	0.225
59678.419	40.916	0.225
59678.422	41.124	0.225
59693.387	41.199	0.225
59693.390	41.501	0.225
59695.319	40.493	0.225
59695.322	41.184	0.225
59711.377	40.777	0.225
59712.334	40.322	0.225
59714.498	41.175	0.225
59717.349	41.166	0.225
59717.352	41.002	0.225
59726.265	41.260	0.225
59726.268	41.304	0.225
59731.262	41.134	0.225
59731.265	41.322	0.225
59734.271	41.263	0.225
59734.274	41.411	0.225
59767.267	41.237	0.225
59767.270	41.377	0.225
59772.294	41.153	0.225
59772.297	41.525	0.225
59776.296	41.233	0.225
59780.301	41.311	0.225
59780.305	41.161	0.225
59781.264	41.223	0.225
59789.269	40.587	0.225
59802.298	41.111	0.225
59806.318	40.791	0.225
59806.321	41.043	0.225
59811.254	40.364	0.225
59820.245	40.491	0.225
