58868.653	41.151	0.151
58868.656	41.362	0.151
58873.620	40.438	0.151
58873.623	40.960	0.151
58929.538	41.181	0.151
58942.481	41.463	0.151
58942.483	41.603	0.151
58954.387	42.956	0.151
58954.387	42.956	0.151
58954.444	42.805	0.151
58954.444	42.805	0.151
58954.459	42.705	0.151
58955.404	42.997	0.151
58955.426	42.864	0.151
58956.343	42.898	0.151
58956.369	43.062	0.151
58956.471	42.929	0.151
58956.474	42.688	0.151
58958.515	43.089	0.151
58958.518	42.868	0.151
58960.458	43.076	0.151
58960.461	43.030	0.151
58961.410	43.024	0.151
58964.283	42.991	0.151
58964.345	43.085	0.151
58967.288	43.037	0.151
58967.341	42.979	0.151
58969.374	43.078	0.151
58970.307	42.986	0.151
58970.391	42.942	0.151
58971.360	42.889	0.151
58972.431	42.892	0.151
58972.434	42.768	0.151
58973.267	42.948	0.151
58973.304	42.912	0.151
58973.387	43.155	0.151
58973.388	43.188	0.151
58973.389	43.086	0.151
58973.389	43.086	0.151
58973.392	43.098	0.151
58973.392	43.098	0.151
58974.415	42.873	0.151
58974.418	42.789	0.151
58975.275	42.886	0.151
58975.430	42.896	0.151
58975.433	42.801	0.151
58976.201	42.872	0.151
58976.298	42.889	0.151
58978.834	43.096	0.151
58978.836	43.179	0.151
58978.837	43.295	0.151
58978.838	43.119	0.151
58978.842	43.069	0.151
58978.843	43.074	0.151
58979.240	42.834	0.151
58980.329	42.851	0.151
58980.895	42.947	0.151
58980.898	43.121	0.151
58980.898	43.121	0.151
58980.899	43.108	0.151
58980.903	43.369	0.151
58980.904	43.084	0.151
58981.900	42.876	0.151
58981.901	43.252	0.151
58981.901	43.252	0.151
58981.902	42.869	0.151
58982.454	42.752	0.151
58982.457	42.781	0.151
58984.285	42.734	0.151
58984.288	42.719	0.151
58985.217	43.077	0.151
58985.219	43.173	0.151
58985.219	43.173	0.151
58985.220	43.051	0.151
58985.222	43.385	0.151
58985.223	43.040	0.151
58985.299	42.761	0.151
58986.415	43.001	0.151
58986.416	43.308	0.151
58986.416	43.308	0.151
58986.417	43.026	0.151
58986.419	42.978	0.151
58986.419	42.978	0.151
58986.480	42.954	0.151
58986.482	43.090	0.151
58987.383	42.695	0.151
58987.386	42.727	0.151
58991.235	42.748	0.151
58991.307	42.724	0.151
58992.289	42.633	0.151
58992.292	42.735	0.151
58994.244	42.702	0.151
58997.221	42.648	0.151
58997.290	42.726	0.151
58997.321	42.608	0.151
58997.324	42.719	0.151
58999.366	42.574	0.151
58999.369	42.653	0.151
59000.246	42.639	0.151
59000.266	42.629	0.151
59003.001	43.045	0.151
59003.003	43.223	0.151
59003.003	43.223	0.151
59003.004	42.991	0.151
59003.007	43.005	0.151
59003.007	43.005	0.151
59003.387	42.605	0.151
59004.203	42.579	0.151
59004.273	42.741	0.151
59007.251	43.030	0.151
59007.253	42.990	0.151
59007.254	43.260	0.151
59007.255	43.085	0.151
59007.259	43.020	0.151
59007.259	43.020	0.151
59009.215	42.678	0.151
59009.243	42.508	0.151
59011.356	43.025	0.151
59011.359	43.195	0.151
59011.359	43.195	0.151
59011.360	43.073	0.151
59011.364	43.059	0.151
59011.365	43.018	0.151
59012.206	42.484	0.151
59012.239	42.641	0.151
59014.418	42.337	0.151
59014.421	42.600	0.151
59015.084	43.049	0.151
59015.085	43.133	0.151
59015.085	43.133	0.151
59015.086	43.130	0.151
59015.088	43.024	0.151
59016.208	42.457	0.151
59017.292	42.332	0.151
59019.220	42.573	0.151
59019.260	42.444	0.151
59019.455	43.026	0.151
59019.457	43.128	0.151
59019.457	43.128	0.151
59019.458	43.074	0.151
59019.461	43.069	0.151
59019.461	43.069	0.151
59021.289	42.327	0.151
59021.291	42.559	0.151
59022.227	42.578	0.151
59022.290	42.319	0.151
59023.639	43.064	0.151
59025.209	42.540	0.151
59025.237	42.380	0.151
59026.286	42.296	0.151
59027.557	43.052	0.151
59027.559	42.952	0.151
59027.560	43.258	0.151
59027.561	43.071	0.151
59027.565	43.012	0.151
59027.566	43.035	0.151
59028.223	42.488	0.151
59028.278	42.119	0.151
59028.281	42.490	0.151
59029.207	42.384	0.151
59030.284	42.495	0.151
59030.286	42.456	0.151
59031.218	42.491	0.151
59033.278	42.512	0.151
59033.281	42.512	0.151
59034.602	43.081	0.151
59034.605	42.972	0.151
59034.606	43.153	0.151
59034.608	43.067	0.151
59034.613	43.048	0.151
59034.614	43.033	0.151
59036.264	42.466	0.151
59037.197	42.386	0.151
59037.224	42.283	0.151
59037.269	42.404	0.151
59037.271	42.406	0.151
59038.196	42.424	0.151
59038.348	42.413	0.151
59039.226	42.415	0.151
59040.268	42.322	0.151
59040.271	42.328	0.151
59042.234	42.404	0.151
59042.291	42.342	0.151
59042.294	42.002	0.151
59043.241	42.384	0.151
59044.219	42.389	0.151
59045.196	42.323	0.151
59045.236	42.182	0.151
59046.197	42.311	0.151
59047.219	42.292	0.151
59047.266	42.250	0.151
59047.269	42.038	0.151
59048.207	42.330	0.151
59048.267	42.175	0.151
59051.197	42.299	0.151
59051.276	41.854	0.151
59051.279	42.184	0.151
59053.273	41.572	0.151
59053.275	42.154	0.151
59064.295	41.094	0.151
59072.268	41.313	0.151
59074.274	41.070	0.151
59078.256	41.113	0.151
59081.250	41.568	0.151
59093.254	41.369	0.151
59095.245	41.540	0.151
59095.248	41.564	0.151
59097.236	41.842	0.151
59097.239	41.649	0.151
59217.641	40.240	0.151
59220.660	40.927	0.151
59242.636	42.298	0.151
59242.639	41.914	0.151
59245.662	41.297	0.151
59246.642	40.934	0.151
59257.568	41.026	0.151
59313.528	41.202	0.151
59317.493	41.276	0.151
59326.392	41.018	0.151
59328.460	40.952	0.151
59328.463	41.343	0.151
59333.430	41.417	0.151
59333.433	41.551	0.151
59344.330	40.917	0.151
59382.266	41.191	0.151
59382.269	41.021	0.151
59383.266	41.218	0.151
59383.269	41.054	0.151
59384.266	41.595	0.151
59587.638	41.514	0.151
59588.646	41.584	0.151
59588.648	41.367	0.151
59594.598	41.646	0.151
59594.601	40.920	0.151
59596.619	41.324	0.151
59596.622	41.362	0.151
59597.604	41.793	0.151
59598.617	41.630	0.151
59598.620	41.582	0.151
59600.615	41.611	0.151
59600.618	41.334	0.151
59601.632	40.246	0.151
59602.655	41.226	0.151
59604.611	41.632	0.151
59604.614	41.537	0.151
59620.603	40.409	0.151
59620.606	41.538	0.151
59623.556	41.466	0.151
59623.559	41.383	0.151
59625.612	41.289	0.151
59625.614	40.234	0.151
59627.606	41.354	0.151
59650.481	40.304	0.151
59653.510	41.787	0.151
59653.512	41.797	0.151
59662.479	40.594	0.151
59662.482	41.408	0.151
59678.419	41.117	0.151
59678.422	41.325	0.151
59693.387	41.400	0.151
59693.390	41.702	0.151
59695.319	40.694	0.151
59695.322	41.385	0.151
59711.377	40.978	0.151
59712.334	40.523	0.151
59714.498	41.376	0.151
59717.349	41.367	0.151
59717.352	41.203	0.151
59726.265	41.461	0.151
59726.268	41.505	0.151
59731.262	41.335	0.151
59731.265	41.523	0.151
59734.271	41.464	0.151
59734.274	41.612	0.151
59767.267	41.438	0.151
59767.270	41.578	0.151
59772.294	41.354	0.151
59772.297	41.726	0.151
59776.296	41.434	0.151
59780.301	41.512	0.151
59780.305	41.362	0.151
59781.264	41.424	0.151
59789.269	40.788	0.151
59802.298	41.312	0.151
59806.318	40.992	0.151
59806.321	41.244	0.151
59811.254	40.565	0.151
59820.245	40.692	0.151
