"Time (MJD)" "Temp./1e3 (K)" "Temp. Err." "Radius/1e15 (cm)" "Radius Err." "Bol. Lum" "Bol. Err"
-48.877 4.861 0.016 0.771 0.006 41.373 39.056
-47.872 4.789 0.014 0.801 0.006 41.381 39.031
-46.868 4.721 0.012 0.832 0.006 41.390 39.006
-45.864 4.655 0.011 0.865 0.005 41.398 38.979
-44.860 4.729 0.008 0.823 0.003 41.382 38.791
-43.856 4.709 0.007 0.832 0.003 41.385 38.761
-42.851 4.666 0.007 0.852 0.003 41.389 38.738
-41.847 4.598 0.006 0.892 0.003 41.404 38.730
-40.843 4.586 0.006 0.898 0.003 41.406 38.708
-39.839 4.575 0.005 0.903 0.003 41.406 38.690
-38.834 4.533 0.005 0.923 0.003 41.408 38.681
-37.830 4.494 0.005 0.947 0.003 41.416 38.683
-36.826 4.456 0.005 0.971 0.003 41.423 38.687
-35.822 4.422 0.005 0.994 0.003 41.430 38.692
-34.818 4.389 0.005 1.018 0.003 41.438 38.700
-33.813 4.387 0.005 1.017 0.003 41.437 38.695
-32.809 4.380 0.005 1.025 0.003 41.440 38.697
-31.805 4.372 0.005 1.032 0.003 41.442 38.699
-30.801 4.363 0.005 1.038 0.003 41.445 38.702
-29.797 4.355 0.005 1.045 0.003 41.447 38.706
-28.792 4.346 0.005 1.053 0.003 41.450 38.711
-27.788 4.345 0.005 1.056 0.003 41.452 38.717
-26.784 4.333 0.005 1.064 0.003 41.454 38.724
-25.780 4.322 0.005 1.072 0.003 41.456 38.733
-24.775 4.310 0.005 1.081 0.003 41.459 38.742
-23.771 4.298 0.005 1.090 0.003 41.461 38.751
-22.767 4.263 0.005 1.117 0.003 41.468 38.768
-21.763 4.233 0.005 1.146 0.003 41.478 38.786
-20.759 4.238 0.005 1.145 0.003 41.479 38.793
-19.754 4.242 0.005 1.144 0.004 41.480 38.801
-18.750 4.246 0.005 1.144 0.004 41.482 38.810
-17.746 4.262 0.005 1.122 0.004 41.471 38.811
-16.742 4.239 0.005 1.148 0.004 41.482 38.834
-15.737 4.217 0.005 1.173 0.004 41.492 38.857
-14.733 4.213 0.005 1.179 0.004 41.494 38.870
-13.729 4.200 0.005 1.188 0.004 41.495 38.886
-12.725 4.173 0.006 1.205 0.004 41.497 38.905
-11.721 4.157 0.006 1.217 0.005 41.499 38.924
-10.716 4.142 0.006 1.227 0.005 41.500 38.943
-9.712 4.147 0.006 1.221 0.005 41.497 38.955
-8.708 4.149 0.006 1.218 0.005 41.496 38.968
-7.704 4.135 0.006 1.228 0.005 41.497 38.987
-6.699 4.122 0.007 1.238 0.006 41.499 39.006
-5.695 4.109 0.007 1.249 0.006 41.501 39.025
-4.691 4.096 0.007 1.260 0.006 41.503 39.044
-3.687 4.082 0.007 1.271 0.006 41.504 39.063
-2.683 4.069 0.007 1.282 0.007 41.507 39.082
-1.678 4.055 0.008 1.294 0.007 41.509 39.102
-0.674 4.042 0.008 1.306 0.007 41.511 39.121
0.330 4.034 0.008 1.311 0.007 41.511 39.136
1.334 4.050 0.008 1.285 0.007 41.500 39.138
2.339 4.067 0.009 1.259 0.007 41.490 39.139
3.343 4.083 0.009 1.233 0.008 41.479 39.140
4.347 4.100 0.009 1.208 0.008 41.468 39.140
5.351 4.117 0.009 1.183 0.008 41.457 39.140
6.355 4.135 0.010 1.158 0.008 41.446 39.140
7.360 4.152 0.010 1.134 0.008 41.435 39.139
8.364 4.169 0.010 1.111 0.008 41.424 39.138
9.368 4.187 0.010 1.087 0.008 41.413 39.137
10.372 4.205 0.011 1.065 0.008 41.402 39.134
11.376 4.223 0.011 1.043 0.008 41.392 39.132
12.381 4.241 0.011 1.021 0.008 41.381 39.129
13.385 4.259 0.011 1.001 0.008 41.370 39.125
14.389 4.277 0.012 0.980 0.007 41.360 39.121
15.393 4.296 0.012 0.961 0.007 41.350 39.116
16.398 4.315 0.012 0.942 0.007 41.340 39.111
17.402 4.333 0.012 0.924 0.007 41.331 39.105
18.406 4.352 0.012 0.906 0.007 41.322 39.099
19.410 4.371 0.013 0.889 0.007 41.313 39.092
20.414 4.390 0.013 0.873 0.007 41.305 39.085
21.419 4.409 0.013 0.858 0.007 41.297 39.077
22.423 4.428 0.013 0.844 0.007 41.290 39.069
23.427 4.447 0.013 0.830 0.007 41.284 39.060
24.431 4.466 0.013 0.817 0.007 41.278 39.051
25.436 4.486 0.013 0.805 0.007 41.272 39.041
26.440 4.499 0.013 0.796 0.006 41.267 39.031
27.444 4.498 0.013 0.792 0.006 41.263 39.021
28.448 4.494 0.013 0.789 0.006 41.258 39.011
29.452 4.490 0.013 0.786 0.006 41.253 39.001
30.457 4.487 0.013 0.783 0.006 41.248 38.991
31.461 4.484 0.013 0.779 0.006 41.243 38.981
32.465 4.479 0.012 0.774 0.006 41.236 38.971
33.469 4.489 0.013 0.763 0.006 41.226 38.959
34.474 4.476 0.013 0.756 0.006 41.213 38.949
35.478 4.386 0.012 0.771 0.006 41.195 38.947
36.482 4.301 0.012 0.785 0.006 41.177 38.946
37.486 4.221 0.011 0.797 0.006 41.157 38.944
38.490 4.145 0.011 0.807 0.006 41.137 38.943
39.495 4.073 0.011 0.816 0.007 41.116 38.942
40.499 4.004 0.011 0.824 0.007 41.095 38.940
41.503 3.939 0.011 0.832 0.007 41.074 38.939
42.507 3.875 0.011 0.838 0.007 41.053 38.937
43.512 3.815 0.010 0.844 0.008 41.031 38.935
44.516 3.631 0.010 0.910 0.008 41.011 38.951
45.520 3.569 0.010 0.901 0.009 40.973 38.931
46.524 3.516 0.011 0.868 0.009 40.913 38.906
47.528 3.440 0.012 0.833 0.010 40.840 38.888
48.533 3.325 0.013 0.818 0.012 40.766 38.882
49.537 3.169 0.014 0.838 0.013 40.704 38.892
50.541 2.987 0.014 0.897 0.016 40.660 38.912
51.545 2.840 0.012 0.993 0.017 40.660 38.922
52.549 2.812 0.012 1.008 0.017 40.656 38.920
53.554 2.814 0.012 1.004 0.017 40.653 38.917
54.558 2.813 0.012 0.997 0.017 40.647 38.917
55.562 2.771 0.012 1.028 0.018 40.647 38.933
56.566 3.341 0.018 0.572 0.011 40.464 38.694
57.571 2.749 0.012 1.043 0.019 40.647 38.943
58.575 2.640 0.011 1.184 0.022 40.686 38.994
59.579 2.648 0.011 1.165 0.022 40.677 38.990
60.583 2.654 0.011 1.146 0.022 40.666 38.986
61.587 2.660 0.012 1.127 0.022 40.656 38.981
62.592 2.666 0.012 1.110 0.022 40.647 38.977
63.596 2.671 0.012 1.093 0.021 40.637 38.973
64.600 2.675 0.012 1.078 0.021 40.628 38.968
65.604 2.680 0.013 1.064 0.021 40.619 38.964
66.609 2.683 0.013 1.051 0.021 40.610 38.960
67.613 2.686 0.013 1.039 0.021 40.602 38.955
68.617 2.687 0.013 1.029 0.021 40.595 38.951
69.621 2.688 0.013 1.020 0.021 40.588 38.947
70.625 2.684 0.013 1.011 0.021 40.578 38.942
71.630 2.681 0.013 1.010 0.021 40.574 38.940
72.634 2.676 0.013 1.010 0.021 40.571 38.939
73.638 2.670 0.013 1.011 0.022 40.569 38.938
74.642 2.663 0.013 1.015 0.022 40.567 38.938
75.647 2.656 0.013 1.019 0.022 40.566 38.938
76.651 2.647 0.013 1.025 0.022 40.565 38.939
77.655 2.637 0.013 1.033 0.022 40.565 38.940
78.659 2.635 0.013 1.035 0.022 40.566 38.936
79.663 2.613 0.012 1.080 0.022 40.588 38.954
80.668 2.602 0.012 1.096 0.022 40.594 38.957
81.672 2.606 0.012 1.083 0.022 40.586 38.952
82.676 2.542 0.014 1.218 0.031 40.645 39.113
83.680 2.553 0.015 1.186 0.031 40.629 39.098
84.684 2.564 0.015 1.155 0.030 40.614 39.083
85.689 2.575 0.015 1.125 0.029 40.598 39.069
86.693 2.585 0.015 1.097 0.029 40.583 39.055
87.697 2.580 0.015 1.101 0.029 40.583 39.061
88.701 2.576 0.016 1.106 0.030 40.584 39.067
89.706 2.571 0.016 1.111 0.030 40.584 39.073
90.710 2.575 0.016 1.098 0.030 40.577 39.068
91.714 2.580 0.016 1.085 0.030 40.570 39.063
92.718 2.584 0.016 1.071 0.030 40.562 39.057
93.722 2.589 0.017 1.058 0.030 40.555 39.052
94.727 2.593 0.017 1.046 0.030 40.547 39.046
95.731 2.598 0.017 1.033 0.030 40.540 39.041
96.735 2.602 0.017 1.021 0.029 40.533 39.036
97.739 2.599 0.017 1.026 0.030 40.535 39.042
98.744 2.594 0.018 1.033 0.030 40.537 39.049
99.748 2.590 0.018 1.041 0.031 40.541 39.056
100.752 2.585 0.018 1.049 0.031 40.544 39.064
101.756 2.580 0.018 1.057 0.032 40.547 39.072
102.760 2.575 0.018 1.065 0.032 40.550 39.080
103.765 2.580 0.018 1.050 0.032 40.542 39.073
104.769 2.586 0.018 1.035 0.032 40.533 39.066
105.773 2.591 0.019 1.020 0.032 40.524 39.060
106.777 2.597 0.019 1.006 0.031 40.515 39.053
107.782 2.602 0.019 0.995 0.031 40.510 39.049
108.786 2.607 0.019 0.984 0.031 40.504 39.045
109.790 2.613 0.019 0.974 0.031 40.498 39.041
110.794 2.618 0.020 0.964 0.031 40.493 39.038
111.798 2.623 0.020 0.954 0.031 40.487 39.034
112.803 2.629 0.020 0.944 0.031 40.482 39.030
113.807 2.634 0.020 0.934 0.030 40.476 39.026
114.811 2.640 0.020 0.924 0.030 40.471 39.022
115.815 2.645 0.020 0.915 0.030 40.465 39.018
116.820 2.651 0.021 0.905 0.030 40.460 39.014
117.824 2.656 0.021 0.896 0.030 40.454 39.010
118.828 2.662 0.021 0.887 0.030 40.449 39.006
119.832 2.667 0.021 0.877 0.029 40.444 39.002
120.836 2.673 0.021 0.868 0.029 40.438 38.998
121.841 2.679 0.021 0.859 0.029 40.433 38.993
122.845 2.682 0.022 0.853 0.029 40.429 38.991
123.849 2.684 0.022 0.848 0.029 40.425 38.989
124.853 2.687 0.022 0.842 0.029 40.421 38.987
125.857 2.690 0.022 0.836 0.029 40.417 38.985
126.862 2.693 0.022 0.831 0.029 40.413 38.982
127.866 2.696 0.022 0.825 0.028 40.409 38.980
128.870 2.699 0.022 0.820 0.028 40.405 38.977
129.874 2.702 0.022 0.814 0.028 40.401 38.974
130.879 2.705 0.022 0.808 0.028 40.397 38.972
131.883 2.708 0.023 0.803 0.028 40.393 38.969
132.887 2.711 0.023 0.797 0.028 40.389 38.966
133.891 2.714 0.023 0.792 0.028 40.385 38.964
134.895 2.717 0.023 0.787 0.028 40.381 38.961
135.900 2.720 0.023 0.781 0.028 40.377 38.958
136.904 2.723 0.023 0.776 0.028 40.373 38.956
137.908 2.726 0.023 0.771 0.027 40.369 38.953
138.912 2.729 0.023 0.766 0.027 40.365 38.951
139.917 2.732 0.023 0.761 0.027 40.361 38.949
140.921 2.735 0.023 0.755 0.027 40.357 38.946
141.925 2.701 0.023 0.785 0.029 40.369 38.969
142.929 2.720 0.024 0.755 0.028 40.347 38.948
143.933 2.739 0.024 0.726 0.027 40.325 38.927
144.938 2.758 0.025 0.698 0.026 40.304 38.906
145.942 2.777 0.025 0.673 0.025 40.283 38.887
146.946 2.781 0.025 0.667 0.025 40.278 38.884
147.950 2.787 0.025 0.661 0.025 40.273 38.881
148.955 2.792 0.026 0.655 0.025 40.268 38.878
149.959 2.797 0.026 0.649 0.025 40.264 38.876
150.963 2.801 0.026 0.643 0.025 40.259 38.873
151.967 2.806 0.026 0.637 0.025 40.254 38.871
152.971 2.811 0.026 0.632 0.025 40.250 38.869
153.976 2.816 0.027 0.626 0.025 40.245 38.868
154.980 2.821 0.027 0.621 0.025 40.241 38.866
155.984 2.825 0.027 0.616 0.025 40.236 38.865
156.988 2.830 0.027 0.611 0.025 40.232 38.864
157.993 2.834 0.028 0.607 0.025 40.228 38.864
158.997 2.835 0.028 0.605 0.025 40.227 38.866
160.001 2.836 0.028 0.604 0.025 40.226 38.869
161.005 2.837 0.029 0.603 0.025 40.225 38.872
162.009 2.838 0.029 0.602 0.025 40.224 38.876
163.014 2.839 0.029 0.601 0.026 40.223 38.879
164.018 2.840 0.029 0.600 0.026 40.222 38.883
165.022 2.841 0.030 0.599 0.026 40.221 38.886
166.026 2.842 0.030 0.598 0.026 40.220 38.890
167.030 2.842 0.030 0.597 0.027 40.220 38.894
168.035 2.843 0.031 0.597 0.027 40.219 38.898
169.039 2.843 0.031 0.596 0.027 40.219 38.903
170.043 2.844 0.031 0.596 0.027 40.218 38.907
171.047 2.844 0.032 0.595 0.028 40.218 38.912
172.052 2.844 0.032 0.595 0.028 40.218 38.916
173.056 2.844 0.032 0.595 0.028 40.218 38.921
174.060 2.844 0.033 0.595 0.029 40.218 38.926
175.064 2.844 0.033 0.595 0.029 40.218 38.931
176.068 2.844 0.033 0.595 0.029 40.218 38.936
177.073 2.844 0.034 0.595 0.030 40.218 38.941
178.077 2.844 0.034 0.595 0.030 40.218 38.946
179.081 2.844 0.035 0.596 0.030 40.218 38.952
180.085 2.844 0.035 0.596 0.031 40.218 38.957
181.090 2.844 0.035 0.595 0.031 40.218 38.963
182.094 2.844 0.036 0.595 0.032 40.218 38.969
183.098 2.844 0.036 0.595 0.032 40.218 38.974
184.102 2.844 0.037 0.595 0.032 40.217 38.980
185.106 2.844 0.038 0.594 0.033 40.217 38.986
186.111 2.943 0.048 0.520 0.034 40.160 38.985
187.115 2.946 0.049 0.517 0.035 40.157 38.989
188.119 2.953 0.050 0.511 0.035 40.150 38.990
189.123 2.959 0.051 0.504 0.035 40.142 38.990
