"Time (MJD)" "Temp./1e3 (K)" "Temp. Err." "Radius/1e15 (cm)" "Radius Err." "Bol. Lum" "Bol. Err"
-44.890 14.966 0.210 0.298 0.005 42.502 40.919
-43.883 9.275 0.077 0.549 0.007 42.202 40.211
-42.876 9.044 0.071 0.565 0.007 42.182 40.147
-41.869 8.084 0.050 0.678 0.007 42.145 39.968
-40.862 8.055 0.048 0.681 0.006 42.144 39.946
-39.854 7.237 0.034 0.814 0.007 42.112 39.725
-38.847 7.475 0.033 0.766 0.006 42.116 39.746
-37.840 7.245 0.030 0.804 0.006 42.103 39.684
-36.833 7.004 0.027 0.848 0.006 42.091 39.624
-35.825 6.775 0.024 0.895 0.006 42.080 39.574
-34.818 6.558 0.021 0.944 0.006 42.070 39.535
-33.811 6.356 0.019 0.996 0.006 42.062 39.506
-32.804 6.320 0.019 1.002 0.006 42.058 39.493
-31.796 6.269 0.018 1.012 0.006 42.052 39.479
-30.789 6.203 0.018 1.025 0.006 42.045 39.465
-29.782 6.113 0.017 1.053 0.006 42.043 39.456
-28.775 6.030 0.016 1.079 0.006 42.040 39.448
-27.768 5.935 0.015 1.111 0.006 42.038 39.441
-26.760 5.790 0.014 1.163 0.006 42.035 39.437
-25.753 5.664 0.013 1.214 0.006 42.034 39.435
-24.746 5.648 0.013 1.223 0.006 42.036 39.432
-23.739 5.630 0.012 1.233 0.006 42.037 39.428
-22.731 5.582 0.012 1.256 0.006 42.038 39.426
-21.724 5.480 0.012 1.301 0.006 42.037 39.426
-20.717 5.379 0.011 1.348 0.006 42.035 39.427
-19.710 5.289 0.011 1.390 0.007 42.032 39.427
-18.702 5.259 0.011 1.401 0.006 42.029 39.419
-17.695 5.212 0.010 1.416 0.006 42.023 39.411
-16.688 5.163 0.010 1.445 0.007 42.024 39.410
-15.681 5.143 0.010 1.458 0.007 42.025 39.408
-14.673 5.122 0.010 1.472 0.007 42.027 39.405
-13.666 5.102 0.010 1.486 0.007 42.028 39.402
-12.659 5.084 0.010 1.499 0.007 42.029 39.400
-11.652 5.071 0.010 1.511 0.007 42.032 39.399
-10.645 5.046 0.010 1.530 0.007 42.034 39.399
-9.637 5.014 0.009 1.552 0.007 42.035 39.400
-8.630 4.985 0.009 1.571 0.007 42.036 39.399
-7.623 4.962 0.009 1.586 0.007 42.036 39.397
-6.616 4.939 0.009 1.602 0.007 42.037 39.395
-5.608 4.914 0.009 1.618 0.007 42.037 39.394
-4.601 4.887 0.009 1.636 0.007 42.036 39.394
-3.594 4.851 0.009 1.670 0.007 42.041 39.400
-2.587 4.821 0.009 1.697 0.007 42.045 39.405
-1.579 4.816 0.009 1.700 0.007 42.044 39.405
-0.572 4.811 0.009 1.701 0.007 42.043 39.404
0.435 4.814 0.009 1.695 0.007 42.041 39.402
1.442 4.829 0.009 1.677 0.007 42.037 39.396
2.449 4.843 0.009 1.659 0.007 42.033 39.391
3.457 4.832 0.009 1.643 0.007 42.021 39.381
4.464 4.808 0.009 1.656 0.007 42.019 39.383
5.471 4.789 0.009 1.668 0.007 42.018 39.385
6.478 4.797 0.009 1.668 0.007 42.021 39.388
7.486 4.821 0.009 1.655 0.007 42.023 39.390
8.493 4.836 0.009 1.650 0.007 42.025 39.393
9.500 4.834 0.010 1.649 0.007 42.025 39.395
10.507 4.806 0.010 1.658 0.007 42.019 39.396
11.515 4.778 0.009 1.668 0.008 42.014 39.397
12.522 4.736 0.009 1.689 0.008 42.010 39.401
13.529 4.681 0.009 1.726 0.008 42.008 39.410
14.536 4.655 0.009 1.746 0.008 42.009 39.417
15.543 4.629 0.009 1.766 0.008 42.009 39.424
16.551 4.603 0.009 1.787 0.009 42.009 39.432
17.558 4.577 0.009 1.807 0.009 42.009 39.440
18.565 4.559 0.009 1.816 0.009 42.007 39.445
19.572 4.553 0.009 1.810 0.009 42.001 39.445
20.580 4.548 0.009 1.801 0.009 41.995 39.444
21.587 4.549 0.009 1.785 0.009 41.988 39.441
22.594 4.928 0.013 1.503 0.009 41.977 39.401
23.601 4.923 0.013 1.499 0.009 41.973 39.402
24.609 4.917 0.013 1.495 0.009 41.969 39.404
25.616 4.916 0.013 1.481 0.009 41.961 39.403
26.623 4.921 0.013 1.468 0.009 41.955 39.403
27.630 4.922 0.014 1.456 0.009 41.947 39.401
28.637 4.925 0.014 1.441 0.009 41.940 39.400
29.645 4.928 0.014 1.428 0.009 41.933 39.398
30.652 4.931 0.015 1.415 0.009 41.926 39.397
31.659 4.933 0.015 1.402 0.009 41.918 39.396
32.666 4.943 0.015 1.381 0.009 41.909 39.393
33.674 4.937 0.015 1.370 0.009 41.900 39.391
34.681 4.918 0.016 1.365 0.010 41.890 39.391
35.688 4.908 0.016 1.356 0.010 41.881 39.390
36.695 4.897 0.016 1.348 0.010 41.872 39.389
37.703 4.884 0.016 1.340 0.010 41.862 39.388
38.710 4.871 0.016 1.331 0.010 41.852 39.387
39.717 4.858 0.017 1.322 0.010 41.841 39.385
40.724 4.845 0.017 1.313 0.010 41.830 39.384
41.731 4.830 0.017 1.304 0.010 41.819 39.383
42.739 4.801 0.017 1.300 0.011 41.806 39.382
43.746 4.755 0.017 1.301 0.011 41.790 39.380
44.753 4.709 0.017 1.302 0.011 41.774 39.379
45.760 4.662 0.017 1.304 0.011 41.758 39.379
46.768 4.614 0.017 1.307 0.011 41.742 39.379
47.775 4.573 0.017 1.282 0.012 41.710 39.364
48.782 4.535 0.018 1.243 0.011 41.668 39.340
49.789 4.509 0.018 1.196 0.011 41.624 39.311
50.797 4.520 0.019 1.125 0.011 41.575 39.272
51.804 4.563 0.020 1.036 0.011 41.521 39.224
52.811 4.588 0.021 0.962 0.010 41.465 39.179
53.818 4.564 0.023 0.938 0.011 41.434 39.165
54.825 4.711 0.027 0.848 0.011 41.402 39.172
55.833 4.696 0.027 0.847 0.011 41.395 39.178
56.840 4.680 0.027 0.845 0.011 41.388 39.184
57.847 4.663 0.028 0.844 0.012 41.381 39.191
58.854 4.647 0.028 0.844 0.012 41.374 39.197
59.862 4.630 0.028 0.843 0.012 41.367 39.204
60.869 4.612 0.029 0.842 0.012 41.359 39.211
61.876 4.594 0.029 0.842 0.013 41.352 39.217
62.883 4.577 0.029 0.842 0.013 41.345 39.224
63.891 4.558 0.030 0.842 0.013 41.338 39.231
64.898 4.540 0.030 0.842 0.013 41.331 39.237
65.905 4.521 0.030 0.842 0.014 41.324 39.244
66.912 4.502 0.030 0.842 0.014 41.317 39.250
67.919 4.493 0.031 0.829 0.014 41.301 39.246
68.927 4.484 0.032 0.815 0.014 41.281 39.240
69.934 4.480 0.032 0.798 0.014 41.262 39.232
70.941 4.479 0.033 0.781 0.014 41.243 39.224
71.948 4.493 0.034 0.765 0.014 41.230 39.219
72.956 4.516 0.035 0.748 0.014 41.220 39.215
73.963 4.539 0.036 0.731 0.014 41.209 39.211
74.970 4.562 0.037 0.714 0.014 41.197 39.207
75.977 4.585 0.038 0.698 0.014 41.187 39.203
76.985 4.609 0.040 0.683 0.014 41.176 39.199
77.992 4.633 0.041 0.667 0.014 41.165 39.195
78.999 4.636 0.042 0.662 0.014 41.159 39.198
80.006 4.634 0.043 0.659 0.014 41.154 39.204
81.013 4.631 0.044 0.656 0.015 41.150 39.210
82.021 4.629 0.045 0.653 0.015 41.145 39.215
83.028 4.622 0.047 0.644 0.016 41.130 39.236
84.035 4.600 0.047 0.647 0.016 41.125 39.244
85.042 4.575 0.048 0.650 0.016 41.120 39.253
86.050 4.549 0.048 0.654 0.017 41.116 39.261
87.057 4.524 0.049 0.658 0.017 41.111 39.270
88.064 4.499 0.049 0.661 0.018 41.106 39.278
89.071 4.474 0.049 0.665 0.018 41.101 39.287
90.079 4.450 0.050 0.669 0.019 41.097 39.295
91.086 6.248 0.216 0.359 0.021 41.145 39.587
92.093 6.247 0.221 0.357 0.021 41.142 39.593
93.100 6.246 0.225 0.356 0.021 41.139 39.599
94.107 6.245 0.230 0.355 0.022 41.136 39.604
95.115 6.244 0.235 0.354 0.022 41.133 39.610
96.122 6.243 0.239 0.353 0.023 41.129 39.615
97.129 6.242 0.244 0.352 0.023 41.126 39.621
98.136 6.241 0.249 0.350 0.023 41.123 39.626
99.144 6.240 0.253 0.349 0.024 41.120 39.631
100.151 6.239 0.258 0.348 0.024 41.117 39.636
101.158 6.239 0.263 0.347 0.024 41.114 39.641
102.165 6.238 0.268 0.346 0.025 41.110 39.646
