"Time (MJD)" "Bol. Lum" "Bol. Err"
-45.918 42.134 39.875
-44.914 42.132 39.842
-43.91 42.129 39.812
-42.905 42.127 39.785
-41.901 42.126 39.763
-40.897 42.124 39.743
-39.893 42.124 39.727
-38.889 42.117 39.709
-37.884 42.111 39.694
-36.88 42.108 39.683
-35.876 42.105 39.673
-34.872 42.102 39.666
-33.867 42.1 39.659
-32.863 42.099 39.654
-31.859 42.097 39.65
-30.855 42.096 39.647
-29.85 42.095 39.645
-28.846 42.094 39.645
-27.842 42.093 39.645
-26.838 42.093 39.648
-25.833 42.093 39.651
-24.829 42.094 39.656
-23.825 42.098 39.663
-22.821 42.104 39.672
-21.816 42.109 39.682
-20.812 42.11 39.685
-19.808 42.111 39.689
-18.804 42.112 39.692
-17.8 42.114 39.696
-16.795 42.102 39.695
-15.791 42.091 39.696
-14.787 42.107 39.707
-13.783 42.122 39.719
-12.778 42.135 39.731
-11.774 42.134 39.732
-10.77 42.132 39.733
-9.766 42.131 39.737
-8.761 42.133 39.745
-7.757 42.149 39.768
-6.753 42.14 39.75
-5.749 42.132 39.734
-4.744 42.136 39.748
-3.74 42.14 39.762
-2.736 42.132 39.759
-1.732 42.139 39.771
-0.727 42.145 39.782
0.277 42.151 39.793
1.281 42.151 39.794
2.285 42.151 39.796
3.289 42.151 39.798
4.294 42.151 39.8
5.298 42.151 39.802
6.302 42.151 39.804
7.306 42.151 39.804
8.311 42.144 39.793
9.315 42.138 39.783
10.319 42.154 39.821
11.323 42.129 39.778
12.328 42.139 39.804
13.332 42.15 39.828
14.336 42.15 39.834
15.34 42.151 39.84
16.345 42.152 39.847
17.349 42.152 39.854
18.353 42.153 39.861
19.357 42.154 39.869
20.361 42.154 39.876
21.366 42.151 39.879
22.37 42.148 39.882
23.374 42.146 39.887
24.378 42.15 39.901
25.383 42.152 39.911
26.387 42.138 39.899
27.391 42.125 39.887
28.395 42.112 39.875
29.4 42.1 39.864
30.404 42.089 39.856
31.408 42.087 39.871
32.412 42.085 39.885
33.417 42.083 39.901
34.421 42.081 39.916
35.425 42.079 39.931
36.429 42.077 39.947
37.434 42.076 39.963
38.438 42.072 39.977
39.442 42.073 39.994
40.446 42.084 40.017
41.45 42.09 40.035
42.455 42.081 40.039
43.459 42.072 40.044
44.463 42.062 40.048
45.467 42.053 40.051
46.472 42.044 40.055
47.476 42.035 40.059
48.48 42.025 40.062
49.484 42.016 40.065
50.489 42.007 40.068
51.493 41.998 40.07
52.497 41.989 40.073
53.501 41.98 40.075
54.506 41.971 40.076
55.51 41.962 40.078
56.514 41.953 40.079
57.518 41.944 40.08
58.523 41.935 40.081
59.527 41.926 40.081
60.531 41.917 40.081
61.535 41.908 40.081
62.539 41.899 40.081
63.544 41.89 40.08
64.548 41.881 40.079
65.552 41.872 40.078
66.556 41.863 40.076
67.561 41.854 40.075
68.565 41.846 40.073
69.569 41.837 40.071
70.573 41.828 40.068
71.578 41.819 40.066
73.586 41.793 40.056
74.59 41.784 40.053
75.595 41.775 40.049
76.599 41.766 40.045
77.603 41.758 40.041
78.607 41.749 40.036
79.611 41.74 40.032
80.616 41.731 40.027
81.62 41.723 40.022
82.624 41.714 40.017
83.628 41.705 40.012
84.633 41.696 40.006
85.637 41.688 40.0
86.641 41.679 39.994
87.645 41.67 39.988
88.65 41.662 39.982
89.654 41.653 39.975
90.658 41.644 39.968
91.662 41.635 39.961
92.667 41.627 39.954
93.671 41.618 39.947
94.675 41.609 39.94
95.679 41.601 39.932
96.684 41.592 39.924
97.688 41.583 39.916
98.692 41.574 39.908
99.696 41.566 39.899
100.7 41.557 39.891
101.705 41.548 39.882
102.709 41.54 39.873
103.713 41.531 39.864
104.717 41.522 39.854
105.722 41.513 39.845
106.726 41.505 39.835
107.73 41.496 39.825
108.734 41.487 39.815
109.739 41.479 39.805
110.743 41.47 39.794
111.747 41.461 39.783
112.751 41.453 39.773
113.756 41.444 39.761
114.76 41.435 39.75
115.764 41.426 39.738
116.768 41.418 39.727
117.773 41.409 39.715
118.777 41.4 39.702
119.781 41.392 39.69
120.785 41.383 39.677
121.789 41.374 39.664
122.794 41.365 39.651
123.798 41.357 39.638
124.802 41.348 39.624
125.806 41.339 39.61
126.811 41.331 39.596
127.815 41.322 39.581
128.819 41.313 39.566
129.823 41.304 39.551
130.828 41.296 39.536
131.832 41.287 39.52
132.836 41.278 39.505
133.84 41.27 39.488
134.845 41.261 39.472
135.849 41.252 39.455
136.853 41.244 39.438
137.857 41.235 39.42
138.861 41.226 39.402
139.866 41.217 39.384
140.87 41.209 39.365
141.874 41.2 39.347
142.878 41.191 39.327
143.883 41.183 39.308
144.887 41.174 39.288
145.891 41.165 39.267
146.895 41.157 39.247
147.9 41.148 39.226
148.904 41.139 39.204
149.908 41.131 39.183
150.912 41.122 39.161
151.917 41.114 39.14
152.921 41.117 39.134
153.925 41.119 39.122
154.929 41.12 39.109
155.934 41.122 39.096
156.938 41.124 39.083
157.942 41.126 39.07
158.946 41.128 39.058
159.95 41.146 39.072
160.955 41.144 39.057
161.959 41.142 39.042
162.963 41.135 39.017
163.967 41.128 38.992
164.972 41.12 38.97
165.976 41.113 38.964
166.98 41.111 38.955
167.984 41.109 38.947
168.989 41.106 38.941
169.993 41.099 38.932
170.997 41.094 38.925
172.001 41.104 38.927
173.006 41.114 38.933
174.01 41.121 38.938
175.014 41.09 38.913
176.018 41.06 38.893
177.023 41.034 38.882
178.027 41.031 38.893
179.031 41.033 38.899
180.035 41.039 38.91
181.039 41.044 38.924
182.044 41.05 38.941
183.048 41.056 38.959
184.052 41.052 38.971
185.056 41.048 38.983
186.061 41.041 38.994
187.065 41.034 39.005
188.069 41.027 39.016
189.073 41.021 39.028
190.078 41.014 39.04
191.082 41.007 39.052
