"Time (MJD)" "Temp./1e3 (K)" "Temp. Err." "Radius/1e15 (cm)" "Radius Err." "Bol. Lum" "Bol. Err"
-16.926 9.317 0.145 0.783 0.020 42.518 40.707
-15.920 8.757 0.123 0.886 0.021 42.517 40.607
-14.913 8.269 0.106 1.000 0.023 42.523 40.523
-13.907 7.930 0.096 1.106 0.025 42.537 40.480
-12.901 7.689 0.087 1.158 0.025 42.524 40.428
-11.894 7.464 0.079 1.211 0.025 42.511 40.390
-10.888 7.253 0.073 1.264 0.026 42.499 40.366
-9.881 7.056 0.067 1.320 0.026 42.488 40.352
-8.875 6.871 0.062 1.376 0.027 42.478 40.347
-7.868 6.697 0.058 1.434 0.027 42.469 40.348
-6.862 6.534 0.054 1.493 0.028 42.461 40.353
-5.856 6.380 0.050 1.553 0.028 42.454 40.360
-4.849 6.235 0.047 1.614 0.029 42.448 40.368
-3.843 6.097 0.045 1.676 0.029 42.442 40.376
-2.836 5.938 0.042 1.746 0.030 42.431 40.385
-1.830 5.789 0.039 1.816 0.031 42.422 40.393
-0.824 5.649 0.037 1.888 0.032 42.413 40.401
0.183 5.517 0.035 1.960 0.033 42.404 40.409
1.189 5.398 0.033 2.022 0.034 42.393 40.412
2.196 5.284 0.032 2.085 0.034 42.383 40.415
3.202 5.175 0.030 2.150 0.035 42.373 40.418
4.208 5.071 0.029 2.216 0.036 42.364 40.421
5.215 4.971 0.027 2.283 0.037 42.356 40.423
6.221 4.875 0.026 2.352 0.038 42.348 40.426
7.228 4.783 0.025 2.423 0.039 42.341 40.429
8.234 4.695 0.024 2.496 0.040 42.334 40.431
9.241 4.610 0.023 2.570 0.040 42.327 40.434
10.247 4.528 0.022 2.646 0.041 42.322 40.436
11.253 4.450 0.021 2.724 0.042 42.316 40.438
12.260 4.374 0.020 2.803 0.043 42.312 40.441
13.266 4.301 0.019 2.885 0.044 42.307 40.443
14.273 4.231 0.019 2.968 0.046 42.303 40.445
15.279 4.163 0.018 3.053 0.047 42.300 40.447
16.285 4.118 0.018 3.107 0.047 42.296 40.447
17.292 4.115 0.018 3.098 0.047 42.292 40.443
18.298 4.112 0.018 3.089 0.047 42.288 40.438
19.305 4.109 0.018 3.079 0.047 42.285 40.433
20.311 4.106 0.018 3.070 0.047 42.281 40.428
21.317 4.103 0.018 3.060 0.046 42.277 40.422
22.324 4.101 0.018 3.050 0.046 42.273 40.417
23.330 4.098 0.018 3.040 0.046 42.269 40.411
24.337 4.096 0.018 3.030 0.046 42.265 40.405
25.343 4.093 0.018 3.020 0.046 42.261 40.399
26.349 4.091 0.018 3.011 0.046 42.257 40.393
27.356 4.089 0.018 3.001 0.045 42.254 40.386
28.362 4.086 0.018 2.991 0.045 42.250 40.380
29.369 4.084 0.018 2.981 0.045 42.246 40.373
30.375 4.082 0.018 2.971 0.045 42.242 40.366
31.382 4.079 0.018 2.962 0.044 42.238 40.358
32.388 4.077 0.018 2.952 0.044 42.234 40.351
33.394 4.075 0.018 2.943 0.044 42.231 40.343
34.401 4.072 0.018 2.933 0.043 42.227 40.335
35.407 4.070 0.018 2.924 0.043 42.223 40.327
36.414 4.067 0.018 2.915 0.042 42.219 40.318
37.420 4.065 0.018 2.906 0.042 42.215 40.309
38.426 4.062 0.018 2.897 0.042 42.212 40.300
39.433 4.060 0.018 2.888 0.041 42.208 40.291
40.439 4.057 0.018 2.879 0.041 42.204 40.281
41.446 4.055 0.018 2.870 0.040 42.200 40.271
42.452 4.052 0.018 2.862 0.040 42.197 40.261
43.458 4.056 0.017 2.833 0.039 42.190 40.246
44.465 4.079 0.017 2.746 0.037 42.173 40.216
45.471 4.104 0.017 2.659 0.035 42.155 40.186
46.478 4.131 0.017 2.572 0.033 42.137 40.155
47.484 4.159 0.017 2.485 0.031 42.119 40.123
48.491 4.189 0.017 2.398 0.029 42.101 40.091
49.497 4.220 0.017 2.313 0.028 42.082 40.058
50.503 4.252 0.017 2.228 0.026 42.063 40.025
51.510 4.286 0.017 2.145 0.025 42.044 39.992
52.516 4.297 0.017 2.103 0.024 42.031 39.968
53.523 4.194 0.016 2.261 0.025 42.052 39.993
54.529 4.107 0.015 2.401 0.026 42.068 40.011
55.535 4.073 0.014 2.405 0.026 42.055 39.992
56.542 4.065 0.014 2.400 0.025 42.049 39.979
57.548 4.056 0.014 2.396 0.025 42.044 39.966
58.555 4.049 0.014 2.386 0.024 42.038 39.952
59.561 4.052 0.013 2.351 0.024 42.026 39.932
60.567 4.055 0.013 2.317 0.023 42.015 39.912
62.580 4.063 0.013 2.218 0.021 41.980 39.854
63.587 4.075 0.013 2.156 0.020 41.961 39.824
64.593 4.109 0.013 2.021 0.018 41.919 39.768
65.599 4.054 0.012 2.116 0.019 41.935 39.787
66.606 3.993 0.012 2.214 0.020 41.948 39.804
67.612 3.919 0.012 2.274 0.020 41.939 39.803
68.619 3.903 0.011 2.169 0.019 41.891 39.752
69.625 3.886 0.011 2.068 0.018 41.842 39.701
70.632 3.869 0.011 1.972 0.017 41.793 39.651
71.638 3.853 0.011 1.881 0.016 41.745 39.601
72.644 3.836 0.011 1.795 0.016 41.696 39.551
73.651 3.819 0.010 1.712 0.015 41.648 39.501
74.657 3.802 0.010 1.634 0.014 41.599 39.452
75.664 3.785 0.010 1.559 0.013 41.551 39.403
76.670 3.768 0.010 1.488 0.013 41.503 39.354
77.676 3.752 0.010 1.420 0.012 41.454 39.306
78.683 3.735 0.010 1.355 0.011 41.406 39.257
79.689 3.728 0.010 1.287 0.011 41.358 39.209
80.696 3.758 0.010 1.202 0.010 41.313 39.160
81.702 3.762 0.010 1.160 0.010 41.283 39.128
82.708 3.738 0.010 1.157 0.010 41.270 39.116
83.715 3.716 0.010 1.153 0.010 41.257 39.104
84.721 3.685 0.009 1.172 0.010 41.256 39.106
85.728 3.705 0.010 1.148 0.010 41.248 39.096
86.734 3.822 0.011 1.023 0.009 41.202 39.041
87.741 3.802 0.011 1.027 0.009 41.196 39.039
88.747 3.816 0.011 1.007 0.009 41.185 39.025
89.753 3.830 0.011 0.987 0.009 41.175 39.011
90.760 3.845 0.011 0.968 0.008 41.164 38.997
91.766 3.838 0.011 0.971 0.008 41.164 38.997
92.773 3.791 0.011 1.009 0.009 41.176 39.013
93.779 3.691 0.010 1.085 0.009 41.192 39.036
94.785 3.676 0.009 1.089 0.009 41.188 39.027
95.792 3.701 0.010 1.067 0.009 41.182 39.013
96.798 3.704 0.010 1.051 0.009 41.171 39.000
97.805 3.726 0.010 1.012 0.008 41.148 38.974
98.811 3.744 0.010 0.991 0.008 41.138 38.958
99.817 3.755 0.010 0.977 0.008 41.131 38.947
100.824 3.758 0.010 0.970 0.008 41.126 38.941
101.830 3.762 0.010 0.963 0.008 41.121 38.935
102.837 3.765 0.010 0.956 0.008 41.117 38.929
103.843 3.769 0.010 0.949 0.008 41.112 38.922
104.849 3.772 0.010 0.942 0.008 41.107 38.916
105.856 3.776 0.010 0.935 0.007 41.102 38.909
106.862 3.780 0.010 0.927 0.007 41.097 38.902
107.869 3.809 0.010 0.892 0.007 41.077 38.875
108.875 3.863 0.010 0.835 0.007 41.043 38.831
109.882 3.851 0.010 0.837 0.007 41.041 38.828
110.888 3.845 0.010 0.849 0.007 41.051 38.838
111.894 3.857 0.011 0.838 0.007 41.044 38.834
112.901 3.840 0.011 0.840 0.007 41.038 38.833
113.907 3.830 0.011 0.839 0.007 41.033 38.827
114.914 3.820 0.010 0.839 0.007 41.029 38.820
115.920 3.810 0.010 0.839 0.007 41.024 38.814
116.926 3.801 0.010 0.838 0.007 41.019 38.808
117.933 3.791 0.010 0.838 0.007 41.014 38.801
118.939 3.782 0.010 0.837 0.007 41.009 38.796
119.946 3.779 0.010 0.835 0.007 41.006 38.792
120.952 3.780 0.010 0.833 0.007 41.004 38.792
121.958 3.751 0.010 0.844 0.007 41.002 38.791
122.965 3.681 0.010 0.878 0.007 41.004 38.796
123.971 3.635 0.009 0.901 0.007 41.005 38.810
124.978 3.745 0.011 0.817 0.007 40.971 38.772
125.984 3.841 0.011 0.749 0.006 40.940 38.729
126.991 3.835 0.011 0.756 0.006 40.945 38.739
127.997 3.840 0.011 0.752 0.006 40.942 38.744
129.003 3.846 0.012 0.733 0.006 40.923 38.732
130.010 3.837 0.012 0.743 0.007 40.931 38.756
131.016 3.838 0.012 0.747 0.007 40.936 38.775
132.023 3.855 0.013 0.729 0.007 40.922 38.774
133.029 3.872 0.014 0.711 0.007 40.909 38.773
134.035 3.888 0.014 0.695 0.007 40.895 38.774
135.042 3.905 0.015 0.678 0.007 40.882 38.775
136.048 3.951 0.016 0.650 0.007 40.865 38.771
137.055 3.951 0.016 0.646 0.008 40.860 38.784
138.061 3.855 0.016 0.685 0.008 40.868 38.822
139.067 3.898 0.017 0.666 0.008 40.863 38.831
140.074 3.897 0.018 0.658 0.009 40.852 38.843
