58976.17 15.55 0.04
58977.19 15.143 0.029
58978.193 14.925 0.016
58979.191 14.805 0.014
58981.196 14.741 0.014
58982.195 14.763 0.014
58983.221 14.822 0.015
58984.196 14.863 0.018
58985.196 14.839 0.015
58986.197 14.815 0.016
58988.199 14.827 0.015
58989.233 14.815 0.015
58990.201 14.786 0.014
58991.198 14.794 0.013
58992.199 14.808 0.015
58994.203 14.806 0.015
58995.202 14.809 0.014
58996.282 14.812 0.013
59000.283 14.766 0.028
59001.286 14.742 0.059
59002.262 14.759 0.022
59004.262 14.8 0.026
59007.262 14.8 0.017
59008.262 14.74 0.019
59010.262 14.792 0.015
59011.266 14.769 0.015
59012.267 14.777 0.014
59013.264 14.774 0.013
59014.267 14.789 0.017
59015.266 14.791 0.013
59016.266 14.798 0.016
59018.268 14.835 0.014
59022.23 14.841 0.012
59023.298 14.844 0.02
59027.274 14.878 0.023
59028.275 14.901 0.038
59030.272 14.95 0.031
59031.271 15.008 0.024
59032.273 14.992 0.02
59033.271 15.02 0.02
59034.273 15.127 0.022
59035.27 15.144 0.026
59036.272 15.15 0.051
59037.273 15.316 0.03
58979.33 14.789 0.004
58983.29 14.805 0.004
59008.3 14.766 0.004
59015.28 14.759 0.003
59032.28 14.983 0.004
59041.28 15.796 0.005
59211.66 18.537 0.044
59216.65 18.815 0.072
59243.58 19.309 0.103
59269.52 19.78 0.162
59277.54 20.013 0.136
59305.48 19.97 0.243
59323.36 20.4 0.184
59333.31 20.26 0.183
59353.37 20.758 0.294
59360.33 20.796 0.34
59365.34 21.442 0.365
59391.28 21.222 0.335
59394.29 21.958 0.573
