58976.09662037037 14.356837662524287 0.054204019960635334
58977.700057870374 14.246176972333641 0.054168817225382804
58978.23037037037 14.3958982062447 0.054154038173223416
58979.35207175926 14.505952931562213 0.05415693601956701
58979.41825231481 14.456837662524286 0.06365546626974002
58980.218460648146 14.505952931562213 0.05415693601956701
58981.616631944446 14.66690113213306 0.05420741473654307
58982.4140625 14.72729455733278 0.0542285085811125
58984.66707175926 15.008615147901413 0.06376582834811373
58985.663090277776 15.098535852452441 0.06376087154030521
58993.906331018516 16.134710791013745 0.07539760983014182
58995.55342592593 16.266868475032595 0.0864721073707187
59002.523564814815 16.992004664517548 0.0797966135490144
59007.03789351852 17.319457469129 0.09444803014531519
59012.21747685185 17.695262442488225 0.12244746533574404
59017.993472222224 18.002971205512576 0.2650308028941094
59048.0087037037 20.432414078629026 0.0
59059.02373842592 20.380343845485815 0.0
59064.00914351852 20.37296119682831 0.0
59069.12255787037 20.375160963850124 0.0
59167.5062962963 20.184255014746373 0.0
59194.925208333334 20.24381955036292 0.0
59207.273310185185 20.55191939284026 0.0
59217.02715277778 20.62773954001268 0.0
59227.123703703706 20.608025603752196 0.0
59242.991747685184 18.564977450952345 0.0
59244.12613425926 20.53229348299324 0.0
59269.07305555556 20.31975642832262 0.0
59270.41181712963 20.06698686865185 0.0
59048.0087037037 20.232414078629027 0.0
59059.02373842592 20.180343845485815 0.0
59064.00914351852 20.17296119682831 0.0
59069.12255787037 20.175160963850125 0.0
59167.5062962963 19.984255014746374 0.0
59194.925208333334 20.043819550362922 0.0
59207.273310185185 20.351919392840262 0.0
59217.02715277778 20.42773954001268 0.0
59227.123703703706 20.408025603752197 0.0
59242.991747685184 18.364977450952345 0.0
59244.12613425926 20.33229348299324 0.0
59269.07305555556 20.11975642832262 0.0
59270.41181712963 19.86698686865185 0.0
58977.73 14.378 0.021
58979.41 14.504 0.017
58980.72 14.573 0.033
58982.705 14.767 0.021
58984.718 14.973 0.019
58986.476 15.255 0.018
58986.74 15.238 0.024
58988.538 15.528 0.023
58989.888 15.693 0.019
58991.698 15.881 0.021
58993.422 16.083 0.019
58996.528 16.408 0.039
58999.723 16.711 0.021
59002.792 17.061 0.039
59003.337 16.981 0.041
59004.806 17.163 0.032
59006.473 17.219 0.033
59007.827 17.347 0.033
59009.747 17.494 0.031
59012.361 17.71 0.026
59013.834 17.737 0.048
59014.788 17.78 0.025
59025.716 18.692 0.101
59031.695 19.114 0.167
59038.771 19.624 0.224
