58976.09471064815 14.855099054390477 0.05858882108038952
58977.69920138889 14.895290880823488 0.05859954147369431
58978.228310185186 14.965644150346781 0.05861932468519915
58979.35023148148 15.126543018969056 0.0586698979093669
58979.41689814815 15.307727067922457 0.05873703404669302
58980.215949074074 15.146665036900904 0.058676789179253036
58981.61565972222 15.630388342137815 0.05889007787498411
58982.41232638889 15.711186794769317 0.058936574960765264
58984.665555555555 16.18729516357171 0.06820729186524213
58985.66207175926 16.339881098870954 0.07762111890372862
58993.90462962963 18.452009329600013 0.13039975510486948
58995.55174768518 18.72730196803498 0.14672711820345477
59002.521631944444 19.40368676562236 0.15743445309548507
59007.036203703705 19.604836935854543 0.16761018890478047
59012.21574074074 20.219133327018987 0.27454271277424713
59017.992164351854 19.831274441684194 0.34664171453688186
59048.00653935185 20.881734821419936 0.0
59059.021145833336 20.86281592040962 0.0
59064.006261574075 20.870043207674065 0.0
59069.120150462964 20.93544180703237 0.0
59167.503287037034 20.736927713718774 0.0
59194.92215277778 20.788657728404964 0.0
59207.271516203706 20.993517774440594 0.0
59217.02563657407 20.936403712391186 0.0
59227.120729166665 20.984570557302433 0.0
59242.99012731481 19.11320844806281 0.0
59244.12416666667 20.97552373321671 0.0
59269.06988425926 20.888661403101914 0.0
59270.410266203704 20.583123978359836 0.0
