58975.203 16.015 0.036
58976.111 15.077 0.015
58976.161 15.063 0.016
58976.301 15.043 0.076
58977.183 14.773 0.011
58977.548 14.759 0.013
58977.733 14.651 0.011
58978.182 14.617 0.012
58978.248 14.64 0.036
58978.496 14.605 0.009
58979.183 14.542 0.009
58979.413 14.548 0.008
58980.514 14.496 0.01
58980.723 14.484 0.014
58981.183 14.511 0.01
58981.249 14.449 0.033
58982.183 14.514 0.009
58983.212 14.518 0.009
58984.721 14.513 0.009
58985.185 14.527 0.011
58986.188 14.542 0.009
58986.256 14.547 0.03
58986.743 14.526 0.012
58988.19 14.552 0.01
58988.541 14.559 0.014
58989.225 14.538 0.01
58989.867 14.485 0.009
58989.891 14.509 0.008
58990.193 14.54 0.01
58991.189 14.503 0.009
58991.701 14.494 0.009
58992.191 14.536 0.01
58992.234 14.497 0.025
58993.425 14.556 0.008
58994.194 14.559 0.009
58995.194 14.548 0.009
58995.229 14.555 0.022
58996.272 14.55 0.009
58996.531 14.663 0.03
58998.225 14.562 0.028
58999.726 14.561 0.01
59000.275 14.585 0.015
59001.277 14.564 0.02
59002.254 14.621 0.013
59002.795 14.615 0.013
59003.269 14.656 0.03
59003.34 14.658 0.012
59004.254 14.631 0.016
59004.809 14.591 0.011
59006.476 14.627 0.009
59007.254 14.646 0.014
59007.83 14.604 0.01
59008.254 14.65 0.013
59009.75 14.646 0.008
59010.256 14.745 0.015
59011.254 14.68 0.011
59012.254 14.69 0.009
59012.364 14.649 0.008
59013.256 14.701 0.009
59014.254 14.679 0.011
59014.791 14.669 0.008
59015.242 14.754 0.036
59015.258 14.71 0.01
59016.256 14.734 0.01
59017.235 14.684 0.025
59018.258 14.738 0.009
59020.236 14.713 0.039
59022.223 14.791 0.008
59023.219 14.785 0.036
59023.288 14.803 0.01
59023.779 14.758 0.006
59025.719 14.822 0.006
59027.262 14.885 0.013
59028.262 14.877 0.02
59030.261 14.946 0.015
59031.264 14.986 0.014
59031.698 14.946 0.007
59032.262 15.004 0.013
59033.176 14.978 0.023
59033.265 14.963 0.014
59034.262 15.082 0.014
59035.264 15.155 0.017
59036.224 15.239 0.037
59036.263 15.268 0.022
59037.26 15.3 0.018
59038.774 15.447 0.006
59050.746 16.466 0.013
59060.368 16.602 0.018
59163.487 17.745 0.106
59169.477 17.753 0.014
59176.562 17.936 0.078
59180.507 17.98 0.041
59180.561 17.976 0.122
59184.507 18.133 0.074
59188.511 18.178 0.08
59194.516 18.281 0.07
59196.577 18.167 0.102
59197.576 18.202 0.064
59198.485 18.326 0.081
59199.541 18.229 0.052
59200.525 18.342 0.12
59201.546 18.478 0.064
59203.499 18.505 0.091
59203.534 18.492 0.056
59209.296 18.377 0.021
59215.272 18.557 0.092
59216.515 18.62 0.124
59221.265 18.611 0.024
59221.444 18.668 0.097
59223.468 18.792 0.112
59227.25 18.676 0.048
59227.379 18.813 0.077
59229.433 18.773 0.128
59229.52 18.695 0.051
59231.483 18.914 0.083
59237.314 18.878 0.055
59245.433 19.26 0.068
59249.413 19.233 0.157
59250.271 19.297 0.075
59251.462 19.311 0.096
59253.487 19.289 0.104
59255.04 19.345 0.081
59255.416 19.424 0.106
59261.38 19.544 0.053
59262.361 19.549 0.121
59264.373 19.505 0.104
59266.199 19.508 0.055
59268.352 19.615 0.163
59283.145 19.753 0.104
59285.242 19.755 0.041
59288.072 19.897 0.244
58979.33 14.681 0.003
58986.27 14.577 0.003
59004.31 14.625 0.003
59008.29 14.673 0.003
59011.29 14.684 0.003
59032.28 14.999 0.003
59034.3 15.128 0.004
59039.3 15.584 0.005
59041.28 15.918 0.004
59048.28 16.57 0.007
59211.66 18.531 0.037
59216.65 18.594 0.048
59231.6 18.923 0.038
59243.57 19.109 0.082
59262.57 19.533 0.047
59267.57 19.672 0.062
59269.53 19.824 0.142
59277.54 19.781 0.074
59305.48 20.673 0.322
59316.44 20.502 0.173
59332.29 20.608 0.206
59333.31 20.841 0.206
59335.4 21.002 0.246
59346.29 21.351 0.235
59349.31 21.7 0.45
59360.33 20.834 0.341
59363.33 21.52 0.272
59365.34 21.338 0.229
59371.32 20.948 0.367
59377.29 21.623 0.263
59387.28 20.714 0.558
59388.29 21.784 0.518
59389.29 21.54 0.639
59391.28 21.597 0.342
59393.28 21.805 0.328
59394.29 22.026 0.422
59401.29 21.543 0.332
59405.3 21.069 0.426
