58976.097592592596 14.955411668050555 0.045408699748955186
58977.700370370374 14.76292269020851 0.05452447131766157
58978.231087962966 14.76292269020851 0.05452447131766157
58979.352743055555 14.71233775588962 0.05449263929202252
58979.41873842593 14.71353552957785 0.06406514419050525
58980.2193287037 14.681999652761526 0.054474299328538665
58981.61699074074 14.73378877851725 0.05457184348762746
58982.4146875 14.7831644033108 0.054537663429885835
58984.66761574074 14.803410665529213 0.05455112675099164
58985.66347222222 14.843917185714396 0.06408915666753658
58993.90693287037 15.219619546253293 0.06445382698426644
58995.55401620371 15.301134452056722 0.06455256486109147
59002.524247685185 15.679834878295821 0.05550124878290434
59007.0384837963 15.803375592001219 0.05571953212772837
59012.218090277776 15.916995512808915 0.05594762147655846
59017.993935185186 16.082987288323814 0.08599496322652075
59048.00945601852 16.84860616349419 0.19162031432638693
59059.02462962963 17.13393359377619 0.20415021911483458
59064.01013888889 17.245597911525575 0.23601951657104314
59069.123391203706 17.461487974159898 0.19900125480707695
59167.50732638889 19.199334002233236 0.0
59194.92627314815 19.40615952340857 0.0
59207.27394675926 19.689495764645624 0.0
59217.02768518519 19.76812100795209 0.0
59227.12474537037 19.7485603315676 0.0
59242.99232638889 19.716271428792126 0.0
59244.12681712963 19.70767189353439 0.0
59269.07414351852 19.40634215869342 0.0
59270.41236111111 19.1822673499285 0.0
58977.545 14.695 0.023
58978.493 14.712 0.019
58980.511 14.709 0.014
58989.864 15.086 0.015
59003.264 15.781 0.086
59023.775 16.076 0.009
