58976.164 15.27 0.02
58976.302 15.278 0.02
58977.185 14.939 0.011
58977.549 14.884 0.014
58977.734 14.849 0.01
58978.185 14.755 0.01
58978.497 14.769 0.01
58979.19 14.672 0.009
58979.365 14.653 0.04
58979.414 14.672 0.008
58980.515 14.621 0.009
58980.724 14.624 0.015
58981.19 14.596 0.01
58982.191 14.659 0.009
58983.218 14.675 0.01
58984.189 14.691 0.012
58984.722 14.736 0.009
58985.193 14.733 0.01
58986.194 14.658 0.036
58986.744 14.699 0.013
58988.194 14.739 0.01
58988.542 14.77 0.014
58989.228 14.711 0.01
58989.892 14.729 0.008
58990.194 14.736 0.01
58991.194 14.694 0.009
58991.702 14.713 0.009
58992.194 14.692 0.01
58993.426 14.753 0.008
58994.196 14.692 0.01
58995.196 14.7 0.01
58996.279 14.71 0.009
58999.727 14.694 0.009
59000.278 14.686 0.017
59001.28 14.668 0.027
59002.256 14.709 0.013
59002.796 14.732 0.014
59003.271 14.72 0.03
59003.341 14.772 0.011
59004.257 14.723 0.02
59004.81 14.657 0.01
59006.477 14.72 0.008
59007.258 14.71 0.013
59007.831 14.698 0.009
59008.259 14.773 0.044
59009.751 14.733 0.009
59010.26 14.691 0.011
59011.262 14.718 0.01
59012.259 14.728 0.009
59012.365 14.715 0.009
59013.262 14.739 0.008
59014.262 14.731 0.012
59014.792 14.713 0.008
59015.244 14.804 0.032
59015.263 14.751 0.009
59016.261 14.761 0.009
59018.263 14.775 0.01
59022.225 14.824 0.009
59023.222 14.826 0.031
59023.296 14.846 0.012
59025.72 14.911 0.006
59027.268 14.847 0.014
59028.266 14.84 0.022
59030.269 14.931 0.017
59031.269 14.975 0.015
59031.699 14.98 0.007
59032.265 14.978 0.013
59033.266 15.048 0.014
59034.266 15.094 0.014
59035.267 15.149 0.02
59036.227 15.221 0.035
59036.267 15.178 0.02
59037.268 15.282 0.02
59038.775 15.473 0.006
59050.747 16.628 0.016
59060.369 16.802 0.025
59169.479 18.161 0.023
59180.508 18.251 0.079
59189.733 18.352 0.129
59209.299 18.628 0.025
59215.273 18.714 0.089
59221.269 18.796 0.032
59227.251 18.865 0.063
59229.521 18.831 0.065
59237.315 18.972 0.059
59245.435 18.941 0.068
59250.272 19.107 0.063
59255.041 19.014 0.078
59261.381 19.076 0.063
59266.2 19.176 0.069
59271.164 19.214 0.286
59283.146 19.343 0.144
59288.075 19.503 0.286
58990.27 14.694 0.003
59004.31 14.687 0.003
59011.29 14.688 0.003
59018.31 14.723 0.004
59034.3 15.082 0.004
59039.3 15.54 0.004
59044.27 16.454 0.008
59195.59 18.566 0.028
59267.57 19.479 0.064
59295.42 19.799 0.1
59332.29 20.667 0.218
59335.4 20.476 0.189
59338.29 20.767 0.255
59363.33 21.577 0.303
59367.33 21.099 0.198
59374.31 21.05 0.255
59379.34 21.369 0.312
59387.28 20.737 0.567
59389.28 21.136 0.322
59393.28 21.48 0.272
59400.29 21.771 0.496
59402.29 21.932 0.519
59404.28 21.585 0.365
