58976.102326388886 14.841777660449136 0.06383278259339951
58977.70209490741 14.431885253814828 0.06263742994609131
58978.235243055555 14.442089829549941 0.06265980641934915
58979.356458333335 14.450316025941484 0.06246911116989485
58979.421435185184 14.472715223454534 0.07273552188422144
58980.22436342593 14.429941790196787 0.05250072361048855
58981.618946759256 14.472715223454534 0.06272883049932208
58982.41819444444 14.452296337291491 0.06268249541368041
58984.67065972222 14.505638911358691 0.07307474545270676
58985.66552083333 14.554471865064817 0.08300001518534375
58993.91037037037 14.623797575372816 0.06285048791166384
58995.55741898148 14.564700895741241 0.07296398097571899
59002.528136574074 14.636366010473173 0.05322797188679349
59007.041875 14.697883458897032 0.05341642735371208
59012.22158564815 14.749215402064506 0.05358703349574462
59017.99655092593 14.918408692050004 0.08348634091958498
59048.01378472222 17.194707331046093 0.21439609824694134
59059.02982638889 17.47810159183959 0.19297661149972434
59064.01592592592 17.500910805643517 0.23643064899773114
59069.12820601852 17.568545020329637 0.26687595469922215
59167.51335648148 16.53480792712105 0.0
59194.93240740741 17.0604504090973 0.0
59207.277546296296 18.612912450195267 0.0
59217.03074074074 18.644314110938417 0.0
59227.13072916667 17.87274183634162 0.0
59242.99559027778 16.856757297382995 0.0
59244.13077546296 17.786357150003937 0.0
59269.08048611111 17.441804794032713 0.0
59270.41548611111 18.283434442847696 0.0
58976.174 14.901 0.019
58977.197 14.619 0.013
58977.546 14.47 0.017
58978.196 14.416 0.012
58978.494 14.454 0.012
58979.196 14.486 0.011
58980.512 14.524 0.012
58982.197 14.449 0.012
58983.229 14.499 0.011
58984.2 14.516 0.014
58985.203 14.553 0.012
58986.2 14.566 0.011
58988.205 14.507 0.011
58989.241 14.569 0.012
58989.865 14.546 0.011
58990.204 14.582 0.012
58991.203 14.562 0.011
58992.204 14.572 0.011
58994.207 14.611 0.012
58995.205 14.71 0.011
58996.29 14.629 0.011
59000.291 14.687 0.019
59001.289 14.61 0.029
59002.267 14.717 0.016
59003.267 14.637 0.034
59004.268 14.613 0.114
59007.266 14.764 0.016
59008.268 14.765 0.017
59010.268 14.803 0.012
59011.268 14.799 0.013
59012.268 14.796 0.01
59013.268 14.828 0.01
59014.269 14.833 0.014
59015.24 14.796 0.044
59015.269 14.837 0.011
59016.269 14.871 0.013
59018.269 14.903 0.012
59022.237 14.953 0.011
59023.303 14.992 0.015
59023.777 14.936 0.007
59027.277 15.068 0.018
59028.278 15.116 0.027
59030.278 15.187 0.025
59031.278 15.189 0.023
59032.276 15.299 0.021
59033.276 15.321 0.024
59034.278 15.341 0.026
59035.278 15.428 0.034
59036.222 15.471 0.038
59036.277 15.677 0.06
59037.275 15.851 0.056
59285.222 19.859 0.047
