58975.25 15.399 0.03
58976.156 14.695 0.027
58976.3 14.516 0.044
58977.177 14.542 0.013
58977.547 14.555 0.02
58977.732 14.422 0.012
58978.176 14.466 0.013
58978.192 14.52 0.027
58978.495 14.492 0.014
58979.177 14.449 0.011
58979.412 14.435 0.009
58980.513 14.429 0.014
58980.722 14.384 0.015
58981.18 14.422 0.012
58981.199 14.439 0.02
58982.18 14.436 0.011
58982.707 14.417 0.3
58983.207 14.485 0.012
58984.181 14.475 0.014
58984.72 14.475 0.01
58985.184 14.515 0.013
58986.181 14.54 0.011
58986.192 14.617 0.023
58986.478 14.575 0.013
58986.742 14.538 0.013
58988.185 14.612 0.012
58988.54 14.626 0.014
58989.218 14.604 0.013
58989.89 14.587 0.01
58990.185 14.595 0.013
58991.186 14.622 0.01
58991.7 14.605 0.011
58992.185 14.671 0.012
58992.193 14.735 0.02
58993.424 14.738 0.009
58994.189 14.716 0.011
58995.188 14.77 0.011
58995.201 14.841 0.023
58996.268 14.824 0.011
58996.53 14.848 0.017
58998.193 14.939 0.028
58999.725 14.882 0.012
59000.269 14.914 0.017
59001.273 14.918 0.025
59002.246 14.953 0.015
59002.794 14.962 0.015
59003.339 15.031 0.013
59004.248 15.063 0.024
59004.808 14.98 0.013
59005.187 15.128 0.026
59006.475 15.061 0.012
59007.248 15.05 0.017
59007.829 15.049 0.012
59008.249 15.049 0.018
59009.231 15.168 0.022
59009.749 15.103 0.01
59010.249 15.087 0.014
59011.252 15.111 0.012
59012.251 15.139 0.01
59012.363 15.155 0.009
59013.251 15.163 0.011
59013.836 15.183 0.014
59014.2 15.282 0.022
59014.253 15.158 0.013
59014.79 15.166 0.009
59015.252 15.199 0.014
59016.252 15.231 0.012
59018.25 15.261 0.012
59020.198 15.379 0.03
59022.218 15.337 0.011
59023.214 15.445 0.024
59023.285 15.36 0.012
59025.718 15.542 0.008
59027.258 15.447 0.017
59028.257 15.546 0.028
59030.258 15.607 0.02
59031.256 15.604 0.021
59031.697 15.678 0.009
59032.257 15.665 0.021
59033.198 15.87 0.025
59033.258 15.731 0.021
59034.259 15.838 0.025
59035.259 16.013 0.036
59036.256 16.018 0.054
59037.212 16.271 0.041
59037.259 16.148 0.033
59038.773 16.373 0.008
59050.745 17.627 0.024
59060.367 17.669 0.033
59169.475 18.801 0.036
59176.516 18.927 0.11
59180.506 18.819 0.07
59188.542 18.891 0.125
59194.549 19.131 0.099
59198.526 19.072 0.117
59203.533 18.974 0.094
59203.541 19.128 0.116
59209.293 19.071 0.029
59215.271 19.049 0.142
59221.262 19.043 0.032
59221.473 19.179 0.15
59223.4 19.245 0.129
59225.465 19.311 0.143
59227.249 19.391 0.061
59227.462 19.393 0.109
59229.519 19.369 0.206
59231.305 19.271 0.063
59231.459 19.495 0.112
59237.313 19.342 0.096
59243.962 19.315 0.145
59245.43 19.343 0.089
59250.27 19.308 0.078
59255.039 19.547 0.177
59257.379 19.645 0.186
59261.379 19.695 0.153
59266.198 19.688 0.249
59268.436 19.957 0.207
58983.28 14.556 0.003
58986.27 14.665 0.003
58990.27 14.668 0.003
59015.28 15.262 0.004
59018.32 15.295 0.004
59044.27 17.515 0.017
59048.28 17.684 0.016
59195.58 19.085 0.041
59231.61 19.531 0.062
59262.57 19.821 0.064
59295.42 20.907 0.247
59316.43 20.533 0.224
59323.36 20.462 0.145
59338.28 21.36 0.339
59346.28 21.116 0.225
59349.31 21.302 0.314
59353.37 21.167 0.31
59367.33 21.639 0.297
59371.33 21.771 0.559
59374.32 21.713 0.385
59377.29 21.854 0.337
59379.33 21.284 0.273
59399.3 21.655 0.492
59401.28 22.301 0.564
59402.29 22.502 0.809
59403.28 22.247 0.545
59404.28 21.669 0.369
