58976.10329861111 14.954375723492422 0.05857009347416582
58977.702418981484 14.904178404038543 0.058557242172473906
58978.23596064815 15.054798819668793 0.058597999755815595
58979.35710648148 15.285934188216663 0.05867524588045763
58979.4219212963 15.366389284844427 0.058707173981682126
58980.22523148148 15.607975706881913 0.05882278677325664
58981.619305555556 16.19364271180682 0.059290387158299894
58982.418807870374 16.33553381320201 0.06832317850446705
58984.67119212963 16.97790903823926 0.06971095766731526
58985.66587962963 17.27659943187494 0.08010240156135161
58993.91097222222 20.177205769807365 0.3218886187083166
58995.55800925926 20.37751663450756 0.0
59002.52880787037 20.57459201910148 0.0
59007.04246527778 20.58702498495174 0.0
59012.22219907407 20.58895782143596 0.0
59017.99701388889 20.282307747816407 0.0
59048.01453703704 20.66091824249927 0.0
59059.03071759259 20.671278153725638 0.0
59064.016921296294 20.657352411521806 0.0
59069.71878472222 20.564497079248376 0.0
59167.514386574076 20.524932347811994 0.0
59194.93346064815 20.61973896429282 0.0
59207.2781712963 20.676970996925768 0.0
59217.031273148146 20.686064960208004 0.0
59227.131747685184 20.688344254825736 0.0
59242.996157407404 19.55719461570769 0.0
59244.13146990741 20.66977148991072 0.0
59269.08157407407 20.618961698983608 0.0
59270.41601851852 20.58523158636724 0.0
