58976.09857638889 15.024784341804924 0.06738128812191568
58977.700694444444 15.054918685422123 0.06738979634950304
58978.231828703705 15.39673304621584 0.06750526707634939
58979.35340277778 15.598099993562297 0.07673558638250644
58979.419224537036 15.708967221389301 0.0767986038043201
58980.22021990741 16.052283441285756 0.07704162955852012
58981.61736111111 16.528995875658058 0.07754350218462179
58982.4153125 16.651237641565622 0.07771408459778338
58984.66815972222 17.07112256091643 0.07848400688697856
58985.66385416667 17.35007335487103 0.08881739272595007
58993.90755787037 19.394198004171905 0.3089236498932862
58995.55462962963 19.91453050206329 0.23486307386952004
59002.524930555555 20.977218952273105 0.0
59007.039085648146 20.99456718996215 0.0
59012.218726851854 21.045271034245346 0.0
59017.994409722225 19.463219268881367 0.0
59048.01021990741 21.275105861712632 0.0
59059.025555555556 21.315887651434018 0.0
59064.01115740741 21.350342528300544 0.0
59069.124236111114 21.34386342837276 0.0
59167.508368055554 21.00011203511285 0.0
59194.92733796296 21.195585588078334 0.0
59207.27458333333 21.406732690237533 0.0
59217.02824074074 21.4743118151744 0.0
59227.12579861111 21.46858019933758 0.0
59242.99291666667 20.754041024955754 0.0
59244.12752314815 21.424035523031435 0.0
59269.07525462963 21.13347921713214 0.0
59270.41291666667 21.0741578335681 0.0
