MJD U Uerr B Berr V Verr Rc Rcerr Ic Icerr
2453285.1296 12.44 0.016 12.95 0.014 12.60 0.019 12.27 0.013 11.94 0.019
2453292.1162 12.88 0.032 12.50 0.027 12.16 0.027 11.88 0.029 
2453294.0844 13.20 0.010 12.62 0.014 12.22 0.016 11.91 0.015 
2453295.1031 13.15 0.011 13.21 0.013 12.62 0.013 12.23 0.020 11.88 0.015
2453296.0517 13.26 0.018 13.26 0.010 12.63 0.026 12.24 0.021 11.87 0.031
2453297.0726 13.40 0.013 13.31 0.013 12.66 0.021 12.23 0.030 11.88 0.024
2453298.1072 13.50 0.023 13.37 0.016 12.63 0.019 12.21 0.036 11.89 0.031
2453299.0677 13.63 0.010 13.41 0.013 12.23 0.019 11.90 0.018 
2453300.0543 13.72 0.012 13.47 0.009 12.67 0.014 12.22 0.018 11.88 0.020
2453301.0596 13.81 0.012 13.52 0.006 12.69 0.016 12.25 0.014 11.89 0.017
2453313.0698 14.77 0.007 13.96 0.003 12.84 0.004 12.33 0.006 11.91 0.008
2453314.0422 14.83 0.007 13.99 0.008 12.85 0.008 12.32 0.009 11.92 0.008
2453315.0699 14.89 0.006 14.02 0.006 12.87 0.007 12.33 0.010 11.90 0.014
2453316.0476 14.95 0.010 14.04 0.007 12.87 0.010 12.34 0.010 11.90 0.013
2453318.0504 15.06 0.005 14.08 0.004 12.89 0.006 12.35 0.009 11.90 0.008
2453323.0499 15.32 0.038 14.23 0.011 12.93 0.005 12.35 0.014 11.90 0.012
2453324.0431 15.37 0.010 14.21 0.003 12.93 0.010 12.35 0.008 11.90 0.009
2453326.0377 15.48 0.011 14.24 0.003 12.94 0.004 12.36 0.008 11.89 0.012
2453328.0415 15.62 0.012 14.31 0.007 12.97 0.013 12.37 0.012 11.92 0.010
2453342.0717 16.18 0.018 14.52 0.004 13.04 0.003 12.40 0.004 11.91 0.010
2453343.0867 16.16 0.015 14.54 0.004 13.05 0.003 12.41 0.005 11.92 0.005
2453344.0742 16.22 0.013 14.56 0.011 13.06 0.016 11.92 0.030 
2453352.0389 16.54 0.017 14.69 0.004 13.11 0.007 12.44 0.007 11.92 0.010
2453353.0353 14.71 0.005 13.14 0.003 12.48 0.004  
2453355.0783 14.73 0.002 13.15 0.001 12.47 0.002 11.96 0.002
2453356.0512 16.63 0.031 14.76 0.003 13.15 0.002 12.48 0.004 11.93 0.008
2453358.0597 14.80 0.003 13.18 0.002 12.49 0.003 11.98 0.003
2453362.0456 12.50 0.012 11.99 0.009
2453371.0601 12.10 0.006
2453657.1147 19.15 0.047 18.32 0.020 17.31 0.018 16.84 0.018
2453658.1147 19.15 0.047 18.31 0.020 17.31 0.018 16.84 0.017
2453671.0601 19.43 0.038 18.41 0.018 17.50 0.014
2453673.0760 19.45 0.028 18.51 0.017 17.59 0.017
2453677.0980 19.48 0.019 18.54 0.020 17.59 0.015
2453679.0438 19.53 0.031 18.55 0.014 17.61 0.024 17.15 0.019
2453680.0571 20.26 0.069 19.49 0.022 18.59 0.015 17.65 0.015 17.16 0.020
2453681.0770 20.27 0.081 19.53 0.018 18.61 0.017 17.70 0.014 17.23 0.017
2453682.0576 19.54 0.026 18.61 0.017 17.67 0.016 17.21 0.016
2453684.0298 18.70 0.026 17.74 0.019 17.20 0.037
2453697.0610 19.60 0.037 18.78 0.021 17.91 0.018
2453698.0598 19.62 0.039 18.79 0.024 17.92 0.015
2453699.0512 19.66 0.033 18.83 0.020 17.96 0.019
2453708.1001 18.94 0.026 18.07 0.020 17.54 0.031
2453710.0699 20.41 0.067 19.80 0.030 18.99 0.013 18.12 0.014 17.66 0.015
2453711.0447 19.79 0.023 18.90 0.025 18.16 0.022 17.64 0.036
2453713.0766 20.66 0.244 19.83 0.040 19.04 0.022 18.15 0.021 17.64 0.026
2453714.0565 19.85 0.044 19.03 0.029 18.11 0.020 17.68 0.026
2453723.0534 19.11 0.023 18.29 0.014
2453724.0538 19.11 0.038
2453725.0674 19.01 0.024 18.23 0.022 17.73 0.047
2453726.0502 19.14 0.042 18.33 0.019 17.86 0.051
2453738.0524 19.38 0.037 18.59 0.024
2453739.0561 20.22 0.099 19.35 0.037 18.58 0.036