Date MJD U Uerr B Berr V Verr R Rerr I Ierr z zerr Instrument
23/04/05 24053483.59 >19.8 1
30/06/05 24053552.36 13.460 0.008 14.393 0.009 14.496 0.011 14.459 0.016 14.455 0.016 2
01/07/05 24053553.35 13.448 0.012 14.410 0.023 14.531 0.026 14.435 0.018 14.369 0.028 3
02/07/05 24053554.46 13.573 0.014 14.470 0.020 14.541 0.010 14.460 0.017 14.336 0.012 3
03/07/05 24053555.49 14.488 0.015 14.541 0.008 14.380 0.009 1
05/07/05 24053557.42 14.553 0.026 14.549 0.027 14.396 0.024 14.333 0.056 3
05/07/05 24053557.44 14.497 0.016 14.375 0.008 1
06/07/05 24053557.84 13.997 0.018 14.580 0.029 14.578 0.019 14.350 0.018 14.462 0.012 4
07/07/05 24053559.40 14.624 0.024 14.575 0.083 14.393 0.080 14.359 0.105 5
10/07/05 24053562.43 14.829 0.012 6
11/07/05 24053563.38 14.735 0.008 14.904 0.006 14.603 0.007 14.355 0.008 14.229 0.008 3
11/07/05 24053563.42 14.750 0.011 14.911 0.010 14.575 0.009 14.355 0.011 14.251 0.013 7
13/07/05 24053565.38 15.292 0.030 15.046 0.020 14.652 0.013 14.360 0.014 14.287 0.018 14.215 0.020 6
13/07/05 24053565.45 15.056 0.014 14.648 0.011 14.368 0.021 1
14/07/05 24053566.36 15.263 0.012 15.115 0.010 14.684 0.010 14.389 0.018 14.229 0.013 3
14/07/05 24053566.40 15.092 0.025 14.666 0.027 14.380 0.016 14.282 0.025 5
17/07/05 24053569.42 15.994 0.034 15.345 0.017 14.723 0.019 14.382 0.016 14.273 0.022 14.192 0.021 6
19/07/05 24053571.40 15.374 0.025 14.724 0.020 14.454 0.019 14.258 0.028 5
20/07/05 24053572.40 15.389 0.037 14.723 0.027 14.447 0.020 14.282 0.019 5
25/07/05 24053577.40 15.489 0.078 14.746 0.039 14.327 0.059 14.239 0.045 5
27/07/05 24053579.40 15.605 0.046 14.754 0.037 14.394 0.030 14.167 0.025 5
31/07/05 24053583.39 16.741 0.065 15.758 0.022 14.750 0.015 14.334 0.014 14.118 0.013 7
31/07/05 24053583.47 16.746 0.077 15.768 0.037 14.755 0.012 14.325 0.012 14.164 0.012 13.999 0.011 6
02/08/05 24053585.38 15.772 0.075 14.753 0.064 14.327 0.038 14.099 0.026 8
02/08/05 24053585.40 15.798 0.009 14.764 0.008 14.328 0.006 14.129 0.008 6
03/08/05 24053586.43 16.940 0.048 15.839 0.014 14.750 0.012 14.271 0.010 14.089 0.010 13.956 0.010 6
05/08/05 24053588.38 15.850 0.017 14.769 0.010 14.267 0.006 14.096 0.007 6
06/08/05 24053589.38 17.040 0.093 15.890 0.015 14.767 0.009 14.263 0.008 14.094 0.010 13.930 0.010 6
10/08/05 24053593.42 17.166 0.184 15.934 0.018 14.784 0.015 14.285 0.011 13.962 0.010 7
12/08/05 24053595.38 15.969 0.021 14.778 0.010 14.241 0.012 14.009 0.008 6
12/08/05 24053595.39 17.244 0.077 15.960 0.012 14.776 0.010 14.241 0.011 13.983 0.009 13.847 0.010 6
16/08/05 24053599.44 16.009 0.037 14.772 0.013 14.211 0.004 13.967 0.004 6
17/08/05 24053600.41 16.012 0.035 14.768 0.006 14.206 0.020 1
22/08/05 24053605.35 16.088 0.061 14.745 0.019 14.198 0.021 13.946 0.020 13.774 0.017 6
22/08/05 24053605.42 16.095 0.026 14.761 0.014 14.198 0.010 13.922 0.010 6
23/08/05 24053606.42 16.110 0.034 14.771 0.009 14.164 0.011 13.886 0.009 6
27/08/05 24053610.34 17.601 0.210 16.105 0.029 14.734 0.011 14.139 0.009 13.906 0.010 13.729 0.008 6
27/08/05 24053610.37 16.102 0.019 14.724 0.008 14.150 0.008 13.903 0.008 6
27/08/05 24053610.40 17.586 0.102 16.070 0.018 14.793 0.015 14.181 0.015 13.944 0.015 7
30/08/05 24053613.34 16.099 0.078 14.730 0.028 14.149 0.030 13.838 0.023 13.687 0.024 6
30/08/05 24053613.35 16.107 0.047 14.732 0.012 14.122 0.010 13.886 0.023 6
01/09/05 24053615.33 16.116 0.026 14.752 0.018 14.122 0.011 1
01/09/05 24053615.35 16.128 0.034 14.765 0.016 14.128 0.012 13.874 0.012 6
03/09/05 24053617.35 17.636 0.190 16.140 0.034 14.768 0.013 14.171 0.015 13.840 0.018 13.670 0.013 6
05/09/05 24053619.35 17.669 0.270 16.138 0.035 14.778 0.016 14.155 0.011 13.853 0.013 13.681 0.016 6
14/09/05 24053628.35 17.718 0.300 16.194 0.039 14.838 0.011 14.110 0.010 13.801 0.009 13.641 0.014 6
10/10/05 24053654.26 16.574 0.230 13.942 0.041 3
11/10/05 24053655.28 16.608 0.237 15.109 0.076 13.959 0.024 3
16/10/05 24053660.28 16.815 0.027 15.156 0.041 14.430 0.007 1
16/10/05 24053660.31 16.822 0.092 1
18/10/05 24053662.26 16.872 0.122 15.218 0.013 14.488 0.009 1
28/10/05 24053671.67 18.099 0.110 16.055 0.049 15.067 0.012 1
29/10/05 24053672.68 18.450 0.033 16.260 0.045 15.134 0.030 14.576 0.021 3
04/11/05 24053678.64 >19.60 18.825 0.280 17.419 0.042 1
05/11/05 24053679.77 >19.93 21.053 0.290 18.870 0.176 17.483 0.089 16.673 0.078 15.943 0.280 6
07/11/05 24053681.76 >18.68 >19.34 18.864 0.330 17.422 0.122 16.656 0.044 15.916 0.104 6
08/11/05 24053682.65 18.929 0.086 17.441 0.040 3
09/11/05 24053683.70 21.132 0.290 19.063 0.067 17.460 0.042 3
09/11/05 24053683.76 >18.21 17.530 0.032 6
11/11/05 24053685.77 19.256 0.160 17.547 0.052 6
13/11/05 24053687.78 17.556 0.088 6
25/11/05 24053699.72 21.393 0.530 19.280 0.440 17.859 0.103 16.984 0.193 16.204 0.420 6
02/12/05 24053706.71 21.511 0.340 19.448 0.075 18.007 0.024 1
03/12/05 24053707.74 19.429 0.120 17.096 0.061 6
03/12/05 24053707.75 21.562 0.470 19.435 0.095 17.051 0.163 16.196 0.450 6
05/12/05 24053709.74 21.545 0.244 19.433 0.174 17.875 0.045 17.062 0.095 16.285 0.051 6
12/12/05 24053715.57 21.636 0.430 17.871 0.148 17.195 0.095 3
14/12/05 24053718.69 >20.34 19.524 0.102 17.959 0.042 17.191 0.048 6
22/12/05 24053725.72 21.632 0.350 19.542 0.115 17.261 0.063 3
27/12/05 24053731.64 19.563 0.220 18.077 0.078 17.237 0.047 6
31/12/05 24053735.62 19.577 0.184 18.130 0.122 17.290 0.032 6
15/01/06 24053750.74 19.479 0.220 1
03/02/06 24053769.54 >20.30 6
03/02/06 24053769.72 19.525 0.079 1
04/02/06 24053770.57 19.610 0.044 18.380 0.111 17.523 0.038 6
08/02/06 24053774.63 21.774 0.250 19.613 0.102 18.550 0.043 17.645 0.081 3
20/02/06 24053786.57 19.642 0.052 18.578 0.136 17.749 0.052 6
06/03/06 24053800.57 19.708 0.420 18.604 0.053 17.879 0.310 6
19/03/06 24053814.46 21.823 0.210 6
20/03/06 24053815.45 19.707 0.100 18.605 0.034 17.880 0.082 6
24/03/06 24053818.63 19.727 0.046 18.630 0.034 17.920 0.090 7
04/04/06 24053830.46 19.808 0.094 18.667 0.041 17.951 0.036 6
19/04/06 24053845.40 19.896 0.046 18.757 0.063 18.023 0.039 6
03/05/06 24053859.42 22.033 0.320 6
04/05/06 24053860.41 20.001 0.087 18.964 0.064 18.182 0.058 6
15/05/06 24053871.67 20.128 0.119 18.983 0.225 18.217 0.110 6
17/06/06 24053904.51 20.355 0.081 19.437 0.091 18.545 0.050 6
09/07/06 24053926.43 20.679 0.200 19.505 0.280 18.967 0.240 6
30/01/07 24054130.56 >22.42 >21.99 >20.69 7