Date MJD B Berr V Verr R Rerr I Ierr u uerr g gerr r rerr i ierr z zerr
20120814 56154.22 14.99 0.02 14.81 0.02 NaN NaN NaN NaN 15.02 0.04 NaN NaN 14.78 0.02 14.91 0.02 NaN NaN
20120815 51155.22 14.99 0.04 14.86 0.04 NaN NaN NaN NaN 15.09 0.02 NaN NaN 14.81 0.02 14.91 0.02 NaN NaN
20120817 56157.59 15.12 0.06 14.90 0.06 14.74 0.06 14.55 0.05 NaN NaN NaN NaN NaN NaN NaN NaN
20120818 56158.23 15.10 0.03 14.87 0.03 NaN NaN NaN NaN 15.28 0.05 NaN NaN 14.82 0.01 14.94 0.01 NaN NaN
20120819 56158.34 15.15 0.06 14.95 0.05 14.73 0.06 14.53 0.03 NaN NaN NaN NaN 14.84 0.05 NaN NaN NaN NaN
20120820 56159.31 15.29 0.05 14.92 0.04 14.62 0.05 14.53 0.05 NaN NaN 15.05 0.07 14.78 0.03 14.86 0.06 NaN NaN
20120821 56160.30 15.18 0.07 14.86 0.06 14.65 0.03 14.61 0.06 NaN NaN 15.13 0.10 14.81 0.04 14.89 0.04 14.92 0.05
20120826 56165.28 15.47 0.05 14.93 0.04 14.64 0.04 NaN NaN 16.35 0.04 15.25 0.08 14.80 0.03 14.87 0.03 14.92 0.03
20120828 56168.20 15.55 0.02 15.02 0.02 NaN NaN NaN NaN 16.52 0.06 14.85 0.02 14.93 0.02 NaN NaN
20120831 56171.08 15.67 0.06 14.98 0.06 NaN NaN NaN NaN 16.69 0.08 14.81 0.02 14.94 0.02 NaN NaN
20120902 56173.09 15.76 0.04 14.99 0.04 NaN NaN NaN NaN 16.98 0.06 14.85 0.02 14.92 0.02 NaN NaN
20120905 56176.13 15.76 0.04 15.00 0.05 14.65 0.06 14.62 0.06 17.05 0.07 NaN NaN 14.84 0.03 14.86 0.03 14.89 0.03
20120909 56179.34 15.90 0.06 15.10 0.06 14.78 0.04 14.45 0.02 NaN NaN 15.54 0.02 NaN NaN NaN NaN NaN NaN
20120910 56180.92 15.95 0.04 15.14 0.03 14.76 0.01 14.51 0.01 NaN NaN NaN NaN NaN NaN NaN NaN NaN NaN
20120911 56181.59 16.05 0.02 15.15 0.02 14.79 0.03 14.53 0.03 NaN NaN NaN NaN NaN NaN NaN NaN NaN NaN
20120916 56186.20 16.06 0.07 15.10 0.06 14.75 0.04 14.49 0.02 NaN NaN 15.51 0.04 14.89 0.04 14.87 0.02 14.85 0.03
20120920 56190.24 NaN NaN 15.12 0.03 NaN NaN 14.42 0.05 NaN NaN 14.89 0.03 14.85 0.03 14.87 0.03
20120923 56194.87 16.15 0.02 15.10 0.02 14.78 0.01 14.45 0.01 NaN NaN NaN NaN NaN NaN NaN NaN NaN NaN
20120926 56196.20 16.16 0.06 15.00 0.05 14.72 0.03 NaN NaN 17.96 0.09 15.56 0.03 14.81 0.03 14.81 0.03 14.78 0.03
20120929 56199.29 NaN NaN 15.02 0.03 14.74 0.03 14.36 0.01 NaN NaN NaN NaN 14.88 0.02 14.81 0.02 14.79 0.02
20121001 56202.01 16.19 0.05 15.11 0.05 NaN NaN NaN NaN 17.98 0.11 NaN NaN 14.89 0.02 14.80 0.03 14.82 0.02
20121002 56202.20 16.28 0.04 15.04 0.04 14.74 0.04 14.40 0.02 NaN NaN 15.61 0.06 14.93 0.05 14.84 0.04 14.85 0.04
20121004 56204.21 16.33 0.04 15.12 0.03 14.73 0.03 14.43 0.02 18.07 0.14 15.71 0.04 14.90 0.03 14.84 0.02 14.84 0.02
20121007 56208.04 16.23 0.08 15.11 0.08 NaN NaN NaN NaN 18.07 0.18 NaN NaN 14.85 0.02 14.78 0.02 14.81 0.03
20121010 56211.05 16.35 0.04 15.16 0.04 NaN NaN NaN NaN 18.26 0.10 15.68 0.03 14.89 0.01 14.83 0.01 14.85 0.02
20121012 56212.19 16.46 0.06 15.22 0.07 14.78 0.03 14.41 0.02 NaN NaN NaN NaN 14.94 0.02 14.79 0.03 14.87 0.03
20121017 56217.15 16.50 0.07 15.22 0.06 NaN NaN NaN NaN NaN NaN NaN NaN 14.95 0.03 14.89 0.03 14.77 0.04
20121019 56220.42 16.63 0.05 15.28 0.05 14.77 0.04 14.41 0.03 NaN NaN NaN NaN NaN NaN NaN NaN NaN NaN
20121020 56221.06 16.58 0.03 15.36 0.03 14.8 0.1 14.43 0.02 18.68 0.08 NaN NaN 14.96 0.02 14.86 0.02 14.92 0.02
20121022 56223.52 NaN NaN NaN NaN NaN NaN NaN NaN NaN NaN NaN NaN 15.00 0.02 14.85 0.03 NaN NaN
20121024 56226.45 NaN NaN NaN NaN NaN NaN NaN NaN NaN NaN 15.99 0.06 15.01 0.02 14.91 0.03 NaN NaN
20121101 56232.13 16.79 0.09 15.47 0.08 14.95 0.04 14.59 0.02 NaN NaN 16.00 0.06 15.15 0.03 NaN NaN 15.05 0.03
20121106 56237.12 NaN NaN 15.63 0.03 15.04 0.03 14.67 0.03 NaN NaN 16.2 0.1 15.26 0.02 15.15 0.02 15.16 0.02
20121111 56242.13 17.1 0.1 15.85 0.08 15.26 0.03 14.85 0.03 NaN NaN 16.38 0.06 15.39 0.02 15.29 0.02 15.26 0.03
20121115 56246.96 17.4 0.1 16.09 0.10 NaN NaN NaN NaN NaN NaN NaN NaN 15.63 0.02 15.47 0.02 15.43 0.02
20121117 56248.14 NaN NaN 16.26 0.04 15.57 0.05 15.15 0.04 NaN NaN NaN NaN NaN NaN NaN NaN NaN NaN
20121119 56250.19 17.82 0.09 16.49 0.08 15.85 0.05 15.37 0.05 NaN NaN 17.24 0.05 16.00 0.02 15.89 0.02 15.74 0.03
20121122 56253.08 17.95 0.10 17.16 0.10 16.36 0.07 15.63 0.05 NaN MJD 17.45 0.10 16.32 0.03 16.29 0.03 16.12 0.12
20121205 56266.93 18.5 0.2 17.3 0.2 NaN NaN NaN NaN NaN NaN NaN NaN 16.65 0.07 16.51 0.07 16.40 0.06
20121207 56268.94 18.60 0.15 17.40 0.15 NaN NaN NaN NaN NaN NaN NaN NaN 16.80 0.1 16.6 0.1 16.50 0.06
20121209 56270.95 18.70 0.13 17.50 0.13 NaN NaN NaN NaN NaN NaN NaN NaN 16.9 0.1 16.7 0.1 16.6 0.1
20121216 56277.99 NaN NaN NaN NaN NaN NaN NaN NaN NaN NaN NaN NaN 17.0 0.1 16.9 0.1 16.8 0.1
20121220 56282.94 18.8 0.2 17.7 0.2 16.9 0.2 NaN NaN NaN NaN NaN NaN NaN NaN NaN NaN NaN NaN
20121228 56290.00 19 0.2 17.9 0.2 NaN NaN NaN NaN NaN NaN NaN NaN 17.1 0.1 17.1 0.1 16.9 0.1
20130110 56302.81 19.15 0.30 18.0 0.3 NaN NaN NaN NaN NaN NaN NaN NaN 17.2 0.1 17.2 0.1 17.0 0.1
20130112 56305.66 NaN NaN 18.0 0.3 17.15 0.30 16.75 0.30 NaN NaN NaN NaN NaN NaN NaN NaN NaN NaN