3800.00000000001  6.090451E-16
3803.38321399689  2.288820E-16
3806.76642799378  8.611588E-16
3810.14964199067  8.503812E-16
3813.53285598755  1.029166E-15
3816.91606998444  2.812461E-16
3820.29928398133  1.862939E-16
3823.68249797822  4.583609E-16
3827.0657119751  5.755270E-16
3830.44892597199  3.720349E-16
3833.83213996888  4.672601E-16
3837.21535396577  4.460696E-16
3840.59856796265  6.015945E-16
3843.98178195954  1.782779E-16
3847.36499595643  5.473562E-16
3850.74820995331  5.118248E-16
3854.1314239502  5.872210E-16
3857.51463794709  3.158839E-16
3860.89785194398  2.959455E-16
3864.28106594086  4.706573E-16
3867.66427993775  5.176543E-16
3871.04749393464  3.663302E-16
3874.43070793152  6.319024E-16
3877.81392192841  7.531366E-16
3881.1971359253  5.139676E-16
3884.58034992219  3.799923E-16
3887.96356391907  4.009969E-16
3891.34677791596  5.837898E-16
3894.72999191285  5.433577E-16
3898.11320590973  1.240137E-16
3901.49641990662  1.859744E-16
3904.87963390351  3.513130E-16
3908.2628479004  2.614127E-16
3911.64606189728  6.412436E-16
3915.02927589417  4.054419E-16
3918.41248989106  7.205058E-16
3921.79570388795  6.414797E-16
3925.17891788483  5.312094E-16
3928.56213188172  6.020232E-16
3931.94534587861  2.238039E-16
3935.32855987549  2.497862E-16
3938.71177387238  4.153040E-16
3942.09498786927  3.877696E-16
3945.47820186616  3.763428E-16
3948.86141586304  6.383618E-16
3952.24462985993  5.748036E-16
3955.62784385682  5.731734E-16
3959.01105785371  6.600635E-16
3962.39427185059  5.992461E-16
3965.77748584748  5.236053E-16
3969.16069984437  2.875291E-16
3972.54391384125  6.587985E-16
3975.92712783814  5.621730E-16
3979.31034183503  3.474709E-16
3982.69355583191  4.746490E-16
3986.0767698288  6.039155E-16
3989.45998382569  4.919873E-16
3992.84319782258  3.474196E-16
3996.22641181946  3.512444E-16
3999.60962581635  3.264359E-16
4002.99283981324  4.753291E-16
4006.37605381013  5.611313E-16
4009.75926780701  4.954423E-16
4013.1424818039  4.704494E-16
4016.52569580079  5.265032E-16
4019.90890979767  4.905213E-16
4023.29212379456  4.440160E-16
4026.67533779145  2.516449E-16
4030.05855178834  2.923013E-16
4033.44176578522  4.142841E-16
4036.82497978211  5.378129E-16
4040.208193779  4.515707E-16
4043.59140777588  6.473405E-16
4046.97462177277  4.623612E-16
4050.35783576966  3.203652E-16
4053.74104976655  3.444954E-16
4057.12426376343  4.936342E-16
4060.50747776032  5.070446E-16
4063.89069175721  4.411302E-16
4067.2739057541  4.164055E-16
4070.65711975098  3.893454E-16
4074.04033374787  4.352963E-16
4077.42354774476  5.014921E-16
4080.80676174164  5.936543E-16
4084.18997573853  5.464219E-16
4087.57318973542  5.726651E-16
4090.95640373231  3.987805E-16
4094.33961772919  5.719067E-16
4097.72283172608  4.843661E-16
4101.10604572297  4.878372E-16
4104.48925971985  4.449531E-16
4107.87247371674  4.805631E-16
4111.25568771363  5.146926E-16
4114.63890171052  4.180865E-16
4118.0221157074  4.879614E-16
4121.40532970429  4.342425E-16
4124.78854370118  4.982543E-16
4128.17175769807  3.916042E-16
4131.55497169495  3.672880E-16
4134.93818569184  5.045211E-16
4138.32139968873  3.891331E-16
4141.70461368561  4.991454E-16
4145.0878276825  5.451284E-16
4148.47104167939  4.483518E-16
4151.85425567628  4.715557E-16
4155.23746967316  5.549345E-16
4158.62068367005  5.133189E-16
4162.00389766694  3.611616E-16
4165.38711166382  5.532788E-16
4168.77032566071  5.976083E-16
4172.1535396576  3.711495E-16
4175.53675365449  4.686639E-16
4178.91996765137  6.230219E-16
4182.30318164826  4.590955E-16
4185.68639564515  4.988205E-16
4189.06960964203  4.552904E-16
4192.45282363892  5.884279E-16
4195.83603763581  5.024764E-16
4199.2192516327  5.124412E-16
4202.60246562958  6.242247E-16
4205.98567962647  5.362973E-16
4209.36889362336  3.713009E-16
4212.75210762025  4.361134E-16
4216.13532161713  6.335241E-16
4219.51853561402  4.900135E-16
4222.90174961091  4.210968E-16
4226.28496360779  5.071996E-16
4229.66817760468  5.328863E-16
4233.05139160157  5.422590E-16
4236.43460559846  4.348784E-16
4239.81781959534  5.311847E-16
4243.20103359223  5.244440E-16
4246.58424758912  4.739274E-16
4249.96746158601  3.573905E-16
4253.35067558289  4.155991E-16
4256.73388957978  4.632242E-16
4260.11710357667  4.936557E-16
4263.50031757355  4.049669E-16
4266.88353157044  3.268110E-16
4270.26674556733  4.214440E-16
4273.64995956421  4.442633E-16
4277.0331735611  4.590012E-16
4280.41638755799  4.823886E-16
4283.79960155488  4.990969E-16
4287.18281555176  3.809474E-16
4290.56602954865  5.582478E-16
4293.94924354554  4.999639E-16
4297.33245754243  3.770162E-16
4300.71567153931  4.546503E-16
4304.0988855362  4.844418E-16
4307.48209953309  5.140001E-16
4310.86531352998  5.407455E-16
4314.24852752686  5.811588E-16
4317.63174152375  5.015872E-16
4321.01495552064  4.537355E-16
4324.39816951752  3.806305E-16
4327.78138351441  5.551902E-16
4331.1645975113  5.544404E-16
4334.54781150819  4.371930E-16
4337.93102550507  3.159467E-16
4341.31423950196  4.730168E-16
4344.69745349885  4.658792E-16
4348.08066749573  4.769243E-16
4351.46388149262  4.210103E-16
4354.84709548951  5.322965E-16
4358.2303094864  4.040056E-16
4361.61352348328  3.804469E-16
4364.99673748017  4.463065E-16
4368.37995147706  4.808729E-16
4371.76316547394  5.131042E-16
4375.14637947083  6.035013E-16
4378.52959346772  5.402478E-16
4381.91280746461  3.986284E-16
4385.29602146149  4.457904E-16
4388.67923545838  5.608771E-16
4392.06244945527  4.994497E-16
4395.44566345216  3.977454E-16
4398.82887744904  5.405169E-16
4402.21209144593  5.333527E-16
4405.59530544282  4.474617E-16
4408.9785194397  4.642627E-16
4412.36173343659  4.045249E-16
4415.74494743348  4.109565E-16
4419.12816143037  4.996778E-16
4422.51137542725  4.649120E-16
4425.89458942414  4.263712E-16
4429.27780342103  3.400915E-16
4432.66101741792  4.388703E-16
4436.0442314148  4.226978E-16
4439.42744541169  5.292718E-16
4442.81065940858  5.569733E-16
4446.19387340546  3.500988E-16
4449.57708740235  4.733117E-16
4452.96030139924  5.012477E-16
4456.34351539613  4.094309E-16
4459.72672939301  5.284566E-16
4463.1099433899  4.666129E-16
4466.49315738679  4.977820E-16
4469.87637138367  4.600547E-16
4473.25958538056  3.829529E-16
4476.64279937745  3.817118E-16
4480.02601337434  4.347762E-16
4483.40922737122  4.109823E-16
4486.79244136811  4.995729E-16
4490.175655365  4.921431E-16
4493.55886936189  4.265983E-16
4496.94208335877  4.308275E-16
4500.32529735566  4.004345E-16
4503.70851135255  4.085215E-16
4507.09172534943  4.103587E-16
4510.47493934632  4.363042E-16
4513.85815334321  3.584877E-16
4517.2413673401  3.667977E-16
4520.62458133698  4.204970E-16
4524.00779533387  5.687850E-16
4527.39100933076  5.463006E-16
4530.77422332764  5.041802E-16
4534.15743732453  4.958444E-16
4537.54065132142  3.838934E-16
4540.92386531831  3.538912E-16
4544.30707931519  3.699293E-16
4547.69029331208  2.883758E-16
4551.07350730897  3.173228E-16
4554.45672130585  3.677551E-16
4557.83993530274  4.496515E-16
4561.22314929963  3.712945E-16
4564.60636329652  3.417700E-16
4567.9895772934  3.137491E-16
4571.37279129029  3.404896E-16
4574.75600528718  3.930053E-16
4578.13921928407  3.862599E-16
4581.52243328095  4.398181E-16
4584.90564727784  4.289229E-16
4588.28886127473  3.757203E-16
4591.67207527161  3.813042E-16
4595.0552892685  3.728821E-16
4598.43850326539  4.861912E-16
4601.82171726228  3.342476E-16
4605.20493125916  3.193287E-16
4608.58814525605  3.949146E-16
4611.97135925294  3.898212E-16
4615.35457324982  4.185107E-16
4618.73778724671  3.990282E-16
4622.1210012436  3.719826E-16
4625.50421524049  4.504539E-16
4628.88742923737  4.207391E-16
4632.27064323426  3.925501E-16
4635.65385723115  4.058336E-16
4639.03707122803  4.055151E-16
4642.42028522492  4.680525E-16
4645.80349922181  4.406948E-16
4649.1867132187  3.206505E-16
4652.56992721558  3.913157E-16
4655.95314121247  3.749075E-16
4659.33635520936  3.460835E-16
4662.71956920625  3.407981E-16
4666.10278320313  3.484564E-16
4669.48599720002  4.375110E-16
4672.86921119691  4.242082E-16
4676.25242519379  3.660837E-16
4679.63563919068  3.889052E-16
4683.01885318757  3.340670E-16
4686.40206718445  3.500124E-16
4689.78528118134  3.854092E-16
4693.16849517823  4.136242E-16
4696.55170917512  3.163477E-16
4699.934923172  3.292064E-16
4703.31813716889  4.246369E-16
4706.70135116578  3.375354E-16
4710.08456516267  2.881946E-16
4713.46777915955  4.037949E-16
4716.85099315644  3.711177E-16
4720.23420715333  3.951516E-16
4723.61742115021  3.364124E-16
4727.0006351471  3.480416E-16
4730.38384914399  2.892907E-16
4733.76706314088  4.048074E-16
4737.15027713776  4.052127E-16
4740.53349113465  3.006934E-16
4743.91670513154  3.012463E-16
4747.29991912843  3.130133E-16
4750.68313312531  3.433220E-16
4754.0663471222  4.113358E-16
4757.44956111909  3.133532E-16
4760.83277511597  4.299270E-16
4764.21598911286  4.015189E-16
4767.59920310975  4.331647E-16
4770.98241710664  4.230390E-16
4774.36563110352  4.219144E-16
4777.74884510041  3.669416E-16
4781.1320590973  4.089246E-16
4784.51527309418  3.593878E-16
4787.89848709107  3.717306E-16
4791.28170108796  2.833759E-16
4794.66491508485  3.034319E-16
4798.04812908173  3.715581E-16
4801.43134307862  3.963725E-16
4804.81455707551  3.621811E-16
4808.1977710724  3.645029E-16
4811.58098506928  3.493532E-16
4814.96419906617  3.128019E-16
4818.34741306306  3.468185E-16
4821.73062705994  3.740674E-16
4825.11384105683  3.217888E-16
4828.49705505372  3.070834E-16
4831.88026905061  2.646574E-16
4835.26348304749  3.057703E-16
4838.64669704438  3.921723E-16
4842.02991104127  4.377046E-16
4845.41312503816  4.091311E-16
4848.79633903504  3.411178E-16
4852.17955303193  3.818787E-16
4855.56276702882  3.434040E-16
4858.9459810257  2.770300E-16
4862.32919502259  3.575827E-16
4865.71240901948  3.774389E-16
4869.09562301636  3.907618E-16
4872.47883701325  3.944997E-16
4875.86205101014  3.846233E-16
4879.24526500703  3.364607E-16
4882.62847900391  3.757571E-16
4886.0116930008  3.554257E-16
4889.39490699769  3.202993E-16
4892.77812099458  3.682021E-16
4896.16133499146  3.431001E-16
4899.54454898835  3.332421E-16
4902.92776298524  3.151786E-16
4906.31097698213  2.530235E-16
4909.69419097901  3.201773E-16
4913.0774049759  3.038824E-16
4916.46061897279  2.913418E-16
4919.84383296967  3.103121E-16
4923.22704696656  3.587853E-16
4926.61026096345  3.822477E-16
4929.99347496034  2.904915E-16
4933.37668895722  2.812811E-16
4936.75990295411  2.912304E-16
4940.143116951  2.944462E-16
4943.52633094788  3.687732E-16
4946.90954494477  3.223199E-16
4950.29275894166  3.065977E-16
4953.67597293855  2.716950E-16
4957.05918693543  3.336212E-16
4960.44240093232  4.513409E-16
4963.82561492921  3.359668E-16
4967.20882892609  2.711229E-16
4970.59204292298  3.491637E-16
4973.97525691987  3.978700E-16
4977.35847091676  3.248681E-16
4980.74168491364  3.101862E-16
4984.12489891053  3.127807E-16
4987.50811290742  2.711490E-16
4990.89132690431  2.924055E-16
4994.27454090119  2.949677E-16
4997.65775489808  3.092131E-16
5001.04096889497  3.400013E-16
5004.42418289186  3.663477E-16
5007.80739688874  3.718382E-16
5011.19061088563  3.004050E-16
5014.57382488252  3.023413E-16
5017.9570388794  3.407173E-16
5021.34025287629  3.539553E-16
5024.72346687318  2.560525E-16
5028.10668087007  3.015135E-16
5031.48989486695  3.722698E-16
5034.87310886384  3.204291E-16
5038.25632286073  3.348599E-16
5041.63953685761  3.003710E-16
5045.0227508545  3.040538E-16
5048.40596485139  1.966692E-16
5051.78917884827  2.337145E-16
5055.17239284516  2.656042E-16
5058.55560684205  2.871528E-16
5061.93882083894  3.307360E-16
5065.32203483582  3.807909E-16
5068.70524883271  3.240396E-16
5072.0884628296  2.780198E-16
5075.47167682649  2.674676E-16
5078.85489082337  2.914542E-16
5082.23810482026  3.086912E-16
5085.62131881715  3.011995E-16
5089.00453281404  3.343952E-16
5092.38774681092  3.684331E-16
5095.77096080781  3.456832E-16
5099.1541748047  3.030130E-16
5102.53738880158  2.354667E-16
5105.92060279847  2.412207E-16
5109.30381679536  3.027768E-16
5112.68703079224  3.216575E-16
5116.07024478913  3.726443E-16
5119.45345878602  2.964544E-16
5122.83667278291  3.414625E-16
5126.21988677979  3.333734E-16
5129.60310077668  2.848394E-16
5132.98631477357  2.935194E-16
5136.36952877046  3.087365E-16
5139.75274276734  3.145099E-16
5143.13595676423  3.560743E-16
5146.51917076112  3.642427E-16
5149.902384758  3.152547E-16
5153.28559875489  3.149308E-16
5156.66881275178  3.157883E-16
5160.05202674867  3.024523E-16
5163.43524074555  2.820210E-16
5166.81845474244  3.183266E-16
5170.20166873933  3.355231E-16
5173.58488273622  2.466257E-16
5176.9680967331  2.706595E-16
5180.35131072999  3.105066E-16
5183.73452472688  3.257150E-16
5187.11773872376  3.242885E-16
5190.50095272065  3.124443E-16
5193.88416671754  3.036119E-16
5197.26738071443  3.054904E-16
5200.65059471131  3.320019E-16
5204.0338087082  2.950565E-16
5207.41702270509  2.722288E-16
5210.80023670197  3.182794E-16
5214.18345069886  3.354678E-16
5217.56666469575  3.248303E-16
5220.94987869264  2.451900E-16
5224.33309268952  1.978258E-16
5227.71630668641  2.339373E-16
5231.0995206833  2.398649E-16
5234.48273468018  2.757054E-16
5237.86594867707  2.782394E-16
5241.24916267396  2.991241E-16
5244.63237667085  3.106052E-16
5248.01559066773  3.246444E-16
5251.39880466462  3.347830E-16
5254.78201866151  2.690056E-16
5258.1652326584  2.672562E-16
5261.54844665528  3.035521E-16
5264.93166065217  2.946620E-16
5268.31487464906  2.472620E-16
5271.69808864594  2.645854E-16
5275.08130264283  2.756522E-16
5278.46451663972  2.197124E-16
5281.84773063661  2.550014E-16
5285.23094463349  2.673792E-16
5288.61415863038  2.226292E-16
5291.99737262727  2.445759E-16
5295.38058662415  2.837202E-16
5298.76380062104  2.524918E-16
5302.14701461793  2.607399E-16
5305.53022861482  2.701240E-16
5308.91344261171  2.498547E-16
5312.29665660859  2.666361E-16
5315.67987060548  2.469648E-16
5319.06308460237  2.523212E-16
5322.44629859925  2.462954E-16
5325.82951259614  2.536733E-16
5329.21272659303  2.761009E-16
5332.59594058991  2.974715E-16
5335.9791545868  2.822776E-16
5339.36236858369  2.772404E-16
5342.74558258058  2.910424E-16
5346.12879657746  2.765239E-16
5349.51201057435  2.688836E-16
5352.89522457124  2.778844E-16
5356.27843856812  2.641133E-16
5359.66165256501  2.196281E-16
5363.0448665619  2.329875E-16
5366.42808055879  2.516232E-16
5369.81129455567  2.263769E-16
5373.19450855256  2.226885E-16
5376.57772254945  2.490815E-16
5379.96093654633  2.156634E-16
5383.34415054322  2.473434E-16
5386.72736454011  3.029927E-16
5390.110578537  2.942458E-16
5393.49379253389  2.681542E-16
5396.87700653077  2.926150E-16
5400.26022052766  2.391596E-16
5403.64343452455  2.254653E-16
5407.02664852143  2.699485E-16
5410.40986251832  2.578796E-16
5413.79307651521  2.602877E-16
5417.17629051209  2.665846E-16
5420.55950450898  2.569597E-16
5423.94271850587  2.164666E-16
5427.32593250276  2.098882E-16
5430.70914649964  2.591886E-16
5434.09236049653  2.563423E-16
5437.47557449342  2.495694E-16
5440.8587884903  2.633915E-16
5444.24200248719  3.038496E-16
5447.62521648408  3.351990E-16
5451.00843048097  3.064276E-16
5454.39164447785  2.392967E-16
5457.77485847474  2.286549E-16
5461.15807247163  2.632003E-16
5464.54128646852  2.476796E-16
5467.9245004654  2.757345E-16
5471.30771446229  2.419277E-16
5474.69092845918  2.432282E-16
5478.07414245606  2.648304E-16
5481.45735645295  2.227962E-16
5484.84057044984  2.765845E-16
5488.22378444673  2.634963E-16
5491.60699844361  2.470786E-16
5494.9902124405  2.187486E-16
5498.37342643739  2.430827E-16
5501.75664043428  2.292849E-16
5505.13985443116  2.198510E-16
5508.52306842805  2.824424E-16
5511.90628242494  2.192926E-16
5515.28949642182  1.995443E-16
5518.67271041871  2.290847E-16
5522.0559244156  2.289475E-16
5525.43913841248  2.256314E-16
5528.82235240937  2.523019E-16
5532.20556640626  2.936703E-16
5535.58878040315  2.279965E-16
5538.97199440003  2.367669E-16
5542.35520839692  2.528573E-16
5545.73842239381  2.678645E-16
5549.1216363907  2.316830E-16
5552.50485038758  2.420447E-16
5555.88806438447  2.593471E-16
5559.27127838136  2.755994E-16
5562.65449237825  2.479797E-16
5566.03770637513  2.315882E-16
5569.42092037202  2.221982E-16
5572.80413436891  2.301705E-16
5576.18734836579  2.562153E-16
5579.57056236268  2.656001E-16
5582.95377635957  2.735484E-16
5586.33699035646  2.302397E-16
5589.72020435334  2.390333E-16
5593.10341835023  3.065380E-16
5596.48663234712  2.331668E-16
5599.869846344  2.105566E-16
5603.25306034089  2.342552E-16
5606.63627433778  3.148252E-16
5610.01948833466  2.776963E-16
5613.40270233155  2.772364E-16
5616.78591632844  2.475538E-16
5620.16913032533  2.547166E-16
5623.55234432221  2.566771E-16
5626.9355583191  2.728843E-16
5630.31877231599  2.609746E-16
5633.70198631288  2.634252E-16
5637.08520030976  2.352889E-16
5640.46841430665  2.452472E-16
5643.85162830354  2.262557E-16
5647.23484230043  2.815489E-16
5650.61805629731  3.013008E-16
5654.0012702942  2.559063E-16
5657.38448429109  2.094343E-16
5660.76769828797  2.245628E-16
5664.15091228486  2.952474E-16
5667.53412628175  3.128113E-16
5670.91734027864  3.175701E-16
5674.30055427552  2.754113E-16
5677.68376827241  2.379306E-16
5681.0669822693  1.744472E-16
5684.45019626618  1.892978E-16
5687.83341026307  2.556284E-16
5691.21662425996  2.602468E-16
5694.59983825685  2.650738E-16
5697.98305225373  2.249376E-16
5701.36626625062  2.800911E-16
5704.74948024751  2.756838E-16
5708.13269424439  2.805142E-16
5711.51590824128  2.902029E-16
5714.89912223817  2.465767E-16
5718.28233623506  2.413303E-16
5721.66555023195  2.114882E-16
5725.04876422883  2.493676E-16
5728.43197822572  1.969610E-16
5731.81519222261  1.948885E-16
5735.19840621949  2.381074E-16
5738.58162021638  2.101333E-16
5741.96483421327  2.525544E-16
5745.34804821015  2.723441E-16
5748.73126220704  2.484065E-16
5752.11447620393  2.223560E-16
5755.49769020082  2.268348E-16
5758.8809041977  2.462478E-16
5762.26411819459  1.856022E-16
5765.64733219148  1.780541E-16
5769.03054618837  2.019815E-16
5772.41376018525  1.919520E-16
5775.79697418214  1.988891E-16
5779.18018817903  1.795246E-16
5782.56340217591  1.756052E-16
5785.9466161728  2.352781E-16
5789.32983016969  2.553314E-16
5792.71304416657  2.139667E-16
5796.09625816346  2.031845E-16
5799.47947216035  2.493198E-16
5802.86268615724  2.310644E-16
5806.24590015412  2.328179E-16
5809.62911415101  1.844787E-16
5813.0123281479  2.261962E-16
5816.39554214479  2.044740E-16
5819.77875614167  2.420501E-16
5823.16197013856  2.436926E-16
5826.54518413545  2.154155E-16
5829.92839813233  2.393346E-16
5833.31161212922  2.541162E-16
5836.69482612611  2.109461E-16
5840.078040123  1.824349E-16
5843.46125411988  2.209151E-16
5846.84446811677  2.465575E-16
5850.22768211366  2.235965E-16
5853.61089611055  2.346690E-16
5856.99411010743  2.602382E-16
5860.37732410432  2.101972E-16
5863.76053810121  1.860011E-16
5867.14375209809  2.069466E-16
5870.52696609498  2.450423E-16
5873.91018009187  2.320225E-16
5877.29339408875  1.946956E-16
5880.67660808564  2.498171E-16
5884.05982208253  2.183502E-16
5887.44303607942  2.569719E-16
5890.8262500763  2.431954E-16
5894.20946407319  2.090303E-16
5897.59267807008  2.194287E-16
5900.97589206697  1.946963E-16
5904.35910606385  2.247250E-16
5907.74232006074  2.802980E-16
5911.12553405763  2.589698E-16
5914.50874805452  2.516391E-16
5917.8919620514  1.944853E-16
5921.27517604829  1.776121E-16
5924.65839004518  1.784172E-16
5928.04160404206  2.134328E-16
5931.42481803895  2.264759E-16
5934.80803203584  1.717582E-16
5938.19124603273  1.744811E-16
5941.57446002961  2.350041E-16
5944.9576740265  2.427422E-16
5948.34088802339  2.381972E-16
5951.72410202028  2.169175E-16
5955.10731601716  2.117720E-16
5958.49053001405  2.356569E-16
5961.87374401094  2.213042E-16
5965.25695800782  2.230503E-16
5968.64017200471  2.156240E-16
5972.0233860016  2.345098E-16
5975.40659999848  2.109086E-16
5978.78981399537  1.785821E-16
5982.17302799226  1.848166E-16
5985.55624198915  2.042330E-16
5988.93945598604  2.063668E-16
5992.32266998292  2.151080E-16
5995.70588397981  2.039270E-16
5999.0890979767  1.693361E-16
6002.47231197358  1.641208E-16
6005.85552597047  1.934308E-16
6009.23873996736  2.174479E-16
6012.62195396424  2.204389E-16
6016.00516796113  2.218086E-16
6019.38838195802  2.122568E-16
6022.77159595491  2.345535E-16
6026.15480995179  2.406646E-16
6029.53802394868  1.952169E-16
6032.92123794557  1.770965E-16
6036.30445194245  1.861414E-16
6039.68766593934  1.480198E-16
6043.07087993623  1.915610E-16
6046.45409393312  2.251408E-16
6049.83730793  2.198299E-16
6053.22052192689  2.230679E-16
6056.60373592378  2.041813E-16
6059.98694992067  2.065750E-16
6063.37016391755  2.227615E-16
6066.75337791444  2.447561E-16
6070.13659191133  2.455550E-16
6073.51980590821  2.219699E-16
6076.9030199051  2.232637E-16
6080.28623390199  2.152680E-16
6083.66944789888  1.820437E-16
6087.05266189576  2.052347E-16
6090.43587589265  2.320927E-16
6093.81908988954  1.891092E-16
6097.20230388643  1.850400E-16
6100.58551788331  1.901121E-16
6103.9687318802  1.905065E-16
6107.35194587709  2.324041E-16
6110.73515987397  1.754811E-16
6114.11837387086  1.607654E-16
6117.50158786775  2.089538E-16
6120.88480186464  1.820879E-16
6124.26801586152  1.848518E-16
6127.65122985841  1.949490E-16
6131.0344438553  2.030848E-16
6134.41765785219  2.189352E-16
6137.80087184907  2.237015E-16
6141.18408584596  2.226929E-16
6144.56729984285  2.288022E-16
6147.95051383973  2.162924E-16
6151.33372783662  2.006738E-16
6154.71694183351  1.858067E-16
6158.1001558304  1.580454E-16
6161.48336982728  1.708071E-16
6164.86658382417  1.944449E-16
6168.24979782106  2.187214E-16
6171.63301181794  2.302083E-16
6175.01622581483  2.257525E-16
6178.39943981172  2.573269E-16
6181.78265380861  2.549030E-16
6185.16586780549  2.324199E-16
6188.54908180238  2.273244E-16
6191.93229579927  1.852461E-16
6195.31550979615  1.915209E-16
6198.69872379304  1.985648E-16
6202.08193778993  2.376008E-16
6205.46515178682  2.398142E-16
6208.8483657837  2.150474E-16
6212.23157978059  2.036012E-16
6215.61479377748  1.944307E-16
6218.99800777437  1.945221E-16
6222.38122177125  2.025640E-16
6225.76443576814  1.944695E-16
6229.14764976503  1.737480E-16
6232.53086376191  2.022262E-16
6235.9140777588  1.861956E-16
6239.29729175569  1.800074E-16
6242.68050575258  1.817168E-16
6246.06371974946  1.675501E-16
6249.44693374635  2.094629E-16
6252.83014774324  1.696553E-16
6256.21336174012  2.172722E-16
6259.59657573701  1.794412E-16
6262.9797897339  1.541412E-16
6266.36300373079  1.957163E-16
6269.74621772767  1.952836E-16
6273.12943172456  1.841177E-16
6276.51264572145  1.960549E-16
6279.89585971833  2.048802E-16
6283.27907371522  1.887468E-16
6286.66228771211  1.525651E-16
6290.045501709  1.577110E-16
6293.42871570588  1.718594E-16
6296.81192970277  1.982190E-16
6300.19514369966  1.877653E-16
6303.57835769654  1.623094E-16
6306.96157169343  1.717681E-16
6310.34478569032  1.588241E-16
6313.72799968721  1.774766E-16
6317.11121368409  1.674254E-16
6320.49442768098  1.584892E-16
6323.87764167787  2.392414E-16
6327.26085567476  2.280693E-16
6330.64406967164  2.201442E-16
6334.02728366853  1.897661E-16
6337.41049766542  1.497123E-16
6340.7937116623  1.589177E-16
6344.17692565919  1.695113E-16
6347.56013965608  1.515380E-16
6350.94335365297  1.761928E-16
6354.32656764985  2.056387E-16
6357.70978164674  1.864248E-16
6361.09299564363  1.583691E-16
6364.47620964051  1.700196E-16
6367.8594236374  1.606311E-16
6371.24263763429  1.252278E-16
6374.62585163118  1.805068E-16
6378.00906562806  2.115143E-16
6381.39227962495  1.863260E-16
6384.77549362184  1.744255E-16
6388.15870761872  1.559009E-16
6391.54192161561  1.920843E-16
6394.9251356125  1.858308E-16
6398.30834960939  1.650925E-16
6401.69156360627  1.831589E-16
6405.07477760316  1.862875E-16
6408.45799160005  1.637680E-16
6411.84120559693  1.419616E-16
6415.22441959382  1.525410E-16
6418.60763359071  1.650729E-16
6421.9908475876  1.837849E-16
6425.37406158448  1.894786E-16
6428.75727558137  1.741104E-16
6432.14048957826  2.016784E-16
6435.52370357515  1.702118E-16
6438.90691757203  1.527122E-16
6442.29013156892  1.544237E-16
6445.67334556581  1.656158E-16
6449.05655956269  1.386485E-16
6452.43977355958  1.339675E-16
6455.82298755647  1.981246E-16
6459.20620155336  2.030811E-16
6462.58941555024  1.605843E-16
6465.97262954713  1.781613E-16
6469.35584354402  2.148559E-16
6472.7390575409  2.113130E-16
6476.12227153779  1.799470E-16
6479.50548553468  1.918640E-16
6482.88869953157  2.085868E-16
6486.27191352845  1.906164E-16
6489.65512752534  1.922230E-16
6493.03834152223  1.670057E-16
6496.42155551912  1.458462E-16
6499.804769516  1.606530E-16
6503.18798351289  1.561389E-16
6506.57119750978  1.591191E-16
6509.95441150667  1.821944E-16
6513.33762550355  1.667687E-16
6516.72083950044  1.499393E-16
6520.10405349733  1.679069E-16
6523.48726749421  1.545322E-16
6526.8704814911  1.692155E-16
6530.25369548799  1.855482E-16
6533.63690948487  1.376882E-16
6537.02012348176  1.447049E-16
6540.40333747865  1.902210E-16
6543.78655147554  2.017909E-16
6547.16976547242  1.516455E-16
6550.55297946931  1.860436E-16
6553.9361934662  1.946236E-16
6557.31940746309  1.276281E-16
6560.70262145997  1.210502E-16
6564.08583545686  1.615497E-16
6567.46904945375  1.908531E-16
6570.85226345064  1.806157E-16
6574.23547744752  1.775477E-16
6577.61869144441  1.962392E-16
6581.0019054413  1.676172E-16
6584.38511943818  1.416438E-16
6587.76833343507  1.505370E-16
6591.15154743196  1.749835E-16
6594.53476142885  2.085052E-16
6597.91797542573  1.715813E-16
6601.30118942262  1.697035E-16
6604.68440341951  1.854392E-16
6608.06761741639  1.559362E-16
6611.45083141328  1.637462E-16
6614.83404541017  1.852349E-16
6618.21725940706  1.455072E-16
6621.60047340394  1.392358E-16
6624.98368740083  1.463721E-16
6628.36690139772  1.515407E-16
6631.7501153946  1.480719E-16
6635.13332939149  1.286049E-16
6638.51654338838  1.294246E-16
6641.89975738527  1.465682E-16
6645.28297138215  1.418240E-16
6648.66618537904  1.344195E-16
6652.04939937593  1.417931E-16
6655.43261337282  1.098456E-16
6658.8158273697  1.178898E-16
6662.19904136659  1.516763E-16
6665.58225536348  1.316588E-16
6668.96546936036  1.408724E-16
6672.34868335725  1.829003E-16
6675.73189735414  1.695757E-16
6679.11511135103  1.581507E-16
6682.49832534791  1.592967E-16
6685.8815393448  1.458314E-16
6689.26475334169  1.607968E-16
6692.64796733857  1.568787E-16
6696.03118133546  1.541873E-16
6699.41439533235  1.692011E-16
6702.79760932924  1.473533E-16
6706.18082332612  1.409624E-16
6709.56403732301  1.432622E-16
6712.9472513199  1.174938E-16
6716.33046531678  1.080328E-16
6719.71367931367  1.763844E-16
6723.09689331056  1.140579E-16
6726.48010730745  1.283637E-16
6729.86332130433  1.820129E-16
6733.24653530122  1.193457E-16
6736.62974929811  1.327497E-16
6740.012963295  1.807152E-16
6743.39617729188  1.580577E-16
6746.77939128877  1.469180E-16
6750.16260528566  1.716699E-16
6753.54581928255  1.793166E-16
6756.92903327943  1.057528E-16
6760.31224727632  1.234774E-16
6763.69546127321  1.705915E-16
6767.07867527009  1.537511E-16
6770.46188926698  1.405480E-16
6773.84510326387  1.047230E-16
6777.22831726076  1.162639E-16
6780.61153125764  1.352300E-16
6783.99474525453  1.306856E-16
6787.37795925142  1.678342E-16
6790.7611732483  1.879254E-16
6794.14438724519  1.258759E-16
6797.52760124208  1.143234E-16
6800.91081523896  1.356898E-16
6804.29402923585  1.232092E-16
6807.67724323274  1.366018E-16
6811.06045722963  1.308465E-16
6814.44367122652  1.380147E-16
6817.8268852234  1.476749E-16
6821.21009922029  1.188104E-16
6824.59331321718  1.102878E-16
6827.97652721406  1.282395E-16
6831.35974121095  1.411167E-16
6834.74295520784  1.545295E-16
6838.12616920473  1.709951E-16
6841.50938320161  1.876045E-16
6844.8925971985  1.766994E-16
6848.27581119539  1.681741E-16
6851.65902519227  1.708652E-16
6855.04223918916  1.301579E-16
6858.42545318605  1.081037E-16
6861.80866718293  1.384527E-16
6865.19188117982  1.783059E-16
6868.57509517671  1.810797E-16
6871.9583091736  1.704606E-16
6875.34152317049  1.465949E-16
6878.72473716737  1.095009E-16
6882.10795116426  1.014653E-16
6885.49116516114  7.914173E-17
6888.87437915803  8.234693E-17
6892.25759315492  9.045812E-17
6895.64080715181  8.908342E-17
6899.0240211487  8.920036E-17
6902.40723514558  1.113704E-16
6905.79044914247  1.325842E-16
6909.17366313936  1.451542E-16
6912.55687713624  1.258653E-16
6915.94009113313  1.254657E-16
6919.32330513002  9.939506E-17
6922.70651912691  1.130338E-16
6926.08973312379  1.294096E-16
6929.47294712068  8.401646E-17
6932.85616111757  9.252980E-17
6936.23937511445  1.274757E-16
6939.62258911134  1.417926E-16
6943.00580310823  1.238748E-16
6946.38901710511  1.124257E-16
6949.772231102  1.337743E-16
6953.15544509889  1.432412E-16
6956.53865909578  1.153994E-16
6959.92187309267  1.126089E-16
6963.30508708955  1.370407E-16
6966.68830108644  1.408727E-16
6970.07151508333  1.589585E-16
6973.45472908021  1.787079E-16
6976.8379430771  1.476386E-16
6980.22115707399  1.403760E-16
6983.60437107088  1.530617E-16
6986.98758506776  1.541573E-16
6990.37079906465  1.368715E-16
6993.75401306154  1.291887E-16
6997.13722705842  1.030620E-16
7000.52044105531  1.248172E-16
7003.9036550522  1.444871E-16
7007.28686904909  1.298278E-16
7010.67008304597  1.626469E-16
7014.05329704286  1.488766E-16
7017.43651103975  1.466986E-16
7020.81972503663  1.221281E-16
7024.20293903352  1.126786E-16
7027.58615303041  1.301845E-16
7030.96936702729  1.084142E-16
7034.35258102418  1.299140E-16
7037.73579502107  1.509835E-16
7041.11900901796  1.363436E-16
7044.50222301485  1.353308E-16
7047.88543701173  1.343572E-16
7051.26865100862  1.262294E-16
7054.65186500551  1.118870E-16
7058.03507900239  1.432339E-16
7061.41829299928  1.200017E-16
7064.80150699617  1.157078E-16
7068.18472099306  1.251474E-16
7071.56793498994  1.185525E-16
7074.95114898683  1.287981E-16
7078.33436298372  1.216296E-16
7081.7175769806  1.411835E-16
7085.10079097749  1.502518E-16
7088.48400497438  1.353662E-16
7091.86721897127  1.402910E-16
7095.25043296815  1.638076E-16
7098.63364696504  9.812871E-17
7102.01686096193  1.111107E-16
7105.40007495881  1.232223E-16
7108.7832889557  1.135558E-16
7112.16650295259  1.208510E-16
7115.54971694948  1.400010E-16
7118.93293094636  1.152408E-16
7122.31614494325  7.792767E-17
7125.69935894014  1.029328E-16
7129.08257293703  1.023315E-16
7132.46578693391  1.018671E-16
7135.8490009308  1.239549E-16
7139.23221492769  1.363115E-16
7142.61542892457  1.328385E-16
7145.99864292146  1.251410E-16
7149.38185691835  1.478435E-16
7152.76507091524  1.200742E-16
7156.14828491212  1.088090E-16
7159.53149890901  1.050315E-16
7162.9147129059  9.671924E-17
7166.29792690278  1.304486E-16
7169.68114089967  1.639807E-16
7173.06435489656  1.336686E-16
7176.44756889345  1.115727E-16
7179.83078289033  1.503247E-16
7183.21399688722  1.356998E-16
7186.59721088411  1.148170E-16
7189.980424881  1.281392E-16
7193.36363887788  1.046704E-16
7196.74685287477  1.030794E-16
7200.13006687166  1.063508E-16
7203.51328086854  8.048183E-17
7206.89649486543  9.904928E-17
7210.27970886232  8.580571E-17
7213.66292285921  1.046055E-16
7217.04613685609  8.118428E-17
7220.42935085298  7.209557E-17
7223.81256484987  1.023565E-16
7227.19577884675  1.137268E-16
7230.57899284364  1.040839E-16
7233.96220684053  1.060649E-16
7237.34542083742  1.260930E-16
7240.7286348343  1.472588E-16
7244.11184883119  1.112537E-16
7247.49506282808  8.113437E-17
7250.87827682496  9.084451E-17
7254.26149082185  6.772523E-17
7257.64470481874  9.904215E-17
7261.02791881563  1.130298E-16
7264.41113281251  1.183663E-16
7267.7943468094  9.373222E-17
7271.17756080629  9.832664E-17
7274.56077480318  1.253438E-16
7277.94398880006  9.933479E-17
7281.32720279695  9.380576E-17
7284.71041679384  1.064782E-16
7288.09363079072  1.191572E-16
7291.47684478761  1.014042E-16
7294.8600587845  1.065615E-16
7298.24327278139  9.940592E-17
7301.62648677827  1.362740E-16
7305.00970077516  1.146064E-16
7308.39291477205  9.437156E-17
7311.77612876893  1.196774E-16
7315.15934276582  1.018994E-16
7318.54255676271  9.613160E-17
7321.9257707596  1.034342E-16
7325.30898475648  9.237444E-17
7328.69219875337  1.071834E-16
7332.07541275026  9.197104E-17
7335.45862674714  6.759832E-17
7338.84184074403  1.049252E-16
7342.22505474092  8.893323E-17
7345.60826873781  1.134308E-16
7348.99148273469  1.146960E-16
7352.37469673158  7.269853E-17
7355.75791072847  8.472642E-17
7359.14112472535  1.225305E-16
7362.52433872224  1.270693E-16
7365.90755271913  9.795528E-17
7369.29076671602  8.859628E-17
7372.67398071291  7.508256E-17
7376.05719470979  7.881995E-17
7379.44040870668  1.047216E-16
7382.82362270357  8.961441E-17
7386.20683670045  1.181012E-16
7389.59005069734  1.281688E-16
7392.97326469423  1.038962E-16
7396.35647869112  1.053393E-16
7399.739692688  9.561576E-17
7403.12290668489  1.104785E-16
7406.50612068178  9.637846E-17
7409.88933467867  9.693720E-17
7413.27254867555  1.312901E-16
7416.65576267244  1.081128E-16
7420.03897666933  1.084718E-16
7423.42219066621  9.209830E-17
7426.8054046631  9.080625E-17
7430.18861865999  1.069374E-16
7433.57183265687  9.786987E-17
7436.95504665376  1.020248E-16
7440.33826065065  1.220770E-16
7443.72147464753  1.134378E-16
7447.10468864442  1.135491E-16
7450.48790264131  1.174762E-16
7453.8711166382  1.104546E-16
7457.25433063509  1.282097E-16
7460.63754463197  1.152146E-16
7464.02075862886  1.031127E-16
7467.40397262575  1.122386E-16
7470.78718662263  1.089512E-16
7474.17040061952  8.852693E-17
7477.55361461641  1.047287E-16
7480.9368286133  7.534232E-17
7484.32004261018  8.805289E-17
7487.70325660707  1.084044E-16
7491.08647060396  1.304747E-16
7494.46968460084  1.085867E-16
7497.85289859773  9.027957E-17
7501.23611259462  1.300117E-16
7504.61932659151  1.096353E-16
7508.00254058839  7.221833E-17
7511.38575458528  9.000471E-17
7514.76896858217  1.284236E-16
7518.15218257906  1.241651E-16
7521.53539657594  1.025643E-16
7524.91861057283  7.228919E-17
7528.30182456971  8.803203E-17
7531.6850385666  1.006254E-16
7535.06825256349  8.398414E-17
7538.45146656038  1.183904E-16
7541.83468055727  1.246948E-16
7545.21789455415  7.773578E-17
7548.60110855104  1.080210E-16
7551.98432254793  1.273700E-16
7555.36753654481  1.050025E-16
7558.7507505417  7.950084E-17
7562.13396453859  1.223819E-16
7565.51717853548  1.093275E-16
7568.90039253236  7.779554E-17
7572.28360652925  7.683126E-17
7575.66682052614  7.271969E-17
7579.05003452302  6.326107E-17
7582.43324851991  7.480205E-17
7585.8164625168  8.262161E-17
7589.19967651369  9.044644E-17
7592.58289051057  7.157526E-17
7595.96610450746  8.041725E-17
7599.34931850435  9.091085E-17
7602.73253250124  1.047013E-16
7606.11574649812  1.203790E-16
7609.49896049501  9.799901E-17
7612.8821744919  6.049161E-17
7616.26538848878  4.140731E-17
7619.64860248567  3.836185E-17
7623.03181648256  3.983697E-17
7626.41503047945  3.062127E-17
7629.79824447633  2.471476E-17
7633.18145847322  6.692992E-17
7636.56467247011  5.797729E-17
7639.947886467  6.433095E-17
7643.33110046388  7.648500E-17
7646.71431446077  7.372169E-17
7650.09752845766  3.154247E-17
7653.48074245454  4.551106E-17
7656.86395645143  4.405334E-17
7660.24717044832  3.976254E-17
7663.6303844452  5.536946E-17
7667.01359844209  6.181184E-17
7670.39681243898  7.035787E-17
7673.78002643587  5.747093E-17
7677.16324043275  5.746869E-17
7680.54645442964  5.214084E-17
7683.92966842653  4.543178E-17
7687.31288242342  7.168101E-17
7690.6960964203  7.762322E-17
7694.07931041719  8.099596E-17
7697.46252441408  8.456723E-17
7700.84573841096  6.274944E-17
7704.22895240785  6.323978E-17
7707.61216640474  7.944838E-17
7710.99538040163  7.672554E-17
7714.37859439851  7.804898E-17
7717.7618083954  6.294134E-17
7721.14502239229  1.045873E-16
7724.52823638917  8.831063E-17
7727.91145038606  7.190356E-17
7731.29466438295  1.436087E-16
7734.67787837984  1.531918E-16
7738.06109237672  7.887722E-17
7741.44430637361  1.437260E-16
7744.8275203705  1.447377E-16
7748.21073436739  7.977848E-17
7751.59394836427  6.775677E-17
7754.97716236116  5.708527E-17
7758.36037635805  1.048517E-16
7761.74359035493  7.187892E-17
7765.12680435182  4.145816E-17
7768.51001834871  1.074305E-16
7771.8932323456  1.413428E-16
7775.27644634248  6.985691E-17
7778.65966033937  1.069821E-16
7782.04287433626  1.173417E-16
7785.42608833315  6.893644E-17
7788.80930233003  5.876212E-17
7792.19251632692  5.339738E-17
7795.57573032381  5.330948E-17
7798.95894432069  6.265024E-17
7802.34215831758  4.932958E-17
7805.72537231447  6.198652E-17
7809.10858631136  7.546706E-17
7812.49180030824  1.102775E-16
7815.87501430513  1.014745E-16
7819.25822830202  1.069329E-16
7822.6414422989  1.044131E-16
7826.02465629579  7.870249E-17
7829.40787029268  6.560943E-17
7832.79108428957  7.288361E-17
7836.17429828645  1.077844E-16
7839.55751228334  8.716596E-17
7842.94072628023  4.710812E-17
7846.32394027711  1.059999E-16
7849.707154274  1.102509E-16
7853.09036827089  4.129237E-17
7856.47358226778  6.633474E-17
7859.85679626466  7.434298E-17
7863.24001026155  6.011280E-17
7866.62322425844  6.966662E-17
7870.00643825533  7.230223E-17
7873.38965225221  8.988882E-17
7876.7728662491  9.743152E-17
7880.15608024599  9.053120E-17
7883.53929424287  7.596594E-17
7886.92250823976  5.747743E-17
7890.30572223665  5.927249E-17
7893.68893623354  3.828568E-17
7897.07215023042  7.757184E-17
7900.45536422731  8.563494E-17
7903.8385782242  7.480268E-17
7907.22179222108  4.241045E-17
7910.60500621797  5.265619E-17
7913.98822021486  7.369870E-17
7917.37143421175  8.040505E-17
7920.75464820863  8.468539E-17
7924.13786220552  5.330797E-17
7927.52107620241  7.727728E-17
7930.9042901993  1.030519E-16
7934.28750419618  7.541686E-17
7937.67071819307  6.872400E-17
7941.05393218996  1.017845E-16
7944.43714618684  5.537995E-17
7947.82036018373  4.895051E-17
7951.20357418062  8.095953E-17
7954.58678817751  4.193373E-17
7957.97000217439  3.459373E-17
7961.35321617128  6.689334E-17
7964.73643016817  8.024246E-17
7968.11964416506  8.270835E-17
7971.50285816194  9.232113E-17
7974.88607215883  5.852967E-17
7978.26928615572  9.692656E-17
7981.6525001526  8.422857E-17
7985.03571414949  5.077101E-17
7988.41892814638  9.055558E-17
7991.80214214326  1.009440E-16
7995.18535614015  8.171522E-17
7998.56857013704  8.175391E-17
8001.95178413393  7.333596E-17
8005.33499813081  6.333841E-17
8008.7182121277  1.099124E-16
8012.10142612459  4.856391E-17
8015.48464012148  1.630445E-17
8018.86785411836  4.188349E-17
8022.25106811525  9.128882E-17
8025.63428211214  7.544954E-17
8029.01749610902  5.256998E-17
8032.40071010591  6.829833E-17
8035.7839241028  8.315082E-17
8039.16713809969  1.138607E-16
8042.55035209657  6.832241E-17
8045.93356609346  6.381181E-17
8049.31678009035  7.315115E-17
8052.69999408723  8.386555E-17
8056.08320808412  7.356220E-17
8059.46642208101  7.365122E-17
8062.8496360779  5.934982E-17
8066.23285007478  5.841259E-17
8069.61606407167  8.426263E-17
8072.99927806856  1.085794E-16
8076.38249206545  8.029686E-17
8079.76570606233  6.204107E-17
8083.14892005922  8.428288E-17
8086.53213405611  1.045508E-16
8089.91534805299  6.503985E-17
8093.29856204988  3.304360E-17
8096.68177604677  7.063330E-17
8100.06499004366  4.431310E-17
8103.44820404054  4.144619E-17
8106.83141803743  9.148956E-17
8110.21463203432  7.233890E-17
8113.5978460312  5.808996E-17
8116.98106002809  7.784391E-17
8120.36427402498  7.499149E-17
8123.74748802187  8.974333E-17
8127.13070201875  9.103469E-17
8130.51391601564  2.462672E-17
8133.89713001253  2.943508E-17
8137.28034400942  5.731711E-17
8140.6635580063  4.730092E-17
8144.04677200319  4.918035E-17
8147.42998600008  6.034142E-17
8150.81319999696  5.933783E-17
8154.19641399385  6.166789E-17
8157.57962799074  7.339718E-17
8160.96284198763  8.345125E-17
8164.34605598451  5.909458E-17
8167.7292699814  7.421079E-17
8171.11248397829  5.544370E-17
8174.49569797517  5.081320E-17
8177.87891197206  7.574228E-17
8181.26212596895  6.972995E-17
8184.64533996584  8.016028E-17
8188.02855396272  7.395723E-17
8191.41176795961  4.837014E-17
8194.7949819565  5.167267E-17
8198.17819595338  2.458821E-17
8201.56140995027  3.719428E-17
8204.94462394716  4.208442E-17
8208.32783794405  4.147837E-17
8211.71105194093  4.956764E-17
8215.09426593782  4.510305E-17
8218.47747993471  4.538810E-17
8221.86069393159  3.942634E-17
8225.24390792848  4.071539E-17
8228.62712192537  5.135145E-17
8232.01033592226  6.162078E-17
8235.39354991914  5.207375E-17
8238.77676391603  6.155617E-17
8242.15997791292  3.516217E-17
8245.54319190981  2.405168E-17
8248.92640590669  5.689755E-17
8252.30961990358  6.459017E-17
8255.69283390047  6.396021E-17
8259.07604789735  7.372798E-17
8262.45926189424  6.192465E-17
8265.84247589113  5.147183E-17
8269.22568988801  4.391698E-17
8272.6089038849  3.417327E-17
8275.99211788179  5.942700E-17
8279.37533187868  3.144124E-17
8282.75854587556  5.873176E-17
8286.14175987245  6.231012E-17
8289.52497386934  5.958435E-17
8292.90818786623  5.230252E-17
8296.29140186311  1.790459E-17
8299.67461586  1.064727E-17
8303.05782985689  4.944106E-17
8306.44104385378  6.519248E-17
8309.82425785066  6.750141E-17
8313.20747184755  7.370983E-17
8316.59068584444  1.092182E-16
8319.97389984132  9.035982E-17
8323.35711383821  6.978178E-17
8326.7403278351  5.935810E-17
8330.12354183198  7.739858E-17
8333.50675582887  7.512577E-17
8336.88996982576  6.637389E-17
8340.27318382265  8.678936E-17
8343.65639781953  9.164520E-17
8347.03961181642  7.923089E-17
8350.42282581331  5.437434E-17
8353.8060398102  1.860380E-17
8357.18925380708  4.640875E-17
8360.57246780397  1.517789E-17
8363.95568180086  5.067243E-17
8367.33889579774  5.091079E-17
8370.72210979463  6.135396E-17
8374.10532379152  8.540359E-17
8377.48853778841  7.146719E-17
8380.87175178529  5.556900E-17
8384.25496578218  5.498307E-17
8387.63817977907  7.649073E-17
8391.02139377595  5.922191E-17
8394.40460777284  6.100615E-17
8397.78782176973  2.246559E-17
8401.17103576662  2.730533E-17
8404.5542497635  8.958776E-17
8407.93746376039  8.479102E-17
8411.32067775728  4.125465E-17
8414.70389175417  3.774615E-17
8418.08710575105  4.150018E-17
8421.47031974794  -2.302861E-17
8424.85353374483  1.321110E-17
8428.23674774171  1.302438E-16
8431.6199617386  1.226404E-16
8435.00317573549  5.021735E-17
8438.38638973238  2.127792E-17
8441.76960372926  4.539770E-17
8445.15281772615  9.684175E-17
8448.53603172304  9.287704E-17
8451.91924571992  3.922446E-17
8455.30245971681  6.720713E-17
8458.6856737137  8.941356E-17
8462.06888771059  7.786366E-17
8465.45210170747  6.802471E-17
8468.83531570436  3.660880E-17
8472.21852970125  6.848548E-17
8475.60174369814  7.628316E-18
8478.98495769502  3.852435E-17
8482.36817169191  9.780083E-17
8485.7513856888  7.295364E-17
8489.13459968569  4.156503E-17
8492.51781368257  5.764798E-17
8495.90102767946  4.014361E-17
8499.28424167635  1.972459E-17
8502.66745567323  4.512034E-17
8506.05066967012  5.478583E-17
8509.43388366701  4.293785E-17
8512.8170976639  5.257203E-17
8516.20031166078  5.694932E-17
8519.58352565767  4.171324E-17
8522.96673965456  5.328861E-17
8526.34995365144  6.442875E-17
8529.73316764833  4.348600E-17
8533.11638164522  2.398214E-17
8536.49959564211  3.564384E-17
8539.88280963899  7.441858E-17
8543.26602363588  8.107346E-17
8546.64923763277  6.474570E-17
8550.03245162966  5.345511E-17
8553.41566562654  2.115184E-17
8556.79887962343  1.932340E-17
8560.18209362032  5.061020E-17
8563.5653076172  6.625986E-17
8566.94852161409  8.340037E-17
8570.33173561098  6.010779E-17
8573.71494960787  2.195976E-17
8577.09816360475  3.098050E-17
8580.48137760164  5.254350E-17
8583.86459159853  7.970014E-17
8587.24780559541  4.461977E-17
8590.6310195923  3.788040E-17
8594.01423358919  2.904979E-17
8597.39744758608  1.166275E-17
8600.78066158296  4.695518E-17
8604.16387557985  6.650514E-17
8607.54708957674  3.955071E-17
8610.93030357362  4.172854E-17
8614.31351757051  5.180336E-17
8617.6967315674  6.158090E-17
8621.07994556429  5.564356E-17
8624.46315956117  7.975821E-17
8627.84637355806  7.373119E-17
8631.22958755495  5.672313E-17
8634.61280155184  3.612844E-17
8637.99601554872  -6.229155E-18
8641.37922954561  4.331199E-17
8644.7624435425  3.089867E-17
8648.14565753938  3.722203E-17
8651.52887153627  6.849834E-17
8654.91208553316  6.634380E-17
8658.29529953005  9.306665E-17
8661.67851352693  1.061227E-16
8665.06172752382  5.104047E-17
8668.44494152071  5.167873E-17
8671.82815551759  8.962305E-17
8675.21136951448  7.511139E-17
8678.59458351137  8.603497E-17
8681.97779750826  3.952680E-17
8685.36101150514  3.732504E-17
8688.74422550203  1.238440E-16
8692.12743949892  8.585613E-17
8695.51065349581  3.918455E-17
8698.89386749269  4.004902E-17
8702.27708148958  3.199880E-17
8705.66029548647  8.176821E-17
8709.04350948335  9.389008E-17
8712.42672348024  3.072233E-17
8715.80993747713  2.760059E-17
8719.19315147402  3.824563E-17
8722.5763654709  3.194334E-17
8725.95957946779  3.333936E-17
8729.34279346468  4.525540E-17
8732.72600746156  1.002941E-16
8736.10922145845  9.724452E-17
8739.49243545534  6.325080E-17
8742.87564945223  8.026980E-17
8746.25886344911  4.688175E-17
8749.642077446  3.108798E-17
8753.02529144289  3.989567E-17
8756.40850543977  5.550347E-17
8759.79171943666  5.028874E-17
8763.17493343355  5.133934E-17
8766.55814743044  5.614265E-17
8769.94136142733  4.901379E-17
8773.32457542421  5.529660E-17
8776.7077894211  9.148782E-17
8780.09100341798  9.238502E-17
8783.47421741487  3.926021E-17
8786.85743141176  2.721078E-17
8790.24064540865  7.645301E-17
8793.62385940553  4.647954E-17
8797.00707340242  3.424802E-17
8800.39028739931  6.539399E-17
8803.7735013962  8.559650E-17
8807.15671539308  7.060973E-17
8810.53992938997  4.766569E-17
8813.92314338686  3.702962E-17
8817.30635738374  6.478869E-18
8820.68957138063  3.930187E-17
8824.07278537752  7.634790E-17
8827.45599937441  8.344282E-18
8830.8392133713  1.718818E-17
8834.22242736818  2.342482E-17
8837.60564136507  3.202549E-17
8840.98885536195  6.036256E-18
8844.37206935884  1.218287E-17
8847.75528335573  1.502756E-16
8851.13849735262  1.137384E-16
8854.5217113495  5.822146E-17
8857.90492534639  5.931177E-17
8861.28813934328  2.028874E-17
8864.67135334017  1.511265E-17
8868.05456733705  2.642230E-17
8871.43778133394  6.691071E-17
8874.82099533083  7.631659E-17
8878.20420932771  4.280784E-17
8881.5874233246  9.481515E-17
8884.97063732149  6.563789E-17
8888.35385131838  6.835465E-18
8891.73706531527  1.288948E-17
8895.12027931215  7.327315E-17
8898.50349330904  1.072312E-16
8901.88670730593  2.280720E-17
8905.26992130281  5.602560E-18
8908.6531352997  6.058174E-17
8912.03634929659  3.304253E-17
8915.41956329347  5.325167E-17
8918.80277729036  6.438986E-17
8922.18599128725  4.962636E-17
8925.56920528414  9.256181E-17
8928.95241928103  4.171571E-17
8932.33563327791  1.090851E-16
8935.7188472748  9.664291E-17
8939.10206127169  3.945749E-17
8942.48527526857  5.136858E-17
8945.86848926546  3.951545E-17
8949.25170326235  6.452422E-17
8952.63491725924  5.042932E-17
8956.01813125612  2.396761E-17
8959.40134525301  2.818324E-18
8962.7845592499  -2.222151E-18
8966.16777324678  -8.767946E-18
8969.55098724367  -1.115337E-17
8972.93420124056  3.499927E-17
8976.31741523744  5.708160E-17
8979.70062923433  4.841525E-17
8983.08384323122  3.051036E-17
8986.46705722811  2.580743E-17
8989.85027122499  3.584278E-17
8993.23348522188  3.728038E-17
8996.61669921877  2.298107E-17
8999.99991321566  5.641037E-17
