# SN1987A    bands=BVRI 
# mu=18.49+/-0.00  ABg=0.79+/-0.00 ABi=0.00+/-0.00 
  0.25  40.507  0.016 
  0.43  40.755  0.016 
  1.26  40.987  0.016 
  1.62  41.031  0.016 
  1.63  41.035  0.016 
  2.63  41.069  0.015 
  3.58  41.053  0.015 
  3.59  41.076  0.015 
  3.65  41.083  0.015 
  3.89  41.078  0.015 
  4.70  41.072  0.015 
  4.95  41.067  0.015 
  5.60  41.054  0.015 
  5.93  41.035  0.015 
  6.60  41.028  0.014 
  6.95  41.035  0.014 
  7.93  41.023  0.014 
  8.60  41.029  0.014 
  8.92  41.030  0.014 
  9.75  41.037  0.014 
  9.92  41.036  0.014 
 10.58  41.037  0.014 
 10.92  41.044  0.014 
 11.56  41.051  0.014 
 12.58  41.063  0.014 
 13.70  41.073  0.015 
 13.92  41.071  0.015 
 14.56  41.079  0.015 
 14.95  41.082  0.015 
 15.56  41.089  0.015 
 15.94  41.090  0.015 
 16.55  41.099  0.015 
 16.96  41.101  0.015 
 17.56  41.115  0.015 
 18.56  41.118  0.015 
 18.84  41.132  0.015 
 19.86  41.126  0.015 
 20.90  41.134  0.015 
 21.58  41.145  0.015 
 22.56  41.154  0.015 
 23.56  41.163  0.015 
 23.90  41.165  0.015 
 24.55  41.180  0.015 
 24.87  41.176  0.015 
 25.56  41.188  0.015 
 25.88  41.186  0.015 
 26.56  41.195  0.015 
 26.89  41.194  0.015 
 27.55  41.201  0.015 
 28.55  41.212  0.015 
 29.56  41.225  0.015 
 30.55  41.231  0.015 
 30.90  41.233  0.015 
 31.55  41.243  0.015 
 31.89  41.244  0.015 
 32.55  41.256  0.015 
 32.88  41.253  0.015 
 33.90  41.267  0.015 
 34.61  41.279  0.015 
 34.89  41.275  0.015 
 35.55  41.288  0.015 
 35.91  41.286  0.015 
 36.64  41.300  0.015 
 36.91  41.300  0.015 
 37.56  41.314  0.015 
 37.89  41.311  0.015 
 38.55  41.325  0.015 
 39.86  41.337  0.015 
 40.62  41.350  0.015 
 41.70  41.368  0.015 
 41.84  41.364  0.015 
 42.55  41.376  0.015 
 42.84  41.374  0.015 
 43.82  41.386  0.015 
 44.56  41.394  0.015 
 44.84  41.397  0.015 
 45.56  41.406  0.015 
 45.83  41.406  0.015 
 46.86  41.416  0.015 
 47.56  41.427  0.015 
 47.82  41.429  0.015 
 48.56  41.438  0.015 
 49.55  41.450  0.015 
 51.55  41.476  0.015 
 51.83  41.472  0.015 
 52.81  41.482  0.015 
 53.55  41.490  0.015 
 53.86  41.494  0.015 
 54.65  41.504  0.015 
 54.83  41.505  0.015 
 56.60  41.519  0.015 
 57.55  41.527  0.015 
 58.80  41.535  0.015 
 59.54  41.545  0.015 
 59.85  41.545  0.015 
 60.54  41.555  0.015 
 61.54  41.562  0.015 
 62.54  41.564  0.015 
 62.81  41.566  0.015 
 63.80  41.572  0.015 
 64.54  41.570  0.015 
 66.55  41.602  0.015 
 67.53  41.596  0.015 
 68.53  41.593  0.015 
 68.82  41.599  0.015 
 69.52  41.606  0.015 
 69.79  41.604  0.015 
 70.81  41.610  0.015 
 73.53  41.623  0.015 
 73.81  41.618  0.015 
 74.56  41.637  0.015 
 74.79  41.627  0.015 
 75.56  41.641  0.015 
 75.80  41.627  0.015 
 76.81  41.629  0.015 
 79.80  41.632  0.015 
 80.60  41.641  0.015 
 80.79  41.633  0.015 
 81.84  41.632  0.015 
 82.53  41.638  0.015 
 84.52  41.637  0.015 
 85.53  41.638  0.015 
 85.84  41.634  0.015 
 86.52  41.639  0.015 
 86.78  41.637  0.015 
 87.80  41.635  0.015 
 89.80  41.631  0.015 
 91.52  41.633  0.015 
 92.53  41.632  0.015 
 93.50  41.624  0.015 
 93.78  41.617  0.015 
 95.78  41.609  0.015 
 97.52  41.595  0.015 
 98.79  41.581  0.015 
 99.51  41.576  0.015 
101.77  41.549  0.015 
102.50  41.541  0.015 
102.76  41.535  0.015 
103.82  41.524  0.015 
104.50  41.513  0.015 
104.80  41.500  0.015 
105.51  41.495  0.015 
106.78  41.469  0.015 
107.78  41.451  0.015 
108.77  41.432  0.015 
109.51  41.424  0.015 
109.78  41.409  0.015 
110.80  41.389  0.015 
111.50  41.379  0.015 
111.79  41.366  0.015 
112.50  41.351  0.015 
113.79  41.319  0.015 
114.77  41.302  0.015 
115.52  41.299  0.015 
115.77  41.280  0.015 
115.98  41.278  0.015 
116.51  41.265  0.015 
116.79  41.258  0.015 
117.51  41.251  0.015 
117.78  41.243  0.015 
118.50  41.233  0.015 
118.78  41.225  0.015 
119.78  41.209  0.015 
120.98  41.202  0.015 
121.79  41.189  0.015 
122.52  41.189  0.015 
122.78  41.182  0.015 
123.78  41.177  0.015 
125.79  41.165  0.015 
125.98  41.172  0.015 
128.50  41.155  0.015 
128.80  41.149  0.015 
129.77  41.144  0.015 
130.52  41.152  0.015 
130.78  41.137  0.015 
131.51  41.141  0.015 
131.78  41.135  0.015 
132.23  41.133  0.015 
132.52  41.138  0.015 
133.51  41.138  0.015 
134.98  41.128  0.015 
135.99  41.124  0.015 
137.00  41.121  0.015 
139.97  41.118  0.015 
140.91  41.108  0.015 
141.99  41.103  0.015 
147.99  41.079  0.015 
148.97  41.075  0.015 
149.97  41.073  0.015 
150.91  41.070  0.015 
155.95  41.053  0.015 
156.95  41.049  0.015 
157.21  41.040  0.015 
157.95  41.044  0.015 
158.19  41.036  0.015 
159.20  41.031  0.015 
159.95  41.037  0.015 
160.19  41.031  0.015 
163.97  41.024  0.015 
164.21  41.015  0.015 
164.98  41.022  0.015 
170.83  41.003  0.015 
171.88  40.998  0.015 
172.86  40.995  0.015 
173.97  40.994  0.015 
175.21  40.980  0.015 
175.88  40.987  0.015 
177.19  40.974  0.015 
177.97  40.980  0.015 
178.97  40.968  0.015 
181.93  40.966  0.015 
183.87  40.956  0.015 
183.87  40.957  0.015 
184.90  40.953  0.015 
188.20  40.934  0.015 
190.96  40.937  0.015 
191.85  40.938  0.015 
192.19  40.922  0.015 
193.80  40.931  0.015 
194.84  40.925  0.015 
195.15  40.914  0.015 
195.78  40.922  0.015 
196.80  40.922  0.015 
197.84  40.916  0.015 
198.15  40.902  0.015 
198.97  40.906  0.015 
199.86  40.924  0.015 
201.10  40.903  0.015 
202.91  40.899  0.015 
204.93  40.890  0.015 
205.09  40.880  0.015 
205.88  40.888  0.015 
205.88  40.887  0.015 
206.92  40.883  0.015 
213.93  40.864  0.015 
215.11  40.848  0.015 
218.82  40.850  0.015 
220.80  40.844  0.015 
221.87  40.835  0.015 
222.92  40.832  0.015 
223.93  40.827  0.015 
224.82  40.832  0.015 
225.82  40.826  0.015 
227.72  40.818  0.015 
228.82  40.812  0.015 
230.89  40.808  0.015 
231.85  40.801  0.015 
232.93  40.799  0.015 
235.79  40.792  0.015 
236.83  40.788  0.015 
238.12  40.774  0.015 
240.03  40.765  0.015 
240.88  40.778  0.015 
246.07  40.749  0.015 
246.68  40.755  0.015 
247.13  40.743  0.015 
248.76  40.748  0.015 
249.67  40.746  0.015 
250.77  40.738  0.015 
251.71  40.738  0.015 
252.75  40.737  0.015 
253.75  40.733  0.015 
254.06  40.722  0.015 
254.82  40.726  0.015 
255.75  40.723  0.015 
256.68  40.720  0.015 
257.10  40.703  0.015 
257.89  40.714  0.015 
258.79  40.726  0.015 
259.82  40.715  0.015 
260.66  40.708  0.015 
260.94  40.697  0.015 
263.59  40.694  0.015 
264.60  40.694  0.015 
265.68  40.688  0.015 
266.64  40.686  0.015 
268.00  40.670  0.015 
268.74  40.678  0.015 
269.57  40.682  0.015 
270.69  40.673  0.015 
271.78  40.667  0.015 
272.09  40.655  0.015 
272.76  40.664  0.015 
273.60  40.661  0.015 
273.78  40.660  0.015 
274.07  40.648  0.015 
274.63  40.657  0.015 
275.67  40.653  0.015 
276.76  40.646  0.015 
277.70  40.644  0.015 
279.65  40.640  0.015 
281.05  40.626  0.015 
281.68  40.632  0.015 
282.78  40.627  0.015 
283.73  40.624  0.015 
285.74  40.615  0.015 
286.01  40.603  0.015 
286.70  40.610  0.015 
288.76  40.604  0.015 
291.65  40.593  0.015 
292.70  40.588  0.015 
293.12  40.577  0.015 
293.65  40.586  0.015 
294.67  40.582  0.015 
295.58  40.580  0.015 
295.99  40.568  0.015 
297.64  40.575  0.015 
297.95  40.560  0.015 
298.59  40.572  0.015 
299.08  40.557  0.015 
299.67  40.564  0.015 
299.92  40.553  0.015 
301.06  40.549  0.015 
301.97  40.544  0.015 
302.64  40.551  0.015 
302.74  40.551  0.015 
303.74  40.546  0.015 
304.82  40.544  0.015 
305.75  40.538  0.015 
306.63  40.533  0.015 
307.64  40.529  0.015 
308.61  40.529  0.015 
308.96  40.517  0.015 
309.64  40.525  0.015 
310.68  40.520  0.015 
312.89  40.517  0.015 
313.68  40.510  0.015 
314.70  40.506  0.015 
315.70  40.500  0.015 
316.70  40.498  0.015 
316.92  40.486  0.015 
317.75  40.494  0.015 
318.68  40.490  0.015 
319.80  40.487  0.015 
320.52  40.481  0.015 
321.60  40.482  0.015 
321.93  40.471  0.015 
322.71  40.478  0.015 
323.69  40.470  0.015 
324.71  40.466  0.015 
325.70  40.460  0.015 
326.60  40.457  0.015 
327.63  40.452  0.015 
328.68  40.450  0.015 
328.92  40.440  0.015 
330.91  40.432  0.015 
332.75  40.430  0.015 
333.76  40.431  0.015 
335.77  40.420  0.015 
336.77  40.416  0.015 
337.63  40.413  0.015 
337.90  40.404  0.015 
338.62  40.406  0.015 
339.62  40.403  0.015 
339.93  40.395  0.015 
341.60  40.398  0.015 
342.68  40.393  0.015 
343.63  40.390  0.015 
344.59  40.384  0.015 
344.94  40.376  0.015 
345.61  40.381  0.015 
345.95  40.370  0.015 
346.60  40.374  0.015 
348.75  40.366  0.015 
348.91  40.356  0.015 
351.76  40.353  0.015 
352.75  40.352  0.015 
353.74  40.348  0.015 
354.67  40.343  0.015 
355.72  40.330  0.015 
355.90  40.326  0.015 
359.70  40.323  0.015 
361.93  40.304  0.015 
362.57  40.310  0.015 
363.57  40.306  0.015 
364.57  40.300  0.015 
365.61  40.295  0.015 
367.61  40.289  0.015 
368.87  40.277  0.015 
369.63  40.281  0.015 
370.62  40.275  0.015 
371.85  40.263  0.015 
373.61  40.258  0.015 
374.61  40.256  0.015 
377.88  40.235  0.015 
380.58  40.226  0.015 
381.85  40.218  0.015 
383.59  40.217  0.015 
385.58  40.211  0.015 
386.55  40.207  0.015 
386.84  40.199  0.015 
387.55  40.205  0.015 
389.56  40.192  0.015 
390.56  40.189  0.015 
390.87  40.177  0.015 
391.56  40.184  0.015 
392.56  40.180  0.015 
393.56  40.176  0.015 
393.91  40.166  0.015 
394.56  40.171  0.015 
395.86  40.157  0.015 
396.55  40.162  0.015 
397.55  40.158  0.015 
398.55  40.151  0.015 
399.82  40.142  0.015 
400.55  40.143  0.015 
401.55  40.139  0.015 
401.84  40.133  0.015 
401.84  40.133  0.015 
402.54  40.136  0.015 
403.55  40.132  0.015 
408.86  40.101  0.015 
409.56  40.105  0.015 
410.54  40.100  0.015 
411.67  40.096  0.015 
412.54  40.092  0.015 
413.54  40.085  0.015 
414.54  40.066  0.015 
415.57  40.078  0.015 
415.81  40.068  0.015 
416.59  40.075  0.015 
417.54  40.067  0.015 
418.53  40.061  0.015 
418.83  40.056  0.015 
420.53  40.051  0.015 
421.85  40.041  0.015 
424.54  40.036  0.015 
425.54  40.029  0.015 
426.82  40.018  0.015 
428.54  40.016  0.015 
429.64  40.014  0.015 
430.68  40.007  0.015 
431.55  40.002  0.015 
432.54  39.995  0.015 
433.54  39.994  0.015 
434.53  39.988  0.014 
436.52  39.980  0.014 
436.83  39.973  0.014 
437.52  39.973  0.014 
438.52  39.973  0.014 
439.52  39.965  0.014 
439.82  39.957  0.014 
440.52  39.959  0.014 
441.53  39.955  0.014 
442.53  39.940  0.015 
447.53  39.928  0.014 
448.52  39.922  0.014 
449.55  39.915  0.014 
455.80  39.882  0.014 
461.56  39.850  0.014 
467.56  39.825  0.014 
471.98  39.797  0.014 
472.98  39.793  0.014 
473.51  39.797  0.014 
476.83  39.775  0.014 
476.83  39.776  0.014 
478.52  39.770  0.014 
479.53  39.765  0.014 
480.53  39.759  0.014 
481.52  39.753  0.014 
484.54  39.739  0.014 
486.98  39.730  0.014 
487.94  39.720  0.014 
493.97  39.683  0.014 
494.21  39.682  0.014 
503.96  39.642  0.014 
504.96  39.616  0.014 
505.96  39.611  0.014 
506.94  39.611  0.014 
509.94  39.594  0.014 
512.96  39.575  0.014 
516.23  39.553  0.014 
517.23  39.546  0.014 
517.94  39.544  0.014 
518.19  39.539  0.014 
518.93  39.538  0.014 
522.93  39.516  0.014 
526.20  39.488  0.014 
526.93  39.485  0.014 
530.94  39.459  0.014 
532.21  39.447  0.014 
534.94  39.431  0.014 
538.92  39.400  0.014 
544.95  39.357  0.014 
548.18  39.329  0.014 
549.90  39.316  0.014 
558.86  39.253  0.014 
562.83  39.218  0.014 
563.21  39.222  0.014 
566.80  39.186  0.014 
569.18  39.168  0.014 
571.10  39.152  0.014 
572.80  39.138  0.014 
575.15  39.114  0.014 
576.84  39.106  0.014 
578.92  39.091  0.014 
581.01  39.069  0.014 
581.87  39.067  0.014 
583.99  39.044  0.014 
586.81  39.020  0.014 
589.09  39.002  0.014 
589.87  39.000  0.014 
593.91  38.960  0.014 
594.84  38.955  0.014 
596.95  38.934  0.014 
598.72  38.920  0.014 
599.11  38.918  0.014 
603.09  38.888  0.014 
603.89  38.887  0.014 
606.99  38.858  0.014 
608.77  38.842  0.014 
609.11  38.845  0.015 
611.12  38.833  0.015 
612.73  38.819  0.014 
616.03  38.789  0.015 
616.73  38.789  0.015 
620.78  38.758  0.015 
620.99  38.749  0.015 
625.74  38.725  0.015 
630.77  38.695  0.015 
634.93  38.656  0.015 
635.87  38.663  0.015 
638.03  38.634  0.015 
638.03  38.634  0.015 
638.03  38.635  0.015 
639.03  38.627  0.015 
639.03  38.628  0.015 
639.03  38.626  0.015 
640.06  38.619  0.015 
640.06  38.619  0.015 
642.73  38.607  0.015 
642.97  38.612  0.015 
643.00  38.601  0.015 
644.02  38.602  0.015 
644.04  38.594  0.015 
647.85  38.588  0.015 
652.69  38.552  0.015 
656.04  38.501  0.015 
657.85  38.520  0.015 
662.63  38.488  0.015 
663.90  38.470  0.015 
667.67  38.456  0.015 
667.98  38.448  0.015 
671.66  38.430  0.015 
674.97  38.404  0.015 
676.67  38.400  0.015 
676.91  38.386  0.015 
680.84  38.359  0.015 
682.75  38.365  0.015 
687.68  38.333  0.015 
689.83  38.318  0.015 
692.69  38.314  0.015 
693.83  38.294  0.015 
698.62  38.268  0.015 
701.98  38.246  0.015 
703.62  38.256  0.015 
709.64  38.224  0.015 
709.86  38.212  0.015 
710.87  38.208  0.015 
711.86  38.205  0.015 
714.60  38.189  0.015 
717.86  38.172  0.015 
718.86  38.165  0.015 
720.61  38.172  0.015 
728.88  38.110  0.015 
729.60  38.120  0.015 
734.60  38.094  0.015 
740.62  38.074  0.015 
744.61  38.049  0.015 
751.58  38.039  0.015 
757.58  37.999  0.015 
759.57  37.976  0.015 
767.57  37.951  0.015 
770.82  37.952  0.015 
770.82  37.951  0.015 
772.55  37.915  0.015 
779.57  37.894  0.015 
784.53  37.879  0.015 
791.53  37.857  0.015 
812.78  37.798  0.015 
1517.31  36.293  0.019 
