"Time (MJD)" "Temp./1e3 (K)" "Temp. Err." "Radius/1e15 (cm)" "Radius Err." "Log10(Bol. Lum)" "Log10(Bol. Err)"
-5.519 40.000 12.619 0.105 0.023 20255670093059272401651865671131846653509632.000 16842306173459916733903199513529301235400704.000
-4.517 35.233 2.290 0.166 0.007 30333429099449356119887870542440411089076224.000 5159721969969094909063302631251781659656192.000
-3.514 32.202 1.802 0.198 0.008 30063259063292249926634744409534783121522688.000 4311859490926065993627207715787839891308544.000
-2.512 11.596 0.168 0.549 0.009 3887092243045100054663853354682770933153792.000 95888414042566323272253643904939250941952.000
-1.509 10.658 0.133 0.628 0.010 3623752948758180357882774591367676466036736.000 71139073318505182384715287540234729816064.000
-0.507 10.377 0.121 0.655 0.010 3547631144830724079728395426401034524688384.000 63344171765872723297900837871381433548800.000
0.496 10.386 0.116 0.665 0.009 3668191466395639624053563198085933947682816.000 62409956794080998969719939893980940992512.000
1.498 10.514 0.114 0.648 0.009 3660192066436578128980376231874686892376064.000 61502820236958859386709635571551018418176.000
2.501 10.517 0.109 0.640 0.008 3571728008897189979068925382497541594021888.000 57439306329059533100630285324217340657664.000
3.503 10.716 0.110 0.620 0.008 3615531519369585265882352089791044815683584.000 58441864156227994075047918817131787976704.000
4.506 10.347 0.098 0.643 0.008 3376516766570966795603438560509068964790272.000 48858951322885986299264259304878340308992.000
5.508 9.677 0.082 0.702 0.008 3075469332587225496843443391485172288323584.000 36812709997038722402529198776393983328256.000
6.510 9.382 0.075 0.722 0.008 2875836588541627561900229422978813128605696.000 31047757263713123622482632717830230900736.000
7.513 9.522 0.076 0.703 0.008 2895304644246719753324979357110112899563520.000 31716312354762746207777685892514822750208.000
8.515 9.428 0.072 0.717 0.008 2892524371177767774492610530494015850151936.000 30290378049023792468400378033204294057984.000
9.518 9.387 0.071 0.723 0.008 2893804883980381790525819127514241005780992.000 29608898224401197473249317941214221172736.000
10.520 9.134 0.065 0.753 0.008 2811379578765963175614298601301984868827136.000 26279481083028236739941536638131240960000.000
11.523 8.883 0.060 0.775 0.008 2665885010875092651423516966948901889245184.000 22870518239392374050184691490009515032576.000
12.525 8.623 0.056 0.801 0.008 2526124723465135623544928764283051130748928.000 19828762531489429495517592024480166707200.000
13.528 8.418 0.053 0.824 0.008 2429661953659985022767789618808055452925952.000 17763364474522995525384926843011933929472.000
14.530 8.172 0.049 0.855 0.008 2320827083055346769272812537777221298814976.000 15521689503880187829635918256508936126464.000
15.533 7.953 0.046 0.884 0.008 2224722485025016984890927924868951612325888.000 13725402057230914418016289124152512610304.000
16.535 7.787 0.044 0.911 0.008 2174536227588520285740300000326365225156608.000 12614828582100041629529663912025369083904.000
17.538 7.642 0.042 0.938 0.008 2139420806924702801877226093866710483337216.000 11742560151829529658023536201124831821824.000
18.540 7.503 0.040 0.966 0.009 2107337041045654730626262818919263663816704.000 10980260023371268679821895557212345991168.000
19.542 7.365 0.039 0.994 0.009 2069918980215565206210597890770662431129600.000 10255262922805315691569919747901467131904.000
20.545 7.234 0.037 1.024 0.009 2046329821299719806424320188828214821388288.000 9673185803558315927331025778590764498944.000
21.547 7.192 0.037 1.022 0.009 1989427923394699455553455829152543813926912.000 9306352616496834008200019681551316942848.000
22.550 7.053 0.036 1.039 0.009 1902246351068217004385159029765089968259072.000 8471025422711679207854992726726532923392.000
23.552 6.948 0.034 1.065 0.009 1881993363484961702739340462438452861861888.000 8080379199777560404266005429932362039296.000
24.555 6.871 0.034 1.089 0.010 1881965091011229230223907680816191527452672.000 7893659659844278062080695940305664344064.000
25.557 6.853 0.034 1.088 0.010 1859683019118874783224304103710194894110720.000 7795631972954462544685200152613816893440.000
26.560 6.859 0.034 1.085 0.010 1857580230800347129114517144239438104100864.000 7852731675931171437889943963905357250560.000
27.562 6.823 0.034 1.094 0.010 1846552552696999459235529105335914309091328.000 7776649192219350251086777323513194741760.000
28.565 6.782 0.034 1.097 0.010 1815305467523142515475593606314154537254912.000 7580312163325902021403299517162256859136.000
29.567 6.677 0.033 1.124 0.010 1789761189762894745712850738071621997690880.000 7264895585113361779786486761558305144832.000
30.569 6.585 0.032 1.153 0.010 1781095858501472433749251320557470610358272.000 7064587920485051659321908295974697041920.000
31.572 6.516 0.031 1.169 0.010 1757092698808333489137072410217430862790656.000 6879748605247218518149109875497953656832.000
32.574 6.460 0.031 1.182 0.011 1733270868471820548045777754847620297129984.000 6731315073192949155154082735782228918272.000
33.577 6.458 0.031 1.182 0.011 1732487087091535272203682303827626638180352.000 6780167762995571258375285556514671034368.000
34.579 6.462 0.032 1.163 0.011 1681033154592065084734119620254786402648064.000 6647994425994247191125311591402344284160.000
35.582 6.322 0.030 1.210 0.011 1665917087429842945364058759498299393179648.000 6416739206314103789071766528549667733504.000
36.584 6.317 0.030 1.204 0.011 1644907980664927842959949440429284829167616.000 6385662973915257400911132944160140558336.000
37.587 6.301 0.030 1.202 0.011 1623121967809500438472083659488506402570240.000 6338470897174970509941345498602884038656.000
38.589 6.171 0.029 1.245 0.012 1600956704235136435097017192331710522458112.000 6167490857250871918917605296748231655424.000
39.592 6.153 0.029 1.243 0.012 1578688368764001207121991141254446511554560.000 6127783535957987515057781560370461147136.000
40.594 6.132 0.030 1.243 0.012 1555779958171024099294461062236267125669888.000 6087576404508197993659915661933254017024.000
41.597 6.112 0.030 1.242 0.012 1532975463220238938506927392458264062984192.000 6052350385458613407180231239293451894784.000
42.599 6.060 0.030 1.256 0.012 1516303297483082198973349636378879254855680.000 6026169297677452823234169754743717494784.000
43.601 6.017 0.030 1.261 0.012 1484945497360529156459410593080910962229248.000 5954075349721170149155444314098358026240.000
44.604 5.958 0.029 1.276 0.013 1461321838656500432252616347413141105147904.000 5918124442072773582126512906680666161152.000
45.606 5.900 0.029 1.291 0.013 1440135007946226105520206385238022541017088.000 5907711483419100077400767681591762747392.000
46.609 5.846 0.029 1.307 0.013 1420954621884127237452271678491551221153792.000 5921551354843265140019250262481712447488.000
47.611 5.704 0.028 1.358 0.014 1392078388223855882301340475033594810597376.000 5949183573759290239289024832924150661120.000
48.614 5.686 0.028 1.349 0.014 1355152081922373416360151678370151644790784.000 5908352210490940175361420928364478201856.000
49.616 5.683 0.029 1.332 0.014 1318022945961776273798344928972009522593792.000 5861844081821385819632328897300271202304.000
50.619 5.762 0.030 1.276 0.014 1278789033723998011245169201994808730583040.000 5769890950985797069328244256199439024128.000
51.621 5.629 0.030 1.322 0.015 1251444245077378997990407142090455067394048.000 5850171339911925240202746028398150156288.000
52.624 5.565 0.029 1.326 0.015 1201096838412481843998230809882714263519232.000 5816694793381752766443539747108709990400.000
53.626 5.505 0.029 1.305 0.015 1114371867392514423722745537214170747895808.000 5591631063190684738129370819310552875008.000
54.628 5.292 0.028 1.369 0.016 1047706138474382451182269886947758557888512.000 5675786278663113916460958811283284557824.000
55.631 5.255 0.028 1.355 0.017 997332730774810344353735900894002734432256.000 5615258919685158694030873204608175439872.000
56.633 5.244 0.028 1.304 0.016 916508778552728033714782006001427617415168.000 5321450838137231891555090799733220835328.000
57.636 5.195 0.029 1.260 0.016 824020102820825629420941606116003510484992.000 4995673191856824456482777896249922158592.000
58.638 5.122 0.029 1.227 0.016 737670824973452258385932547735408244424704.000 4713796315014387914703903497011232505856.000
59.641 5.069 0.029 1.174 0.016 648174922901406012980730790524850234458112.000 4348175864369664302281382329942647242752.000
60.643 5.012 0.029 1.123 0.016 566738600151124138894283980967857186930688.000 4003831720772602867636767325632658931712.000
61.646 4.877 0.029 1.125 0.016 510301246555893087268361886040380720283648.000 3915301167570395857969205252498760138752.000
62.648 4.753 0.029 1.122 0.017 457886819455030201895641317797859606659072.000 3822827311836103214058844771967022661632.000
63.651 4.649 0.029 1.106 0.017 407310643532433922492468777953563290632192.000 3689614848818339299987086397927627685888.000
64.653 4.603 0.029 1.108 0.018 392600044760895800700259664295258826473472.000 3725153778753261406467348200328146190336.000
65.656 4.568 0.029 1.108 0.018 380915812281040037254236858404301491404800.000 3766497393245816554757504632323879993344.000
66.658 4.537 0.030 1.104 0.019 354154202754527825786040102356588469157888.000 3550573943096033116151653045872736862208.000
67.660 4.511 0.030 1.096 0.019 328586004752043600602055310477933976485888.000 3334141160665464395850852395269471862784.000
68.663 4.526 0.031 1.068 0.019 307106049340018834477403428394923846533120.000 3094657096630953774489433155031902715904.000
69.665 4.545 0.032 1.037 0.019 287892585482253552671554937407168028082176.000 2874933129475728592143616706391652171776.000
70.668 4.564 0.033 1.013 0.019 274476346616605825649380230223475614154752.000 2717976382216198015757618847476181106688.000
71.670 4.582 0.034 0.997 0.020 266236638931432511145668766666872953241600.000 2615744851663210533067761079908699209728.000
72.673 4.601 0.035 0.981 0.020 259122749632038924365779672599608095145984.000 2530611122242122576565796924757010022400.000
73.675 4.620 0.037 0.965 0.020 252922419084564548099939344627407708487680.000 2460912099734730005278201629360724639744.000
74.678 4.639 0.038 0.949 0.020 247460301670488172351158242309249511194624.000 2404894669306135698841769350119978696704.000
75.680 2.500 0.000 2.894 0.013 242595391553243284520782368566611516850176.000 2360867428807460643392073420902003376128.000
76.683 2.500 0.000 2.879 0.013 238214352123474855723716699884905625026560.000 2327226222641238287621935576137483681792.000
77.685 2.500 0.000 2.863 0.013 234226131422926768434768164208766173052928.000 2302477998450721299152285565365432352768.000
78.687 2.500 0.000 2.848 0.013 230557609465406993017669619022787654975488.000 2285257136224457119493625661976706285568.000
79.690 2.500 0.000 2.832 0.013 227150080749479431701504457415625220816896.000 2274334347572041091168674355693217644544.000
80.692 2.500 0.000 2.817 0.014 224065294956450854182807668610706534563840.000 2271257302784796900929076287081463939072.000
81.695 2.500 0.000 2.802 0.014 221165048721001627324169741605527288283136.000 2272131448082834391027220115766103769088.000
82.697 2.500 0.000 2.788 0.014 218397689162836192980050224253489041637376.000 2275891187751017958068057190278686048256.000
83.700 2.500 0.000 2.773 0.014 215741426012225998351876998179100347596800.000 2281929773500330098574979859454755864576.000
84.702 2.500 0.000 2.758 0.015 213178557626749895273461628424006861324288.000 2289724629359858789980100790778683457536.000
85.705 2.500 0.000 2.744 0.015 209568576520323444670937998848339161907200.000 2248156505374691053669912403850177806336.000
86.707 2.500 0.000 2.729 0.015 207361073477253197124058476675686129991680.000 2266943860658794439533904620636489121792.000
87.710 2.500 0.000 2.715 0.015 205172347286192570761568748516634678788096.000 2284846103116683810952742019946290085888.000
88.712 2.500 0.000 2.701 0.015 203001993483418839547951131098363123990528.000 2301839733906090601203903251669982380032.000
89.714 2.500 0.000 2.686 0.016 200849658433501645463861480321678019919872.000 2317904830456976403406287242501487067136.000
90.717 2.500 0.000 2.672 0.016 198715031785530911367213920251577341313024.000 2333022980420129184213389071234518482944.000
91.719 2.500 0.000 2.658 0.016 196597843074191530930062198945968040181760.000 2347179807782992813178570366946576957440.000
92.722 2.500 0.000 2.643 0.016 194497859154107414191348629104130021916672.000 2360362473214007982073846631528430305280.000
93.724 2.500 0.000 2.629 0.016 192414878696840596432671340253865438085120.000 2372560614169466377742396391715470573568.000
94.727 2.500 0.000 2.615 0.016 190348731028967487289616194654559044370432.000 2383765850894114360652063775051233624064.000
95.729 2.500 0.000 2.601 0.017 188299270303431082308914916248734511661056.000 2393972807361070661360868913939667222528.000
96.732 2.500 0.000 2.587 0.017 186266374846830345936264726466246414958592.000 2403177830367528793299774458859414880256.000
97.734 2.500 0.000 2.573 0.017 184249942409726298993523930130216042627072.000 2411379658893846346594165032713352904704.000
98.737 2.500 0.000 2.559 0.017 182249888184678893430897788542593047461888.000 2418577963014456149534229445682929860608.000
99.739 2.500 0.000 2.545 0.017 180266143184911217402194278565001042067456.000 2424774838062097748030658079116243238912.000
100.742 2.500 0.000 2.531 0.017 178298650794110024085796738177675510677504.000 2429973935937967093225464332891275132928.000
101.744 2.500 0.000 2.517 0.017 176347364877423044378775662207357442588672.000 2434181167078260109117424295750783729664.000
102.746 2.500 0.000 2.503 0.017 174412248909567062624104082974701955055616.000 2437401785273325661509668161101406142464.000
103.749 2.500 0.000 2.489 0.018 172493273712618339158743722354698988027904.000 2439645494367539679157048643170900901888.000
104.751 2.500 0.000 2.476 0.018 170590415831112960101116165552685478576128.000 2440920482191066720973722027817783263232.000
105.754 2.500 0.000 2.462 0.018 168703656332244945311016760369244631203840.000 2441237532915438525006145801971377897472.000
106.756 2.500 0.000 2.448 0.018 166832979513318178748464533780664730779648.000 2440608169505943568641044413423393177600.000
107.759 2.500 0.000 2.435 0.018 164978372869299265017134049239294875271168.000 2439045631294744992910689745085495508992.000
108.761 2.500 0.000 2.421 0.018 163139824312712274113855344431960692883456.000 2436562598711366075098500972646231965696.000
109.764 2.500 0.000 2.407 0.018 161317323304196418685646058670448967680000.000 2433173797353865932113209844338750652416.000
110.766 2.500 0.000 2.394 0.018 159510858925076431278739511838123967381504.000 2428893697104138081733326338061829668864.000
111.769 2.500 0.000 2.380 0.018 157720419382980841902139076549159904346112.000 2423739260903604945769609937815500488704.000
112.771 2.500 0.000 2.367 0.018 155945992555079410313536729053605113364480.000 2417725294385703943418927779164740124672.000
113.773 2.500 0.000 2.354 0.018 154187563955055825234753994682293821636608.000 2410870752835015375268695020844164841472.000
114.776 2.500 0.000 2.340 0.018 152445117668082112918916243230144010911744.000 2403190979394250031568262226048282787840.000
115.778 2.500 0.000 2.327 0.018 150718635486811752615083185430469216829440.000 2394705444672893416330032314250933829632.000
116.781 2.500 0.000 2.314 0.019 149008096558390068774120620408553070395392.000 2385432263898148451203261978799113240576.000
117.783 2.500 0.000 2.301 0.019 147313477436916679202631314176864535183360.000 2375389214001818294631343932682696392704.000
118.786 2.500 0.000 2.287 0.019 145634751862999419281276476352730337640448.000 2364597098818895992732125758210141323264.000
119.788 2.500 0.000 2.274 0.019 143971890748303012707248400091248343384064.000 2353072929766065163588021106055378370560.000
120.791 2.500 0.000 2.261 0.019 142324861650378909854207304274773010284544.000 2340838093318128329151232435861409759232.000
121.793 2.500 0.000 2.248 0.019 140693629218944644901598533688862791696384.000 2327910605243890509215026782091410931712.000
122.796 2.500 0.000 2.235 0.019 139078155029423048540543956479894884450304.000 2314311553835787815169629824990083809280.000
123.798 2.500 0.000 2.222 0.019 137478397335574477386880023859771656372224.000 2300059909678993075922437329786666745856.000
124.801 2.500 0.000 2.210 0.019 135894311268285631688679525164624715448320.000 2285176719650071455085854977511340900352.000
125.803 2.500 0.000 2.197 0.019 134325848998984449182137853733011252576256.000 2269681152273637924263450124128125714432.000
126.805 2.500 0.000 2.184 0.019 132772959524520807927687019610210222211072.000 2253593722327525737071319821289288368128.000
127.808 2.500 0.000 2.171 0.019 131235588626163340929093487244545982726144.000 2236935506130868439899009677756182036480.000
128.810 2.500 0.000 2.159 0.018 129713679543748369918159820104763820736512.000 2219725425693147664075050491681899020288.000
129.813 2.500 0.000 2.146 0.018 128207172346591679515001056723913823748096.000 2201983135317454269067580334038447030272.000
130.815 2.500 0.000 2.134 0.018 126716004322648218404386976449645359661056.000 2183728139463153186769112889422304509952.000
131.818 2.500 0.000 2.121 0.018 125240110167820153252396769667596203065344.000 2164982927060559871670930769117741842432.000
132.820 2.500 0.000 2.109 0.018 123779421814217872598246736614106528219136.000 2145765883318212169037316218490051362816.000
133.823 2.500 0.000 2.096 0.018 122333868691509129616193767832490371710976.000 2126096156004507799430612437573870551040.000
134.825 2.500 0.000 2.084 0.018 120903377934635167702298049913840759472128.000 2105995045490435112738979540126591352832.000
135.828 2.500 0.000 2.072 0.018 119487874014187163828987638039653054939136.000 2085478903874970416734877581546981687296.000
136.830 2.500 0.000 2.060 0.018 118087279529276262062624664229177452396544.000 2064571331683187669820625358451258687488.000
137.832 2.500 0.000 2.048 0.018 116701514821835172079818108671809244102656.000 2043288109398016364251074166776601247744.000
138.835 2.500 0.000 2.036 0.018 115330497934847673733108953827709751918592.000 2021650090774383443715760596082413797376.000
139.837 2.500 0.000 2.024 0.018 113974145356586040725518431737279158419456.000 1999675111036571083033579481358833549312.000
140.840 2.500 0.000 2.012 0.018 112632371517303983261799056573101030506496.000 1977380430901994047174362465729878425600.000
141.842 2.500 0.000 2.000 0.018 111305089057660946962676988546397797089280.000 1954790490557993470168486594603103813632.000
142.845 2.500 0.000 1.988 0.017 109992209087098574736169039641933508509696.000 1931914349022856630383859225160532885504.000
143.847 2.500 0.000 1.976 0.017 108693641032756334025811551802017015922688.000 1908778673240060561881154120600413798400.000
144.850 2.500 0.000 1.964 0.017 107409292870079068662308053522804639793152.000 1885397613424289182493390343095262904320.000
145.852 2.500 0.000 1.953 0.017 106139071175316488504573130587428404330496.000 1861789155958825316349760313558531309568.000
146.855 2.500 0.000 1.941 0.017 104882881174041753399444335180117413199872.000 1837971216733364153764007285283245522944.000
147.857 2.500 0.000 1.930 0.017 103640626825237177010410558839978396221440.000 1813956287203687472512196014997254438912.000
148.860 2.500 0.000 1.918 0.017 102412210931277597582564333097532344238080.000 1789780159939726729979927235114800513024.000
149.862 2.500 0.000 1.907 0.017 101197535142131694979365930284853797847040.000 1765435734260887065794529856196765024256.000
150.864 2.500 0.000 1.895 0.016 99996500035462842896164552720718294417408.000 1739730433836849494814053991017418326016.000
151.867 2.500 0.000 1.884 0.016 98809005159475586959596426243603523698688.000 1716328735889651702663410369321156739072.000
152.869 2.500 0.000 1.873 0.016 97634949105438891875322152227578077773824.000 1691617636249241999706846732467394576384.000
153.872 2.500 0.000 1.862 0.016 96474229506641939004889489320424039776256.000 1666802959134796047469376739750786891776.000
154.874 2.500 0.000 1.851 0.016 95326743088697433005832504232826990755840.000 1641913454773679970833781961505885913088.000
155.877 2.500 0.000 1.840 0.016 94192385709257194172025141717689713033216.000 1616964413357266804666378427460785012736.000
156.879 2.500 0.000 1.829 0.016 93071052304098419011819376043265682833408.000 1591968911642134673638824593162317594624.000
157.882 2.500 0.000 1.818 0.015 91962636982919793935272321661748654374912.000 1566945713221763599032767122140706111488.000
158.884 2.500 0.000 1.807 0.015 90867032952902953247159044728946704777216.000 1541908112209610326117455071043469180928.000
159.887 2.500 0.000 1.796 0.015 89784132517704099613722165534109716185088.000 1516870348473187156981491061356167692288.000
160.889 2.500 0.000 1.785 0.015 88713827056641233866251971798521826246656.000 1491849764882648196388688245282033369088.000
161.891 2.500 0.000 1.773 0.015 87491847976280617591983364897855269502976.000 1461889318539901596785165081602649227264.000
162.894 2.500 0.000 1.762 0.015 86447433834768497533109531138321008295936.000 1436922115684016785673843690871256514560.000
163.896 2.500 0.000 1.752 0.014 85415301472057595117410193893250488598528.000 1412019441707156056118330397055382454272.000
164.899 2.500 0.000 1.741 0.014 84395338469009602701493282608813822705664.000 1387194533490947600388357233916159983616.000
165.901 2.500 0.000 1.731 0.014 83387431111079633064634574169530483867648.000 1362461903713078518441729480546672705536.000
166.904 2.500 0.000 1.720 0.014 82391464317588565602397557302988145426432.000 1337836856214175954417315527005214605312.000
167.906 2.500 0.000 1.710 0.014 81407321449787590404880782644414332796928.000 1313333044912706416093005099040650559488.000
168.909 2.500 0.000 1.700 0.014 80434884188942807352015070565023615025152.000 1288964372247971680244869318468651974656.000
169.911 2.500 0.000 1.690 0.013 79474032229312014802842331796407819698176.000 1264744886045381527105736744070551699456.000
170.914 2.500 0.000 1.680 0.013 78524643267239898888988347846650998292480.000 1240689874376108187285802519895673405440.000
171.916 2.500 0.000 1.670 0.013 77586592620003123431723367784467818086400.000 1216811240605397807426611453318471352320.000
172.918 2.500 0.000 1.660 0.013 76659752978174525993681769280327533985792.000 1193123974169190026581375139058039128064.000
173.921 2.500 0.000 1.650 0.013 75743994223081663559754390799730270535680.000 1169641539250808424551311788291211132928.000
174.923 2.500 0.000 1.640 0.013 74839182988298430576254167762270918017024.000 1146377604905032316732679389339826782208.000
175.926 2.500 0.000 1.630 0.012 73945182461791079401185977931151855058944.000 1123345983480388117075095421590985244672.000
176.928 2.500 0.000 1.620 0.012 73061852051876783879397456114265222021120.000 1100559418372948166729249412728630542336.000
177.931 2.500 0.000 1.610 0.012 72189047019897941195221155422863984951296.000 1078031679825119343668315265677809156096.000
178.933 2.500 0.000 1.601 0.012 71326618096853041615361773844475483783168.000 1055775544645771727007612360961371930624.000
179.936 2.500 0.000 1.591 0.012 70428545274402405072716452474919294337024.000 1032817441960557274891637467775907135488.000
180.938 2.500 0.000 1.581 0.011 69587642604555441164788961400760236507136.000 1011166446324031735503776107068508864512.000
181.941 2.500 0.000 1.571 0.011 68689030516986509306651538184749147226112.000 988015048144465075043010755099417903104.000
182.943 2.500 0.000 1.561 0.011 67866275767687271797436762354964345389056.000 966695405352775226396240520556058771456.000
183.946 2.500 0.000 1.554 0.011 67180816192802697634952354776968851357696.000 947795407262225471101795581568498008064.000
184.948 2.500 0.000 1.546 0.011 66503130449601331318180116617818261159936.000 929182926451331497907991331010926084096.000
185.950 2.500 0.000 1.537 0.011 65772630651513271929320399248867450683392.000 909767410938619707463397070961641521152.000
186.953 2.500 0.000 1.529 0.010 65110498764562954068024047590638025179136.000 891775750728016888128151476988631056384.000
187.955 2.500 0.000 1.522 0.010 64455062393343782471194469050396209840128.000 874094839255144423561065943218121605120.000
188.958 2.500 0.000 1.512 0.010 63655016042069765634632569328693959196672.000 854704610231429507564230617180919562240.000
189.960 2.500 0.000 1.503 0.010 62867635242319651777907160150814522081280.000 835762821376556460138785887867650441216.000
190.963 2.500 0.000 1.494 0.010 62107198852505406915681811000674347909120.000 817455913958171183047300761128546598912.000
191.965 2.500 0.000 1.485 0.010 61354195715329904033033305172133581684736.000 799518573653090955420176109568752877568.000
192.968 2.500 0.000 1.476 0.010 60608608054356605749974508448378219659264.000 781949241325566972068077987129316081664.000
193.970 2.500 0.000 1.467 0.009 59870428665194386884073887755531022499840.000 764744832131289657955023641083704770560.000
194.973 2.500 0.000 1.458 0.009 59139661601998953103563058425072623550464.000 747902995033227181861718548360181317632.000
195.975 2.500 0.000 1.449 0.009 58416322206142671482002625744532855062528.000 731422032298633287028935396975802580992.000
196.977 2.500 0.000 1.441 0.009 57808201651151756748822366199799355539456.000 716635581250510729778697430652713697280.000
197.980 2.500 0.000 1.434 0.009 57255258378968797185151077689878412001280.000 702764492147412404445391142600220606464.000
198.982 2.500 0.000 1.426 0.009 56631133765334074063652706819904936869888.000 686803349869430922212927791114523508736.000
199.985 2.500 0.000 1.418 0.009 55934319519503435037733410356767777357824.000 671694713770346652805939808981064089600.000
200.987 2.500 0.000 1.407 0.008 55111333350563699452465691724555782979584.000 655347166839730725687098875667755827200.000
201.990 2.500 0.000 1.397 0.008 54286263830083311643906340461731626614784.000 639261127214453610381422863804673294336.000
202.992 2.500 0.000 1.386 0.008 53471425088548693052804781703150216151040.000 623576235913561307754222572098845409280.000
203.995 2.500 0.000 1.377 0.008 52813945601402923674027164848709647204352.000 609983960181583945045274693056245792768.000
204.997 2.500 0.000 1.370 0.008 52229252142564359483954021376343324753920.000 597460510881724223535834131950890647552.000
206.000 2.500 0.000 1.362 0.008 51652806573694472036256009255939156738048.000 585247772994778675224834136578348548096.000
207.002 2.500 0.000 1.355 0.008 51084534787914509901922178555063750885376.000 573340160706854670590234247553548812288.000
208.005 2.500 0.000 1.347 0.007 50494658369129706450003304516147138789376.000 561402478743133479673045635332782948352.000
209.007 2.500 0.000 1.338 0.007 49805204635686803892148551979323048853504.000 548581464193503750036532141302573170688.000
210.009 2.500 0.000 1.328 0.007 49075202837175248833218800212864248315904.000 535550462011885665082849140383439388672.000
211.012 2.500 0.000 1.318 0.007 48347779175749419157371384933428148305920.000 522786742109783215104451486748749332480.000
212.014 2.500 0.000 1.308 0.007 47632522917912037090211706624850429739008.000 510390942337321348972531222093800407040.000
213.017 2.500 0.000 1.298 0.007 46929350488135428416352988091253566472192.000 498358162653783154741531828761462308864.000
214.019 2.500 0.000 1.294 0.007 46574614269736657418627703584023591780352.000 490225215557632444094116899571267272704.000
215.022 2.500 0.000 1.292 0.007 46486453670943216707478646375499905892352.000 485042169174905896448425619867840806912.000
216.024 2.500 0.000 1.284 0.007 45862349037298930004130203075018739417088.000 474437751793119932620751964265154347008.000
217.027 2.500 0.000 1.270 0.007 44900657519330462464813236052658990612480.000 460590007942825540183690294378501242880.000
218.029 2.500 0.000 1.262 0.006 44300768529659746165600162548880863395840.000 450486210429396565069151641298844778496.000
219.032 2.500 0.000 1.249 0.006 43430270353808194149498250403994832732160.000 438100294411484178767402373763429302272.000
220.034 2.500 0.000 1.231 0.006 42167749499875134331030534031971020963840.000 422046859593325467778641949986807349248.000
221.036 2.500 0.000 1.217 0.006 41196916260310652915409809176059971633152.000 409203202513672043565655730159666331648.000
222.039 2.500 0.000 1.206 0.006 40468424032813754526711239216422818152448.000 399012152870656846164698989898860855296.000
223.041 2.500 0.000 1.201 0.006 40130838743129931530899334938553946734592.000 392872785903374345760903951528585330688.000
224.044 2.500 0.000 1.198 0.006 39968671327647914731313037859005961076736.000 388608488909656272798377895572285685760.000
225.046 2.500 0.000 1.196 0.006 39794910749040405503052283442262293086208.000 384379457268801967493769613440997916672.000
226.049 2.500 0.000 1.193 0.006 39621673150635888239349730706997372780544.000 380306360845244348549779084364985925632.000
227.051 2.500 0.000 1.190 0.006 39448760571900608889468148768618233987072.000 376389980900671921838525249505772699648.000
228.054 2.500 0.000 1.188 0.006 39275959990428633460464590349113610993664.000 372631530920759798189175613210629242880.000
229.056 2.500 0.000 1.181 0.006 38814949142283222331607465722234695319552.000 366313825424107473341571416076574523392.000
230.059 2.500 0.000 1.175 0.006 38397480317725985022201317541714124079104.000 360594823334764443536678097435460894720.000
231.061 2.500 0.000 1.167 0.005 37929660410494901800867986856587921719296.000 354588350030118125213450448890566279168.000
232.063 2.500 0.000 1.159 0.005 37414181868354566794570683713692224192512.000 348322370637616445682097223434739122176.000
233.066 2.500 0.000 1.151 0.005 36903742513011507919598203837304136531968.000 342286792461783794837864608845518602240.000
234.068 2.500 0.000 1.144 0.005 36397853855294847640961091098129802985472.000 336472846036180447613351030198787637248.000
235.071 2.500 0.000 1.137 0.005 36012200826541979334853253166277375033344.000 331943023331072906442143475702259777536.000
236.073 2.500 0.000 1.132 0.005 35648576913041388350753729891221263876096.000 327782809221694277819108112910767882240.000
237.076 2.500 0.000 1.126 0.005 35293067465766178959145587013438983372800.000 323860706771033991972002344204591169536.000
238.078 2.500 0.000 1.121 0.005 34950495376254801299024990860458598596608.000 320149943007214996727348200999380582400.000
239.081 2.500 0.000 1.113 0.005 34506674271916782014538806218972802842624.000 315530840903441230806978246912436600832.000
240.083 2.500 0.000 1.107 0.005 34134177211805011869532128522890135994368.000 312005553990721716080968058343266451456.000
241.086 2.500 0.000 1.094 0.005 33296160639940141270077288005846219882496.000 304383446219231349946137291372781109248.000
242.088 2.500 0.000 1.079 0.005 32417054148204745299612723122123275501568.000 296534341899950166058228666413715816448.000
243.091 2.500 0.000 1.068 0.005 31723719770911164703194059594808260820992.000 290522651310552102130566323896982700032.000
244.093 2.500 0.000 1.057 0.005 31101757716411253659411435466015129993216.000 285295188343250833275733705357824884736.000
245.095 2.500 0.000 1.046 0.005 30482631201339425666761882413419703828480.000 280216703651614889602147541671766654976.000
246.098 2.500 0.000 1.036 0.005 29895486377835418462776792802064540368896.000 275547777819340171039437738082480160768.000
247.100 2.500 0.000 1.035 0.005 29798221440656603398932566395710123016192.000 275516649018832206931311924462139473920.000
248.103 2.500 0.000 1.033 0.005 29719948077597522579926292441649272324096.000 275793754258575184772734369082969686016.000
249.105 2.500 0.000 1.027 0.005 29356064667373809063149982012838311362560.000 273540107664276197124347656207339618304.000
250.108 2.500 0.000 1.019 0.005 28885956882735238031310587157879749345280.000 270395056204552550332831583109291966464.000
251.110 2.500 0.000 1.009 0.005 28334419894929038359372487008747987664896.000 266569234501056386040669783375466201088.000
252.113 2.500 0.000 1.000 0.005 27851798248210305941992606517719040262144.000 263462879505550950439973615521314635776.000
253.115 2.500 0.000 0.992 0.005 27373896582242826577458332034856965373952.000 260466181109421201567550230737025236992.000
254.118 2.500 0.000 0.983 0.005 26901029216005732930578546082123995938816.000 257574163572027139657879136196213342208.000
255.120 2.500 0.000 0.975 0.005 26433506702489636265343655013799889469440.000 254782707875251174850201269435954626560.000
256.122 2.500 0.000 0.966 0.005 25971629659573329115630730153249784987648.000 252088522913772263392010803769251987456.000
257.125 2.500 0.000 0.958 0.005 25559561032996705913107125423735478157312.000 249917813243509744318082319535705161728.000
258.127 2.500 0.000 0.950 0.005 25125970848852717987268524626077871505408.000 247571837110262977620742558202602717184.000
259.130 2.500 0.000 0.942 0.005 24694158862944774558038676393912996724736.000 245270571732301915340955806851949133824.000
260.132 2.500 0.000 0.934 0.005 24264224010123768003791467515673638338560.000 243009516885042543049160092931590193152.000
261.135 2.500 0.000 0.925 0.005 23836274316774586874622098144891506786304.000 240784934041708511759519380892106620928.000
262.137 2.500 0.000 0.917 0.005 23410429750536726152522808543032421384192.000 238593853726729236776282107233282555904.000
263.140 2.500 0.000 0.908 0.005 22957368273780962364219761158292326318080.000 236130978936791515374004689216856915968.000
264.142 2.500 0.000 0.898 0.005 22468687022798723742775813110205893312512.000 233297090939827603506842775942642794496.000
265.145 2.500 0.000 0.890 0.005 22032971707010300292633745962971019870208.000 231005800375352864093252969371589935104.000
266.147 2.500 0.000 0.882 0.005 21651730858066629379149279854434394832896.000 229284615848000345194014562249298935808.000
267.150 2.500 0.000 0.874 0.005 21276924000880035364486569439155783204864.000 227632723799255861950318479679885934592.000
268.152 2.500 0.000 0.867 0.005 20908911463798509954780429070025908813824.000 226052583342844329063205207430878199808.000
269.154 2.500 0.000 0.859 0.005 20517599582584449656927810441698292531200.000 224214431432245312723082152788377993216.000
270.157 2.500 0.000 0.852 0.005 20207923621365442479323067535020276056064.000 223266029379646141469769691355540357120.000
271.159 2.500 0.000 0.847 0.005 19975456579632588986830613779493517524992.000 223184464605366585552749762566175064064.000
272.162 2.500 0.000 0.843 0.005 19770907174067492741750819721131063246848.000 223439363873771051795568150703677374464.000
273.164 2.500 0.000 0.836 0.005 19459677294693077153466869528663020273664.000 222501032835617498013156402065892704256.000
274.167 2.500 0.000 0.828 0.005 19093279674527908224142835686059873927168.000 220920548863318722260868726177369423872.000
275.169 2.500 0.000 0.819 0.005 18683486839981731479937467401161429483520.000 218809942981015057621374387701057323008.000
276.172 2.500 0.000 0.811 0.005 18302285453821973320912445485411863625728.000 217000238895756518513443530445261111296.000
277.174 2.500 0.000 0.802 0.005 17920606538698610882840837100572256501760.000 215151242667410194657642582022415187968.000
278.177 2.500 0.000 0.794 0.005 17546704250179448048846429154646687744000.000 213359694841717004968211167349890351104.000
279.179 2.500 0.000 0.786 0.005 17181901686618809267231791102814161207296.000 211642330574351936718386356360587509760.000
280.181 2.500 0.000 0.778 0.005 16826150923779164782439319360694430728192.000 209999976067871190943887505744229040128.000
281.184 2.500 0.000 0.755 0.005 15847096622026483137225826472481869791232.000 206952212336594324036210823596328615936.000
282.186 2.500 0.000 0.751 0.005 15704093446097788514827052197752346771456.000 207729727283521182697549071480004804608.000
283.189 2.500 0.000 0.748 0.005 15562464489855398651324295619522152366080.000 208560325654096681164827764662808346624.000
284.191 2.500 0.000 0.743 0.005 15366054786643404124413784308727387521024.000 208680083787236852235571563235567992832.000
285.194 2.500 0.000 0.738 0.005 15164237290896536523050396215165019226112.000 208736289458497772950076881282938175488.000
286.196 2.500 0.000 0.732 0.005 14910650204634297916197049369490542821376.000 208075868099709377881269541412129472512.000
287.199 2.500 0.000 0.724 0.005 14574570718672749843420523956223340445696.000 206229923695634375929612926000136454144.000
288.201 2.500 0.000 0.714 0.005 14189772647428500205029833589520863330304.000 216605529972667932459865522293851553792.000
289.204 2.500 0.000 0.708 0.005 13959836886464413246057150401409852637184.000 215972525039023420246172045316787798016.000
290.206 2.500 0.000 0.705 0.006 13821133749750346588501534730933938159616.000 216751863343633918478525477838825455616.000
291.209 2.500 0.000 0.701 0.006 13685038250874126043458078928331943706624.000 217588393345529155425993610716719874048.000
292.211 2.500 0.000 0.698 0.006 13551462173535769940243312745671244644352.000 218478602682709031929325624286175559680.000
293.213 2.500 0.000 0.694 0.006 13420316853778051768840956781650352537600.000 219419042036917564213668485857275805696.000
294.216 2.500 0.000 0.691 0.006 13291513315983812366408685834914878193664.000 220406365755027088049834626421738176512.000
295.218 2.500 0.000 0.688 0.006 13164963443868305845725525394746142359552.000 221437293100317134750388690626839314432.000
296.221 2.500 0.000 0.684 0.006 13040579791803454985673499373435319484416.000 222508660827379169355922478208684916736.000
297.223 2.500 0.000 0.681 0.006 12898767741382725333118397047744281706496.000 223279636270352549567824104833264123904.000
298.226 2.500 0.000 0.677 0.006 12747272395936402322160326946643901415424.000 223869573055610971015602696693414363136.000
299.228 2.500 0.000 0.673 0.006 12598639124529013862353146493745181491200.000 224490636529851615102281480667018559488.000
300.231 2.500 0.000 0.669 0.006 12452782591064845458423597992462514126848.000 225139618726675035251130188256222642176.000
301.233 2.500 0.000 0.665 0.006 12309616115147708057355000443150744420352.000 225813354685897141775786184676340662272.000
302.236 2.500 0.000 0.644 0.006 11540401422706428997054353925294769831936.000 229299345891505618838278269704079409152.000
303.238 2.500 0.000 0.642 0.006 11456066684184452425818780678160203644928.000 230705976964611044619508538529319747584.000
304.240 2.500 0.000 0.639 0.007 11372781254033356413170850946680725962752.000 232136848307448631942252025169150214144.000
305.243 2.500 0.000 0.633 0.007 11167570273734975521347549897781495726080.000 231045171076017828920732746275977428992.000
306.245 2.500 0.000 0.627 0.007 10952373569687852295107294671164185509888.000 229671542955870160209927964075917049856.000
307.248 2.500 0.000 0.635 0.008 11241196321954723638150682222305843609600.000 278427417041459443301252872190453350400.000
308.250 2.500 0.000 0.632 0.008 11125728047502963580870072927391162826752.000 278261927476236989271431455256984158208.000
309.253 2.500 0.000 0.629 0.008 11011607150281005983107733466034410094592.000 278109533061951937796597628043597447168.000
310.255 2.500 0.000 0.626 0.008 10898788844041521305222842168619690885120.000 277969014540756523077487974833230708736.000
311.258 2.500 0.000 0.623 0.008 10787231069850911451415560977399261691904.000 277839359617846020625519029153901314048.000
312.260 2.500 0.000 0.619 0.008 10676894507484117453757178068953773113344.000 277719659338936109251685967658139779072.000
313.263 2.500 0.000 0.616 0.008 10567742683847560772994088581072685105152.000 277609229121216857348500428919505158144.000
314.265 2.500 0.000 0.613 0.008 10459741477843435589073275619047630700544.000 277507510938127323959250910209663565824.000
315.267 2.500 0.000 0.609 0.008 10330925714084070158393459995008812711936.000 276826299671348394586765760862477090816.000
316.270 2.500 0.000 0.605 0.008 10195923806570021450268878510053274943488.000 275944151102302353311841237529891176448.000
317.272 2.500 0.000 0.601 0.008 10062316393124230480984783111350961307648.000 275062366585652327538486400627379273728.000
318.275 2.500 0.000 0.597 0.008 9930099966478320824446307064941025165312.000 274181094620772137062826472415359401984.000
319.277 2.500 0.000 0.593 0.008 9799271706663769765230612737718422077440.000 273300590432594730208786581807796584448.000
320.280 2.500 0.000 0.589 0.008 9669829497522096995888477690512082468864.000 272421170477392166869525424167526072320.000
321.282 2.500 0.000 0.585 0.008 9541771463843249886515001905438401757184.000 271543223103549952340947255940941348864.000
322.285 2.500 0.000 0.582 0.008 9415096423312128012407497782790188957696.000 270667194285163286238275987715206938624.000
323.287 2.500 0.000 0.578 0.008 9289802816722561128226804708795387740160.000 269793538937424104200483220716597018624.000
324.290 2.500 0.000 0.574 0.008 9165889625627855470349274106654900617216.000 268922786794703488830061650603633803264.000
325.292 2.500 0.000 0.569 0.008 9017311049948530994407183780103413825536.000 267283479559746561452934135931027324928.000
326.295 2.500 0.000 0.564 0.008 8859396808841374756548665937182664425472.000 265311418927967230781071585674056957952.000
327.297 2.500 0.000 0.559 0.008 8704008438339041306355278735591876853760.000 263355768619317721468169545477498339328.000
328.299 2.500 0.000 0.554 0.008 8551122363928530618819316397076534788096.000 261417047738485596501670982865823727616.000
329.302 2.500 0.000 0.549 0.008 8400714439518260162333866838387383599104.000 259495723752511087934052559911422787584.000
330.304 2.500 0.000 0.545 0.008 8252759860072746003036005794965029388288.000 257592275383413860321323666212755865600.000
331.307 2.500 0.000 0.540 0.009 8107233452977786348140365677059362521088.000 255707156301985839342101131187607044096.000
332.309 2.500 0.000 0.535 0.009 7964109157435843322499393661738950852608.000 253840766403933044453484499378066423808.000
333.312 2.500 0.000 0.530 0.009 7823360571851429096682394061693800939520.000 251993528102944265236944104911022325760.000
334.314 2.500 0.000 0.525 0.009 7684960691518752687219911688645924356096.000 250165794586558071174227848526114586624.000
335.317 2.500 0.000 0.521 0.009 7548882054941398105783041444356170973184.000 248357879615660422478758590078708088832.000
336.319 2.500 0.000 0.518 0.009 7458285748095810754089590316327956905984.000 248006227522686656779981484405706194944.000
337.322 2.500 0.000 0.515 0.009 7384913292201969033682555768213178679296.000 248208456998001813530144765460617363456.000
338.324 2.500 0.000 0.513 0.009 7312034202074098814403479994311158792192.000 248414102167830467625679977858130247680.000
339.326 2.500 0.000 0.510 0.009 7239656254976281690753913152897458110464.000 248623413347478930693132069869734330368.000
340.329 2.500 0.000 0.507 0.009 7167786528965198572511720236321811202048.000 248836634300985592623753270184795701248.000
341.331 2.500 0.000 0.505 0.009 7096431400158704448558540977002136993792.000 249053993312606383248849554064495607808.000
342.334 2.500 0.000 0.502 0.009 7025596599698998563912167443445145665536.000 249275692396905022517354559951761047552.000
343.336 2.500 0.000 0.500 0.009 6950671419954132515170233967448615288832.000 249336343464594572984063491330489188352.000
344.339 2.500 0.000 0.497 0.009 6874411951502523782982882751316662157312.000 249330292863932422671981182023339343872.000
345.341 2.500 0.000 0.494 0.009 6798789946735369087468203721490121621504.000 249327354880706864776569631304318976000.000
346.344 2.500 0.000 0.491 0.009 6723816128208220867190888666692193353728.000 249327771714214095516081557497295405056.000
347.346 2.500 0.000 0.489 0.009 6649499935767164126261102183245336805376.000 249331777037473122705890682061514080256.000
348.349 2.500 0.000 0.486 0.009 6575849663216456227152803842436664131584.000 249339592388459941585315113718371057664.000
349.351 2.500 0.000 0.483 0.009 6502872384733290394245187873704326987776.000 249351377520155446975159020398093271040.000
350.354 2.500 0.000 0.481 0.009 6430574341106227987909225528476022341632.000 249367313623938115352761856967317651456.000
351.356 2.500 0.000 0.478 0.009 6358960262232341818449154743406124072960.000 249387509819662983774650144808601911296.000
352.358 2.500 0.000 0.467 0.009 6057712520841573266419311178498890006528.000 240276438785574941923362110738242994176.000
353.361 2.500 0.000 0.458 0.010 5842552100510698377610793880475630829568.000 258507549451114177879624460953156845568.000
354.363 2.500 0.000 0.458 0.010 5845480661961215576713500162692015456256.000 261613733242384776954292283963338653696.000
355.366 2.500 0.000 0.454 0.010 5729669873257590317181655478399970312192.000 259390503328386647812990489610950803456.000
356.368 2.500 0.000 0.448 0.010 5580709238804591741967118965562564149248.000 255570831743770640874003601848067424256.000
357.371 2.500 0.000 0.442 0.010 5435864340458280207950466043283442237440.000 251825594859958817919547184628048592896.000
358.373 2.500 0.000 0.436 0.010 5295013678920450684758456817331317243904.000 248152372112590533779035740955048148992.000
359.376 2.500 0.000 0.430 0.010 5158039850003077338638986967980871516160.000 244548866153926931508465354963530285056.000
360.378 2.500 0.000 0.425 0.010 5024828811933949928591054460638149476352.000 241012857178386432587859118568069136384.000
361.381 2.500 0.000 0.419 0.010 4895270555540479600606233069568313524224.000 237542258796509471602634635434872799232.000
362.383 2.500 0.000 0.414 0.010 4769258171064915799543065798284433948672.000 234135045059875021193829447389306421248.000
363.385 2.500 0.000 0.409 0.010 4646688227562070583998408443681923137536.000 230789295169075603838542197640377925632.000
364.388 2.500 0.000 0.403 0.010 4527460541753713786901348836836913446912.000 227503166966474671853948916148759166976.000
365.390 2.500 0.000 0.398 0.010 4411478011904727854441036827161712918528.000 224274913135340920269024940525600374784.000
366.393 2.500 0.000 0.355 0.011 3517438005022569893814244527684341202944.000 208861846272538640311541002836893499392.000
367.395 2.500 0.000 0.354 0.011 3490413195722296385289571175825135370240.000 209740117540423759919270793519288025088.000
368.398 2.500 0.000 0.353 0.011 3463418305487330289856053199727654600704.000 210612366400600400508795727872119537664.000
369.400 2.500 0.000 0.351 0.011 3436455224633355716660959206023609974784.000 211477871161061282375707984468698464256.000
370.403 2.500 0.000 0.350 0.011 3409526238452031237811232698416060432384.000 212335958842656218034828286792657010688.000
371.405 2.500 0.000 0.349 0.011 3382633663133809004623229345309776674816.000 213185968709790685240596004386839199744.000
372.408 2.500 0.000 0.347 0.011 3355780031331598439220651250562199715840.000 214027286754724968695226386706629394432.000
373.410 2.500 0.000 0.346 0.011 3328968065461958060298930084885078999040.000 214859313129079485286288646061913276416.000
374.413 2.500 0.000 0.344 0.011 3302200520521068770138289742115432824832.000 215681481211034458376594775536545300480.000
375.415 2.500 0.000 0.343 0.011 3275480328441948213692793015371749654528.000 216493263981385235967126888664530944000.000
376.417 2.500 0.000 0.342 0.011 3248810502736367788047109324650280124416.000 217294138386460751131518900715758026752.000
377.420 2.500 0.000 0.340 0.012 3222194141413134288971970354590311776256.000 218083645784720209864150313357350535168.000
378.422 2.500 0.000 0.339 0.012 3195634398136180250631472379740578381824.000 218861309479630514054127926048219725824.000
379.425 2.500 0.000 0.337 0.012 3169134532078001482909772401370080477184.000 219626708130102889202083579938413215744.000
380.427 2.500 0.000 0.336 0.012 3142697774355719736120344789482288971776.000 220379438511966805539997857317017092096.000
381.430 2.500 0.000 0.335 0.012 3116327434462066048498560986869621850112.000 221119121180445573044897389683828326400.000
382.432 2.500 0.000 0.333 0.012 3090026831791828972321100934216096415744.000 221845404886758737044201379491672489984.000
383.435 2.500 0.000 0.332 0.012 3063799294012746638408235884340639170560.000 222557945105043399330059775803448623104.000
384.437 2.500 0.000 0.330 0.012 3037648149833497314393225275111643283456.000 223256444203424057057229485512289419264.000
385.440 2.500 0.000 0.358 0.018 3562021651342839317317381669321170747392.000 367117018540855112342293465513456566272.000
386.442 2.500 0.000 0.355 0.018 3498581396233116335532333623648018497536.000 364397124483891953837097381897523167232.000
