1.080660038951410229e+02
1.067815657510828657e+02
1.065866615005129603e+02
1.024544153390592527e+02
1.021302705090515559e+02
1.020042666551377408e+02
1.019881347048058871e+02
1.019722375774574914e+02
1.018980229661740111e+02
1.019168101511061622e+02
1.017223603532998766e+02
1.014149944738963569e+02
1.012300755859053538e+02
1.012532067157596884e+02
1.012032617343044336e+02
1.011785556179358139e+02
1.010490419633873103e+02
1.008981900142670298e+02
1.007432390292707964e+02
1.006238130672233098e+02
1.004773474788836722e+02
1.003438126876649505e+02
1.002522033835957558e+02
1.001744069838884172e+02
1.001015315618922443e+02
1.000273669980505247e+02
9.996392382456753012e+01
9.992194875967685164e+01
9.981983996280142435e+01
9.976857935506353670e+01
9.974319599395100511e+01
9.972962832037774206e+01
9.973755189518010411e+01
9.972698127049451955e+01
9.969921772648724811e+01
9.965307344192750350e+01
9.962271708599263320e+01
9.959393142213359340e+01
9.957024979772101858e+01
9.957810109957983968e+01
9.955672661660584311e+01
9.951828597186039360e+01
9.951301498342927232e+01
9.950496125155973459e+01
9.947527128589959489e+01
9.946825853859164113e+01
9.946111106259905910e+01
9.945481015613827935e+01
9.945010332117038843e+01
9.943703581601906194e+01
9.943046023238315456e+01
9.942854819348761453e+01
9.943108875016237391e+01
9.943614342535519768e+01
9.942866594176622641e+01
9.942008565633025796e+01
9.940291901303115196e+01
9.941792146473048319e+01
9.941169069154526028e+01
9.936884627213990484e+01
9.938506508441214748e+01
9.937342446596296952e+01
9.931507513576369206e+01
9.924648504962776485e+01
9.918342703139755656e+01
9.909576775262300430e+01
9.900618953997793881e+01
9.898191293474823738e+01
9.895596170031139138e+01
9.891745258357987325e+01
9.892786051411042081e+01
9.893984417799488540e+01
9.887574640388578473e+01
9.880745995753642319e+01
9.872653133509365375e+01
9.864656936879242721e+01
9.858561419655617897e+01
9.854398844802304325e+01
9.850806353116891501e+01
9.847774025400312325e+01
9.845274014923732864e+01
9.843267900141783855e+01
9.841709650448827063e+01
9.840548872236537647e+01
9.839733768449437434e+01
9.839213577558444968e+01
9.839066584176879360e+01
9.839108363177624028e+01
9.839287873559825925e+01
9.839575568713516418e+01
9.839945813910246386e+01
9.837956635337991429e+01
9.838860191312177506e+01
9.839714238320497941e+01
9.840518770624571232e+01
9.841273900135553276e+01
9.841979754160558969e+01
9.842636590096368820e+01
9.843244675321849968e+01
9.843804329148704824e+01
9.844315898478168947e+01
9.844779803259442019e+01
9.845196477229669085e+01
9.845566398278921838e+01
9.845890022865090430e+01
9.846167854175064349e+01
9.846400403837949966e+01
9.846588224506214715e+01
9.846731781223597579e+01
9.846831680864865177e+01
9.846888407911636421e+01
9.846902509603947351e+01
9.846874515165568198e+01
9.846804981365244203e+01
9.846694393373786625e+01
9.846543282733733804e+01
9.846352126975126851e+01
9.846121474455095779e+01
9.845851738532564923e+01
9.845543482101297172e+01
9.845197071290380109e+01
9.844813025406294571e+01
9.844391772239779925e+01
9.843933695031716979e+01
9.843439288100805129e+01
9.842908846913442744e+01
9.842342844068092234e+01
9.841741574708088081e+01
9.841105455875604946e+01
9.840434787059196253e+01
9.839729947753676242e+01
9.838991212807734144e+01
9.838218906049195311e+01
9.837413365745297256e+01
9.836574814166573333e+01
9.835703497111859406e+01
9.834799642610734338e+01
9.833863618969964193e+01
9.832895583982326571e+01
9.831895725568669775e+01
9.830864336285172556e+01
9.829801450250445782e+01
9.828707473125180627e+01
9.827582401924863120e+01
9.826426497408688476e+01
9.825239860297801897e+01
9.824022557964116231e+01
9.822775054413742168e+01
9.821496967040144455e+01
9.820188893496657556e+01
9.818850738251680355e+01
9.817482624103811872e+01
9.816084676475287552e+01
9.814656704300786316e+01
9.813199922383452645e+01
9.811712978228408133e+01
9.810120490207631860e+01
9.808650118446571753e+01
9.807075551077483055e+01
9.805471065701105715e+01
9.803837565433249779e+01
9.802175115481757928e+01
9.800483645618926687e+01
9.798763487653103255e+01
9.797014623333180339e+01
9.795237115475364931e+01
9.793431272545619493e+01
9.791228623222666272e+01
9.789358307265754888e+01
9.787460169109543529e+01
9.785534342178472400e+01
9.783581091913592331e+01
9.781600789051924494e+01
9.779593717932664276e+01
9.777560228339524429e+01
9.775500733007152121e+01
9.773415809460311721e+01
9.771305803242486832e+01
9.769171393084440069e+01
9.767013195911282253e+01
9.764831923324736351e+01
9.762628384206641385e+01
9.760403373688467354e+01
9.758157880883152302e+01
9.755892899510854477e+01
9.753505890894001595e+01
9.751205662480896308e+01
9.748690889809947180e+01
9.746322413605324186e+01
9.744178649976289819e+01
9.742025305282024306e+01
9.739732593943713823e+01
9.737563914696771405e+01
9.735389639031210152e+01
9.732954011631726132e+01
9.730520761948929476e+01
9.728116085030031002e+01
9.725707139328677897e+01
9.723294640653811882e+01
9.720879137715439811e+01
9.718461318097877211e+01
9.716042009564358750e+01
9.713824591816137399e+01
9.711702452557688048e+01
9.709208101189146589e+01
9.706792982604893893e+01
9.704117856562915279e+01
9.701419574063437778e+01
9.698722389037691016e+01
9.696329603795226149e+01
9.694077301474955277e+01
9.691834942444828016e+01
9.689603090956707376e+01
9.687318581457438427e+01
9.684810282327119069e+01
9.682200099576652974e+01
9.679581141331195226e+01
9.676975739641528662e+01
9.674385394001033944e+01
9.672598911539240873e+01
9.671444874363891131e+01
9.669044809814552366e+01
9.665828628032343772e+01
9.663420375395874373e+01
9.660393386258044757e+01
9.656340168269443325e+01
9.652984755984232379e+01
9.650246530841667436e+01
9.648562986624349946e+01
9.647378070814752959e+01
9.646190042308178647e+01
9.645033397325080671e+01
9.643909513613444062e+01
9.642819900190727367e+01
9.640963327531336802e+01
9.639254871935139590e+01
9.637431115697819450e+01
9.635495341864979935e+01
9.633597535424529212e+01
9.631737505407096478e+01
9.630265886305188872e+01
9.628896543245220130e+01
9.627589564829271751e+01
9.626338357211876939e+01
9.624760453715620656e+01
9.623540581233820035e+01
9.620855257449133546e+01
9.618018749158613900e+01
9.615794999720034752e+01
9.613823611777222311e+01
9.611873504978254346e+01
9.610049228241851438e+01
9.610036961920852150e+01
9.610146106683897926e+01
9.609255253380545980e+01
9.607999686718740406e+01
9.606452506208107422e+01
9.605179858528936165e+01
9.603937835641107768e+01
9.602725574550791521e+01
9.601542487264728720e+01
9.600388268391859015e+01
9.599449303044869453e+01
9.598425309841404385e+01
9.597411360858195906e+01
9.596405820508350359e+01
9.595407327387262342e+01
9.594414812969638717e+01
9.593288241897514013e+01
9.591977330865758233e+01
9.590905721206134160e+01
9.590093729037411663e+01
9.589308673771569147e+01
9.588552368635689049e+01
9.587665890567954818e+01
9.587205662210664059e+01
9.587165990251222070e+01
9.587289921567320050e+01
9.586833007822235686e+01
9.586059028382629776e+01
9.585016763240389537e+01
9.584115052990993888e+01
9.583185964704387061e+01
9.582278095382849870e+01
9.581400633818397239e+01
9.580554811310156538e+01
9.578967518351554133e+01
9.579374662736779555e+01
9.579807924071218395e+01
9.579870250606036564e+01
9.579899489771763399e+01
9.579555428800085792e+01
9.578587920272055101e+01
9.583917385009027612e+01
9.583599626464943810e+01
9.583990709912356465e+01
9.584408931349793193e+01
9.584852227383970558e+01
9.585318578659152422e+01
9.585806033402873538e+01
9.586312690973721828e+01
9.586836729982424288e+01
9.587212279000397075e+01
9.587498767753837114e+01
9.587799557840156695e+01
9.588112981569281601e+01
9.588437405671469094e+01
9.590100703961469719e+01
9.590764711514023588e+01
9.591436020945951668e+01
9.590924224011176591e+01
9.590276797010717758e+01
9.611177999619998502e+01
9.611113447273332611e+01
9.611053968975517137e+01
9.610999096853653612e+01
9.610948442328451335e+01
9.610901655965847112e+01
9.610858475036653203e+01
9.610818685526689364e+01
9.610551836890151378e+01
9.610205298303966970e+01
9.609857793814968829e+01
9.609509376485604548e+01
9.609160142483483469e+01
9.608810213644483156e+01
9.608459742147233840e+01
9.608108905275925338e+01
9.607757886225165578e+01
9.607406900778882175e+01
9.606743029103867570e+01
9.605938985573872912e+01
9.605135708926744087e+01
9.604333476432151429e+01
9.603532551368864745e+01
9.602733208840560053e+01
9.601935720625056092e+01
9.601140342582434073e+01
9.600347346757615696e+01
9.599556981976994052e+01
9.598769485837506465e+01
9.598615646562180359e+01
9.598704143691357160e+01
9.598794061644078113e+01
9.598885506145607849e+01
9.598978579639292263e+01
9.599073377392151940e+01
9.599169982810279578e+01
9.599196396557093180e+01
9.599193761788404800e+01
9.599192482403731219e+01
9.599192663920459268e+01
9.599194408086185604e+01
9.599197811293203131e+01
9.599202942945844086e+01
9.599209881689128565e+01
9.599218674683152130e+01
9.595177796626185796e+01
9.603118307686392541e+01
9.604415134564086998e+01
9.603488517968264659e+01
9.601877821589532402e+01
9.600274967127573689e+01
9.598679607754063170e+01
9.597091413391007109e+01
9.595510052814552182e+01
9.593935220468705438e+01
9.592366605813111846e+01
9.590803915205825092e+01
9.589246861662007859e+01
9.587695174284934296e+01
9.579964778177625817e+01
9.580420376762822343e+01
9.580870966951998469e+01
9.581316232483985118e+01
9.581755886912354470e+01
9.582189654318882788e+01
9.582617286481635688e+01
9.583038545756912185e+01
9.583453214355000682e+01
9.583861097041602761e+01
9.584262002794177704e+01
9.584655774703068687e+01
9.585042248335514614e+01
9.585421288052238253e+01
9.585792768056106183e+01
9.586156574907560923e+01
9.586512609386659278e+01
9.586860775697870451e+01
9.587201000867295875e+01
9.641201129418740834e+01
9.640393735306781764e+01
