59090.509 17.127 0.033 r
59094.416 17.171 0.045 r
59094.44 17.135 0.046 r
59096.398 17.191 0.048 r
59102.458 17.281 0.058 r
59108.462 17.369 0.051 r
59111.42 17.417 0.04 r
59114.46 17.474 0.035 r
59116.435 17.504 0.036 r
59117.382 17.48 0.037 r
59123.355 17.511 0.064 r
59124.353 17.555 0.045 r
59125.465 17.529 0.043 r
59128.409 17.647 0.068 r
59130.428 17.636 0.045 r
59134.436 17.682 0.051 r
59138.337 17.724 0.055 r
59140.366 17.698 0.048 r
59142.362 17.709 0.048 r
59144.401 17.784 0.051 r
59150.3 17.778 0.061 r
59151.374 17.872 0.054 r
59152.39 17.77 0.064 r
59155.28 17.775 0.058 r
59157.422 17.865 0.058 r
59158.351 17.814 0.054 r
59165.35 17.927 0.051 r
59167.346 17.969 0.046 r
59169.277 17.934 0.05 r
59174.339 18.093 0.055 r
59176.329 18.046 0.049 r
59178.319 18.113 0.059 r
59185.255 18.228 0.067 r
59187.246 18.203 0.078 r
59189.237 18.373 0.053 r
59194.254 18.703 0.077 r
59196.255 18.671 0.111 r
59198.214 19.051 0.119 r
59200.237 19.173 0.099 r
59090.583 17.072 0.013 r
59108.592 17.344 0.014 r
59114.569 17.494 0.028 r
59118.558 17.526 0.039 r
59130.489 17.581 0.023 r
59148.424 17.786 0.02 r
59158.485 17.779 0.019 r
59172.391 17.974 0.058 r
59185.401 18.202 0.034 r
59194.331 18.646 0.032 r
