7.497090766732798400e+42
6.202707064442541637e+42
5.836821974876507568e+42
5.865402417287547851e+42
5.086055037969443655e+42
4.828567434657419580e+42
4.559633659698026499e+42
4.320810297165898941e+42
4.169383213783354254e+42
4.291767967527517325e+42
4.224549468166785164e+42
3.873859740852961562e+42
3.596562721692263803e+42
3.449024074368940354e+42
3.384264802236996610e+42
3.314419086023994024e+42
3.295587064771209677e+42
3.300207813656014871e+42
3.075561795770287047e+42
3.055266545091389863e+42
3.030216684945594997e+42
3.007699452303989530e+42
2.931389254293993951e+42
2.775195988103867414e+42
2.646195098861972124e+42
2.537911742300796917e+42
2.459281347574633621e+42
2.478959411531822383e+42
2.481043452239275652e+42
2.422296601886701588e+42
2.369324951971039750e+42
2.341243332927995575e+42
2.311139049676577808e+42
2.278660518461375862e+42
2.237961584010001198e+42
2.218448450047690513e+42
2.198503149763934674e+42
2.178019448039545174e+42
2.157639199018559108e+42
2.137308737546547387e+42
2.112572364280027929e+42
2.086176216431088945e+42
2.091088632522263038e+42
2.096823996385302624e+42
2.107198959475507536e+42
2.119795102714921896e+42
2.135432031142130702e+42
2.136143307947789126e+42
2.124759986912003567e+42
2.126273981284227909e+42
2.127681545347492557e+42
2.125319645593643322e+42
2.110625065164284551e+42
2.100380012715393244e+42
2.091785607611666253e+42
2.098015971340216433e+42
2.105029319033870763e+42
2.106823358018824156e+42
2.071256922918388595e+42
2.035227580726141728e+42
2.004272536892311237e+42
2.004523812898282438e+42
2.003661378806709883e+42
2.000026815719241191e+42
1.979471752506544517e+42
1.966038099609596625e+42
1.954887003758036217e+42
1.951018554445457792e+42
1.947310557177133037e+42
1.946225029939869801e+42
1.944678083842205103e+42
1.940203407806656199e+42
1.930874722533896964e+42
1.920796852305603515e+42
1.908504960295655290e+42
1.897085893125828447e+42
1.887340765745257642e+42
1.876048110325290075e+42
1.860625508266668215e+42
1.823851632496931594e+42
1.786250159463014943e+42
1.753463663375052648e+42
1.734102156389366414e+42
1.715843741043327042e+42
1.688138910885228861e+42
1.652749635283044182e+42
1.622190585013002506e+42
3.154817103147921481e+42
3.822554546891143637e+42
3.642154968774061956e+42
3.388326375656936387e+42
3.046346529439942664e+42
2.704178610615701876e+42
2.387370570958252184e+42
2.085849337433066672e+42
2.797529488132640483e+42
2.325626721548161622e+42
1.975114614604543363e+42
1.710531458150262812e+42
2.614883476833422681e+43
1.729825617002038845e+43
1.176749882325323267e+43
8.241937032261585733e+42
5.945974241641689322e+42
4.417134473834227817e+42
3.375916826847977262e+42
1.739656931925347520e+17
1.739656931925347520e+17
1.739656931925347520e+17
1.739656931925347520e+17
1.739656931925347520e+17
1.739656931925347520e+17
1.739656931925347520e+17
1.739656931925347520e+17
1.739656931925347520e+17
1.739656931925347520e+17
1.739656931925347520e+17
1.739656931925347520e+17
1.739656931925347520e+17
1.739656931925347520e+17
1.739656931925347520e+17
1.739656931925347520e+17
