9.792967943507423441e+41
5.368854039787143674e+41
4.426646896283998687e+41
4.043923493363606633e+41
2.783487060819108733e+41
2.348437338210782773e+41
1.855025578717673133e+41
1.548468055396502538e+41
1.353601198157500477e+41
1.472096368127269463e+41
1.353502549338353728e+41
1.047037664888865546e+41
7.609852452775701411e+40
6.192049028599331730e+40
6.062677056848413420e+40
6.032073176381304010e+40
5.122843269371676591e+40
5.531943691462667458e+40
4.575420387544813854e+40
4.689984247430043146e+40
4.805599535488933900e+40
4.966914538493518271e+40
4.398210050628857972e+40
3.456525063125958737e+40
2.795898747747104373e+40
2.329624904094780882e+40
2.092634176910287383e+40
2.177434381997440876e+40
2.219481221863696994e+40
2.078482512820935470e+40
1.964067965529505254e+40
1.932758041117398814e+40
1.897745656688924827e+40
1.855790092512966104e+40
1.772153969625118596e+40
1.741609821340474032e+40
1.709751622693899208e+40
1.676299808536407300e+40
1.646278945652480528e+40
1.617902238713274250e+40
1.585919549580568505e+40
1.553675339630225448e+40
1.553895805229010392e+40
1.565893635861929853e+40
1.591892194470966108e+40
1.625369955382809471e+40
1.651406417125012293e+40
1.664006532818009685e+40
1.663353360215997856e+40
1.657464021922665574e+40
1.653906951257791429e+40
1.652210815034343545e+40
1.653087303216829473e+40
1.657645795215932358e+40
1.665216367775495521e+40
1.692627434979013973e+40
1.715675444759890477e+40
1.725550405264570286e+40
1.666313865427692009e+40
1.618403006102973734e+40
1.591064126614317098e+40
1.601384306457228183e+40
1.610655007889204016e+40
1.618780145689193668e+40
1.619044524317061207e+40
1.630902649634276607e+40
1.644416040319166742e+40
1.657058328823434132e+40
1.670687386535583645e+40
1.690082224272337705e+40
1.710509440878923479e+40
1.729869333202787621e+40
1.747148869766272185e+40
1.767500709853452890e+40
1.796402481389845381e+40
1.826699796878749207e+40
1.836159723403405951e+40
1.843604940870280995e+40
1.845702811162583034e+40
1.811616732795742329e+40
1.778498161313495217e+40
1.756463286454573953e+40
1.764858711945433617e+40
1.772527793587815953e+40
1.769534737512224620e+40
1.748817254907513548e+40
1.716873463309570003e+40
1.267826106068882326e+41
1.939719910131820459e+41
2.057761218829891407e+41
1.970103874976473886e+41
1.770286445641012731e+41
1.540619020718168966e+41
1.308214375686251560e+41
1.064888517324533785e+41
4.019123964524765359e+41
3.073028602621573699e+41
2.383457705723388216e+41
1.878360363544724300e+41
2.586514879271047222e+44
1.753898439543063863e+44
1.212688799880330958e+44
8.559943675838103891e+43
6.171702961405085260e+43
4.545004804346766028e+43
3.416871442519701848e+43
8.513445628797944444e+27
8.461318080648495527e+27
8.408972780244717980e+27
8.356402098425749762e+27
8.303599258302471030e+27
8.250559173153185679e+27
9.258274753683697392e+27
9.189615821340901288e+27
9.120684962398236165e+27
9.051487484439866712e+27
8.982029863464572824e+27
8.912322096936512647e+27
8.842373329981124280e+27
8.772194926327552988e+27
8.701798974747156720e+27
8.631198925549149102e+27
