3.997156636069554584e+49
9.521463791460300306e+49
9.740766971361644602e+49
1.796303132118695707e+50
9.943037257790952902e+49
6.712971344598652138e+49
4.478588737105836737e+49
6.058639904636373112e+49
1.253759559088484761e+50
2.158005775389960702e+50
6.513702277883963853e+49
1.191195515017065433e+50
2.062152890398765027e+50
1.291284690923174239e+50
9.048812322568590502e+49
6.467687482697479426e+49
9.183307244658436125e+49
1.650915307177423896e+50
2.096730335326489342e+50
8.713872965754849891e+49
1.472681225216845701e+50
2.214986168150016749e+50
1.494883523179949013e+50
1.074902797914995136e+50
7.927597323913166224e+49
1.391948247085294050e+50
2.142538634940574881e+50
2.242893053805665215e+50
1.021526554554825434e+50
1.558419309543124570e+50
2.252355663120199523e+50
1.604204484692877753e+50
1.162133145156550710e+50
8.874239871261748321e+49
1.499904920040961489e+50
2.196359974238202442e+50
2.310297296014180491e+50
1.125871882132391645e+50
1.634480379054097201e+50
2.280648255228117284e+50
1.516402457636782764e+50
1.204812856821418872e+50
9.208401997919044036e+49
1.590456920955453226e+50
2.251533324891223132e+50
2.335545311939354903e+50
1.182173746419885115e+50
1.677518780419897653e+50
2.309139770650754206e+50
1.650105558783491227e+50
1.247727058312045512e+50
9.429174205485676629e+49
1.686475711637794723e+50
2.301317086879620952e+50
2.407632357520323611e+50
1.172063296076694818e+50
1.666348904175867344e+50
2.280940870881595637e+50
1.648714535362024685e+50
1.180305724904161159e+50
9.250418981829856276e+49
1.662196118019368865e+50
2.226980929864314286e+50
2.357684124326303001e+50
1.142208698309571452e+50
1.655253403334827706e+50
2.184504519239766038e+50
1.642851721047571039e+50
1.162120888458513072e+50
8.780399634478287367e+49
1.632500129343234418e+50
2.155045947494295433e+50
2.308772106645579557e+50
1.113114551800349877e+50
1.644231782662944932e+50
2.195233017201270676e+50
1.636015788290243454e+50
1.144668078888299106e+50
8.445142211593420322e+49
1.603334674780309106e+50
2.085434578056557680e+50
2.260874807369640136e+50
1.084761486463376292e+50
1.633767251489036065e+50
2.122395358313976359e+50
1.629156696766778198e+50
1.102046836669584464e+50
8.615720140622062140e+49
1.574690276065755312e+50
2.018071765203262169e+50
2.173981219857288707e+50
1.083610503552496800e+50
1.624121349462299852e+50
2.073148345376549082e+50
1.607239444501946465e+50
1.177106322587371033e+50
8.808100119856269204e+49
1.546557624268819323e+50
1.954553352086986849e+50
2.063016300698821952e+50
1.102028158901766982e+50
1.608020145360331002e+50
1.888809188028033362e+50
1.572387895073486345e+50
1.137629363947879883e+50
8.766138267385915347e+49
1.556393652527818518e+50
1.919473734729491568e+50
2.062188994125717008e+50
1.087962963310062193e+50
1.581065982784511795e+50
1.937575269975558253e+50
1.591358488699306779e+50
1.095975367558283233e+50
8.717876533602994670e+49
1.568429678015636168e+50
1.885023713669595883e+50
1.971292894859377250e+50
1.049104580280077048e+50
1.616281997646459388e+50
1.952484366588275887e+50
1.611286567381167044e+50
1.121557549746970187e+50
8.807420406428725761e+49
1.580558781439950534e+50
1.851191989140446165e+50
1.989916370507291638e+50
1.062332570639093164e+50
1.646351014420220396e+50
1.969117647397263297e+50
1.609702108984180388e+50
1.098563972867034172e+50
9.044190386761797614e+49
1.592781682598355315e+50
1.817967464179299254e+50
2.013824700638970528e+50
1.083621537152837834e+50
1.658965493261552759e+50
1.918567162914754706e+50
1.663807212158973418e+50
1.141076584043980696e+50
8.987337545723483844e+49
1.605099106854845224e+50
1.785339240987698687e+50
1.995463383090897846e+50
1.092480112251378824e+50
1.643975125217477116e+50
1.838859704690931787e+50
1.617015848023385989e+50
1.143117289196701955e+50
8.873673013832864349e+49
1.617511785182851824e+50
1.751863494106468104e+50
1.905186613854356188e+50
1.082080221267178419e+50
1.590413637949598658e+50
1.799940173598372294e+50
1.599056281506585723e+50
1.143180461938138669e+50
8.878279403238853169e+49
1.590175496703881060e+50
1.695916705056725494e+50
1.774512458339188247e+50
1.059201815351896871e+50
1.540069159464265334e+50
1.763096301236092677e+50
1.582233733149793309e+50
1.143180461938138669e+50
8.886444030879667482e+49
1.562063963097447136e+50
1.641756609556733793e+50
1.709397532377984351e+50
1.064409905240914579e+50
1.491971210503510431e+50
1.679080504123936415e+50
1.597253567358950286e+50
1.135055750631926474e+50
8.862976994723603271e+49
1.534449392450978466e+50
1.589504426140008599e+50
1.654538748649130550e+50
1.073629273948481406e+50
1.445375410118372831e+50
1.603317848096102007e+50
1.595149681652691128e+50
1.125484554597823330e+50
8.840272006437889274e+49
1.530526617557885179e+50
1.542269028650403567e+50
1.601440518621329673e+50
1.082928496064910895e+50
1.450773875790608893e+50
1.565992308493979796e+50
1.583470214719136617e+50
1.129898219983886651e+50
8.921234652653232795e+49
1.527236544120075042e+50
1.496437328275010721e+50
1.577520389968962208e+50
1.092308263239182431e+50
1.494065645303366349e+50
1.533881728149868571e+50
1.570769723517874151e+50
1.136161123123101137e+50
9.016205732747933162e+49
1.523953543138967961e+50
1.452404520962861615e+50
1.562134163206799408e+50
1.101769273110975752e+50
1.538649261422139787e+50
1.502429573370456824e+50
1.558171098758590923e+50
1.142458740854340969e+50
9.112187828291222712e+49
1.515097469399134457e+50
1.416701412810215707e+50
1.546898004852932299e+50
1.111312229362569826e+50
1.556981586346096765e+50
1.471622343178197902e+50
1.545673523404232503e+50
1.148791265596810532e+50
9.209191702056707207e+49
1.506168299965604166e+50
1.381875960925763603e+50
1.519347670717231711e+50
1.108102848277382850e+50
1.531952688907293397e+50
1.463410212081746156e+50
1.570893026129102388e+50
1.166490645541862451e+50
9.402230943435343918e+49
1.497291754253241804e+50
1.347906590702542938e+50
1.483304503310184846e+50
1.095537676327231835e+50
1.507326137721332857e+50
1.420609096317313827e+50
1.501375705557266884e+50
1.129433577551787639e+50
9.293561285398754809e+49
1.488467522126150820e+50
1.314772257882093059e+50
1.448116380434268495e+50
1.083114985326735148e+50
1.456868354358869006e+50
1.352631905269072254e+50
1.451472199084724717e+50
1.115266444768975069e+50
9.122115853110953908e+49
1.479695295276189200e+50
1.282452435517359835e+50
1.349048764400000601e+50
1.040813360594335590e+50
1.479990913410341397e+50
1.285883445314073287e+50
1.476980985671928058e+50
1.111291462564168587e+50
8.951495209551720910e+49
1.470974767212236579e+50
1.250927101256117848e+50
1.384834924770587329e+50
1.112552424131889718e+50
1.514901499896116795e+50
1.284557336362615973e+50
1.480099601760304096e+50
1.141431002897102363e+50
8.935959331391355202e+49
1.462305633249464670e+50
1.221390287155806271e+50
1.376860798877725811e+50
1.134463041116929867e+50
1.485067258495853322e+50
1.289694438804799472e+50
1.470407404121246652e+50
1.133258289753612845e+50
8.935959331391355202e+49
1.453687590498677685e+50
1.210313794880945631e+50
1.316600217105027779e+50
1.095653865485223039e+50
1.489044844100181481e+50
1.294852085150121768e+50
1.460778674302179147e+50
1.125144093717124047e+50
8.935959331391355202e+49
1.445120337855763041e+50
1.199337752628002871e+50
1.315155998938854883e+50
1.102528424861310877e+50
1.497388191154715027e+50
1.296410274520426202e+50
1.455016327425979058e+50
1.066857468253164528e+50
9.395787448051361848e+49
1.436603575991146638e+50
1.188461249440092611e+50
1.304829757855311032e+50
1.102537905055148046e+50
1.467521267555240602e+50
1.276105049477052615e+50
1.382801234323639855e+50
1.097866102360811149e+50
9.122829595473552334e+49
1.428137007339343672e+50
1.177414443783424198e+50
1.271463369042379974e+50
1.084181176214044563e+50
1.448196290780369358e+50
1.253967922830438251e+50
1.336936329892332325e+50
1.140095365170868021e+50
9.012159081555720850e+49
1.419720336088558673e+50
1.152796004031903071e+50
1.244137014110219547e+50
1.079805607413861651e+50
1.446666298395485221e+50
1.227152313912775753e+50
1.407006880074371849e+50
1.118847976489397347e+50
9.176171088066084693e+49
1.411353268170359063e+50
1.128692308752031466e+50
1.221549462960325338e+50
1.086675755650262940e+50
1.445137922419040172e+50
1.196312642173435595e+50
1.402654153396533525e+50
1.109898899513357248e+50
9.133795283377975763e+49
1.403035511249374887e+50
1.105092595203643880e+50
1.199371993225224688e+50
1.093589614473515290e+50
1.436583436145045465e+50
1.169746157229293460e+50
1.389108703612466034e+50
1.095833829969172467e+50
9.150146430457940500e+49
1.394766774713121288e+50
1.081986325683564792e+50
1.178495951231202683e+50
1.094804976960335511e+50
1.425721189217632954e+50
1.172157617847668786e+50
1.413510460225325658e+50
1.102049732116340589e+50
9.039021987278828357e+49
1.386546769661827211e+50
1.059693520999580178e+50
1.176413338897452948e+50
1.095636238113490574e+50
1.414248367499354653e+50
1.133327959678652767e+50
1.329164033390340200e+50
1.036796713963047422e+50
9.011935203721973796e+49
1.378375208898324134e+50
1.044026340923627889e+50
1.166899809546064858e+50
1.086755160413659490e+50
1.401408829533008526e+50
1.093339241406600741e+50
1.349065059904795395e+50
1.073750974246551476e+50
8.983799435572411850e+49
1.370251806918045703e+50
1.028590794359316305e+50
1.130500497579322374e+50
1.068770045564031752e+50
1.388685857891912110e+50
1.082804863382884053e+50
1.343989234697976315e+50
1.066568907943829902e+50
8.815729715015760399e+49
1.362176279899037130e+50
1.013383456690133892e+50
1.095236595783037019e+50
1.051082573061035258e+50
1.376078394305265503e+50
1.067933454779375234e+50
1.341518262556018928e+50
1.059721428911954582e+50
8.666937387630921588e+49
1.350235372480666334e+50
9.984009539312504479e+49
1.061072687107108924e+50
1.033687817110901006e+50
1.363585390109975697e+50
1.025124347919307234e+50
1.326450111242955657e+50
1.088684711465826738e+50
8.641612594213302172e+49
1.338271110670334458e+50
9.836399619809698230e+49
1.027974459271750870e+50
1.016580933438667079e+50
1.351205806163472303e+50
1.015001411359017046e+50
1.310219733446995798e+50
1.063121348550663221e+50
8.629567660620465438e+49
1.326412862643650648e+50
9.688321626293625201e+49
9.959086703061781029e+49
9.997571579390668553e+49
1.338938612757225485e+50
1.004978437154329596e+50
1.294187949749047791e+50
1.038158237955252597e+50
8.617539515610008987e+49
1.302056524251372993e+50
9.495005751369305959e+49
9.648431151622791079e+49
9.832118053497835526e+49
1.326782789531139527e+50
9.950544381932067025e+49
1.278352330161579826e+50
1.013781285178461268e+50
8.605528135781553107e+49
1.277727329958201100e+50
9.305547203744760142e+49
9.347465933697113780e+49
9.669402679466480430e+49
1.314737325388661474e+50
9.760945874401730470e+49
1.284042231627321752e+50
1.010558205867109376e+50
8.583907001441928591e+49
1.253852731670602484e+50
9.113616287317637252e+49
9.055888776998966056e+49
9.509380142604299769e+49
1.293636089527260461e+50
9.566441719982084032e+49
1.242549306905558741e+50
9.918074848552714452e+49
8.522332758129860202e+49
1.230424235168595739e+50
8.763215582615066677e+49
8.773406838075475875e+49
9.352005878148629079e+49
1.254920594643508255e+50
9.375432383302216544e+49
1.219157971705449699e+50
9.915775295306309592e+49
8.455474113278243556e+49
1.207433504948449805e+50
8.426287099035807674e+49
8.499736408191309227e+49
9.197236058855721519e+49
1.222760043729046393e+50
9.188236854072095607e+49
1.196206984875745495e+50
9.913476275222356976e+49
8.389139981904130061e+49
1.184872361257037572e+50
8.102312856051968612e+49
8.286235441003733909e+49
9.076978384798727929e+49
1.199625081101748402e+50
9.004778983515315617e+49
1.173688056736286927e+50
9.911177788177244631e+49
8.323326249141164846e+49
1.162732777181607485e+50
7.790794788473043718e+49
8.114443814931549985e+49
8.981009270939542136e+49
1.176927838449450965e+50
8.279101953192513888e+49
1.179222797810005209e+50
9.968472634747172297e+49
8.160301754632819909e+49
1.141006875793907709e+50
7.491253980739729271e+49
7.946213801729059736e+49
8.886054819716365021e+49
1.154660033987573868e+50
7.998661321242110331e+49
1.146850109987383279e+50
9.607174343599030541e+49
7.979156942530584775e+49
1.119686927347745250e+50
7.203229930658817937e+49
7.781471561439705837e+49
8.792104303299965718e+49
1.132813542625241815e+50
7.777202466996306470e+49
1.110963414079296092e+50
9.213463742737433916e+49
7.800856433391352217e+49
1.098765346528789764e+50
6.926279841444463318e+49
7.620144784968970156e+49
8.699147107284352161e+49
1.111380393000556029e+50
7.774265830672326646e+49
1.071425892661577040e+50
8.846323018326231787e+49
7.417998294324636713e+49
1.078234689755907170e+50
6.659977940980766931e+49
7.462162662346955584e+49
8.607172729487563399e+49
1.069785102078049031e+50
7.393355091801420080e+49
1.051593090933225270e+50
8.786916108644411338e+49
7.476241116095698128e+49
1.058087652532774642e+50
6.403914827256007698e+49
7.007483753206107818e+49
8.245613732575964732e+49
1.002248604486223102e+50
6.960969598897243689e+49
1.086422273200074584e+50
8.290255972852526383e+49
7.322334406586171023e+49
1.038313180966528194e+50
6.140811875816630158e+49
6.401391168382274153e+49
7.733109038574886463e+49
9.389757468517214797e+49
6.332622842653280535e+49
9.879640299546023913e+49
7.928510274601008312e+49
6.679451248253007586e+49
1.018770863035159391e+50
5.601001041608187169e+49
5.847720855848506827e+49
7.252458985100495357e+49
8.796973617416138173e+49
5.424873645095251931e+49
9.159526187967529240e+49
7.553868064557694761e+49
6.519634206935351479e+49
9.995963553147472391e+49
5.108642521950571248e+49
5.341938698704314767e+49
6.801683652485815563e+49
8.241612745055962460e+49
5.313494421460232748e+49
8.498143626077461364e+49
7.053501992053449863e+49
6.477172971723085894e+49
9.807827351694085093e+49
4.659564999757261873e+49
4.879902745729491964e+49
6.378926182627911349e+49
7.721312305062865279e+49
4.770013489431364154e+49
8.016597516048971105e+49
6.705588076538040410e+49
5.643825159122127731e+49
9.623232102557053086e+49
4.262004596264481266e+49
4.457829292117146018e+49
5.982445130117844389e+49
7.233858900744901902e+49
4.010708032296041322e+49
7.121077846585261538e+49
5.978734686651808750e+49
5.032229043729828676e+49
9.442111160703585815e+49
4.187814417984509571e+49
4.072261893958497065e+49
5.610607288784562197e+49
6.747138351938434851e+49
3.351423576445838589e+49
6.264111203617490229e+49
5.318900669534835875e+49
4.506550615388909509e+49
9.264399135441540493e+49
4.114915693626958381e+49
3.708279688326020000e+49
5.193868519671235712e+49
6.238404167800020581e+49
2.800513001273498014e+49
5.382986729898337643e+49
4.522283360508731851e+49
4.035785786493011216e+49
9.090031866811351553e+49
4.043285942409734255e+49
3.367245032582877790e+49
4.752267821818781336e+49
5.768028537556774468e+49
2.340161692906384081e+49
4.608382955946136894e+49
3.817652575445268142e+49
3.614198153869682964e+49
8.918946402421710403e+49
3.972903074881342874e+49
3.057573878569080377e+49
4.348213545406337386e+49
5.333119226515599067e+49
1.955483422664407522e+49
4.194648016191002686e+49
3.222812465507322454e+49
3.523822376516669724e+49
8.751080974722220578e+49
3.903745386109061829e+49
2.776381858892208699e+49
3.978513363588026224e+49
4.931002074458857474e+49
1.634038975984679702e+49
3.849801887148243894e+49
2.720656210215232715e+49
3.471994123557161119e+49
8.586374978702773501e+49
3.835791548985355506e+49
2.521049869118173440e+49
3.640246372207388085e+49
4.559204552830455154e+49
1.365433909635995324e+49
3.533305896724209859e+49
2.296742455046187015e+49
3.420928158680853848e+49
8.424768950013468096e+49
3.769020607650976992e+49
2.289199672669231479e+49
3.330740012500114620e+49
4.215440561709985687e+49
1.292538736001261664e+49
3.242829352206960758e+49
2.230096760811970676e+49
3.370613270181967063e+49
8.266204543495743702e+49
3.703411971032535182e+49
2.078671749235123410e+49
3.047548955908206067e+49
3.897596373094914061e+49
1.243327993644902446e+49
2.976233169419192441e+49
2.201612265887814555e+49
3.321038411256116208e+49
8.110624512118010559e+49
3.638945406492468384e+49
1.887505180371634962e+49
2.788435784180520894e+49
3.603717634059183270e+49
1.195990848648379737e+49
2.731554120392607235e+49
2.173491596634965725e+49
3.272192697574918992e+49
7.957972686307332090e+49
3.575601033589791926e+49
1.713919384934494775e+49
2.551353312118104501e+49
3.331997349873577833e+49
1.150455967662540768e+49
2.506990376056425468e+49
2.145730105994745296e+49
3.224065404896301505e+49
7.808193953670838898e+49
3.513359317949086474e+49
1.556297534227614302e+49
2.334428413300884127e+49
3.080764773198725667e+49
1.136179377122538061e+49
2.459613540077872870e+49
2.118323206264276405e+49
3.176645966709961382e+49
7.661234239097578216e+49
3.452201065236572788e+49
1.413171492389365608e+49
2.135947221007335953e+49
2.848475131032810975e+49
1.126269754434504483e+49
2.434974141045592316e+49
2.091266368338280888e+49
3.129923971917435550e+49
7.517040485236402979e+49
3.392107415240820095e+49
1.283208141747218091e+49
1.954341587402941573e+49
2.697301845875132215e+49
1.116446562308226339e+49
2.410581569400919699e+49
2.064555120960699252e+49
3.083889162546371702e+49
7.375560633339712219e+49
3.333059836056578666e+49
1.226545245461613325e+49
1.861287044184324922e+49
2.662415538977518098e+49
1.106709046906533703e+49
2.386433352528422210e+49
2.038185049985736228e+49
3.038531431498221562e+49
7.236743604469279396e+49
3.275040118369867376e+49
1.221624051479179280e+49
1.830542982821935462e+49
2.627980443875409079e+49
1.097056460967109511e+49
2.362527042582255435e+49
2.012151797648428993e+49
2.993840820329366298e+49
7.100539281054359376e+49
3.218030369842407552e+49
1.216722602508432874e+49
1.800306740665606310e+49
2.593990724695016107e+49
1.087488063745201254e+49
2.338860216238106566e+49
1.986451061844534273e+49
2.949807517064566067e+49
6.966898488798045876e+49
3.162013009594081681e+49
1.211840819327651145e+49
1.770569929742702439e+49
2.560440621042484083e+49
1.078003120956723928e+49
2.315430474447535151e+49
1.961078595419529215e+49
2.906421854042775740e+49
6.835772978923501082e+49
3.106970762781165589e+49
1.206978623032964590e+49
1.741324300630043477e+49
2.527324447027538589e+49
1.068600904721952943e+49
2.292235442194762539e+49
1.936030205466816394e+49
2.863674305794559388e+49
6.707115410754683423e+49
3.052886655269075993e+49
1.202135935037087915e+49
1.712561740165396792e+49
2.494636590299996536e+49
1.059280693509614121e+49
2.269272768256000086e+49
1.911301752634772075e+49
2.821555486950745782e+49
6.580879334624581535e+49
2.999744008397818737e+49
1.197312677068039088e+49
1.684274269196834616e+49
2.462371511098593453e+49
1.050041772081570548e+49
2.246540124960997604e+49
1.886889150442725226e+49
2.780056150181834228e+49
6.457019175105566909e+49
2.947526433838568578e+49
1.192508771167875278e+49
1.656454040369106285e+49
2.430523741312095237e+49
1.040883431437907544e+49
2.224035207957160943e+49
1.862788364605673610e+49
2.739167184167693308e+49
6.335490214554983337e+49
2.896217828539778713e+49
1.187724139691469551e+49
1.629093335946751681e+49
2.399087883552581680e+49
1.031804968762499999e+49
2.201755735975979633e+49
1.838995412367543802e+49
2.698879611597248758e+49
6.216248576970535788e+49
2.845802369761221850e+49
1.182958705305197735e+49
1.602184565673018682e+49
2.373006377744595600e+49
1.022805687369125285e+49
2.179699450601730051e+49
1.815506361843091186e+49
2.659184587197241473e+49
6.099251212149963464e+49
2.796264510194575970e+49
1.172143105089533135e+49
1.583359670209357764e+49
2.348903596851563523e+49
1.013884896647978446e+49
2.157864116042578207e+49
1.792317331368079591e+49
2.620073395790526555e+49
5.984455880147898112e+49
2.747588973168848057e+49
1.160995725416186182e+49
1.565299515049086545e+49
2.325045629479586601e+49
1.005041912012644832e+49
2.136247518903936503e+49
1.769424488857846741e+49
2.581537450382384804e+49
5.871821136026488995e+49
2.699760747939307622e+49
1.149954360164659469e+49
1.547445358065060116e+49
2.301429989041710333e+49
9.962760548476183005e+48
2.114847467964075767e+49
1.746824051174057709e+49
2.543568290275329020e+49
5.761306314891698695e+49
2.652765085058430479e+49
1.139018001110781521e+49
1.529794849595925430e+49
2.278054214207424584e+49
9.875866524561960080e+48
2.093661793952082137e+49
1.724512283499474483e+49
2.506157579211504244e+49
5.652871517212651778e+49
2.606587491827312214e+49
1.128185649618863456e+49
1.512345666781111658e+49
2.254915868646115318e+49
9.789730380088328335e+48
2.072688349327853204e+49
1.702485498720816698e+49
2.469297103542441536e+49
5.546477594415928048e+49
2.561213727826584027e+49
1.117456316550477991e+49
1.495095513255084378e+49
2.232012540773136097e+49
9.704345504920201028e+48
2.051925008064471721e+49
1.680740056819404845e+49
2.432978770425715127e+49
5.442086134752098300e+49
2.516629800524604498e+49
1.106829022174142420e+49
1.478042118845170517e+49
2.209341843498464566e+49
9.619705346575154394e+48
2.031369665432712299e+49
1.659272364269650325e+49
2.397194606048115062e+49
5.339659449427518958e+49
2.472821960962616758e+49
1.096302796075907786e+49
1.461183239272824485e+49
2.186901413977908620e+49
9.535803409720783453e+48
2.011020237787634898e+49
1.638078873445232455e+49
2.361936753875050299e+49
5.239160558997525609e+49
2.429776699514696547e+49
1.085876677070689503e+49
1.444516655858226202e+49
2.164688913366837056e+49
9.452633255676168820e+48
1.990874662357409690e+49
1.617156082032789239e+49
2.327197472925499206e+49
5.140553180015674290e+49
2.387480741721616775e+49
1.075549713114509756e+49
1.428040175228303187e+49
2.142702026576416817e+49
9.370188501917960762e+48
1.970930897034208215e+49
1.596500532453200050e+49
2.292969136072528992e+49
5.043801711934064587e+49
2.345921044197242755e+49
1.065320961217589480e+49
1.411751629028100907e+49
2.120938462032316055e+49
9.288462821590160174e+48
1.951186920167184164e+49
1.576108811290160126e+49
2.259244228368718449e+49
4.948871224250526337e+49
2.305084790606086825e+49
1.055189487358201150e+49
1.395648873635422441e+49
2.099395951435898967e+49
9.207449943019087961e+48
1.931640730357607677e+49
1.555977548726117478e+49
2.226015345396222028e+49
4.855727443897394557e+49
2.264959387711072433e+49
1.045154366397435278e+49
1.379729789878677777e+49
2.078072249527759780e+49
9.127143649231860504e+48
1.912290346255891962e+49
1.536103417985415924e+49
2.193275191641104527e+49
4.764336742867898417e+49
2.225532461489909749e+49
1.035214681994643991e+49
1.363992282758030468e+49
2.056965133853750576e+49
9.047537777479082588e+48
1.893133806360812891e+49
1.516483134784489783e+49
2.161016578891580857e+49
4.674666126075192107e+49
2.186791853319164028e+49
1.025369526523853225e+49
1.348434281169683813e+49
2.036072404533332686e+49
8.968626218762348386e+48
1.874169168820661944e+49
1.497113456789167609e+49
2.129232424659860767e+49
4.586683219440312005e+49
2.148725616224738652e+49
1.015618000990827082e+49
1.333053737633335638e+49
2.015391884030282778e+49
8.890402917365222575e+48
1.855394511236387279e+49
1.477991183078823776e+49
2.097915750627068917e+49
4.500356258203684539e+49
2.111322011197616760e+49
1.005959214950990203e+49
1.317848628022666157e+49
1.994921416925804287e+49
8.812861870388290933e+48
1.836807930466787848e+49
1.459113153617428814e+49
2.067059681111256133e+49
4.415654075457246449e+49
2.074569503573755800e+49
9.963922864281210755e+48
1.302816951299013380e+49
1.974658869693781441e+49
8.735997127288937203e+48
1.818407542435505071e+49
1.440476248731358035e+49
2.036657441557718580e+49
4.332546090892123758e+49
2.038456759476945677e+49
9.869163418338223618e+48
1.287956729248024235e+49
1.954602130478478597e+49
8.659802789424485878e+48
1.800191481940092218e+49
1.422077388593813592e+49
2.006702357051670048e+49
4.251002299757999140e+49
2.002972642323679807e+49
9.775305158877602127e+48
1.273266006219276713e+49
1.934749108874417230e+49
8.584273009599306702e+48
1.782157902462955353e+49
1.403913532715914482e+49
1.977187850852732510e+49
4.170993262030556427e+49
1.968106209388778636e+49
9.682339515385972678e+48
1.258742848868934580e+49
1.915097735708503785e+49
8.509401991616567576e+48
1.764304975984137021e+49
1.385981679444202152e+49
1.948107442950985891e+49
4.092490091782518185e+49
1.933846708430837773e+49
9.590257998858167846e+48
1.244385345905343003e+49
1.895645962824370998e+49
8.435183989833044432e+48
1.746630892796037962e+49
1.368278865464623497e+49
1.919454748644266784e+49
4.015464446754915401e+49
1.900183574376430066e+49
9.499052201021306421e+48
1.230191607837448787e+49
1.876391762868908556e+49
8.361613308718373111e+48
1.729133861319967812e+49
1.350802165312847159e+49
1.891223477136364085e+49
3.939888518124647274e+49
1.867106426061944780e+49
9.408713793567522510e+48
1.216159766726150105e+49
1.857333129080967507e+49
8.288684302417902104e+48
1.711812107924522709e+49
1.333548690890779169e+49
1.863407430155919178e+49
3.865735020464445202e+49
1.834605063032297733e+49
9.319234527393122700e+48
1.202287975938495762e+49
1.838468075082192734e+49
8.216391374319582300e+48
1.694663876745852905e+49
1.316515590989336350e+49
1.836000500595479230e+49
3.792977181892058606e+49
1.802669462395217711e+49
9.230606231845647196e+48
1.188574409904618978e+49
1.819794634670025813e+49
8.144728976624136972e+48
1.677687429509588526e+49
1.299700050817233953e+49
1.808996671170723347e+49
3.721588734404618308e+49
1.771289775730360415e+49
9.142820813977469361e+48
1.175017263877546414e+49
1.801310861612736238e+49
8.073691609919729584e+48
1.660881045354694278e+49
1.283099291535846462e+49
1.782390013099332746e+49
3.651543904394980569e+49
1.740456326052220054e+49
9.055870257807112300e+48
1.161614753695619559e+49
1.783014829446602774e+49
8.003273822759685974e+48
1.644243020659013727e+49
1.266710569800008132e+49
1.756174684799307112e+49
3.582817403346809715e+49
1.710159604825900607e+49
8.969746623586940302e+48
1.148365115547741131e+49
1.764904631275120592e+49
7.933470211244270417e+48
1.627771668866571166e+49
1.250531177304626815e+49
1.730344930606421583e+49
3.515384418704287572e+49
1.680390269034847428e+49
8.884442047078554330e+48
1.135266605741252921e+49
1.746978379570260909e+49
7.864275418605725048e+48
1.611465320316638086e+49
1.234558440337166911e+49
1.704895079510550722e+49
3.449220604914164581e+49
1.651139138299584342e+49
8.799948738834367665e+48
1.122317500472417846e+49
1.729234205975722665e+49
7.795684134797591632e+48
1.595322322074439640e+49
1.218789719335771656e+49
1.679819543910607138e+49
3.384302074636112464e+49
1.622397192046676356e+49
8.716258983486380654e+48
1.109516095599604187e+49
1.711670261112266297e+49
7.727691096086976072e+48
1.579341037763618688e+49
1.203222408453079560e+49
1.655112818387692858e+49
3.320605390118666507e+49
1.594155566726899755e+49
8.633365139041710640e+48
1.096860706419016147e+49
1.694284714384875992e+49
7.660291084650576027e+48
1.563519847400403448e+49
1.187853935125610347e+49
1.630769478496460352e+49
3.258107554737317559e+49
1.566405553081879446e+49
8.551259636184853710e+48
1.084349667442942531e+49
1.677075753792021181e+49
7.593478928174361315e+48
1.547857147229314649e+49
1.172681759648607228e+49
1.606784179574083748e+49
3.196786004692077649e+49
1.539138593458306422e+49
8.469934977586418639e+48
1.071981332180603784e+49
1.660041585736791670e+49
7.527249499456587772e+48
1.532351349560651837e+49
1.157703374756374963e+49
1.583151655566850368e+49
3.136618600861097479e+49
1.512346279168830608e+49
8.389383737218390137e+48
1.059754072921467842e+49
1.643180434839956527e+49
7.461597716014482063e+48
1.517000882609537624e+49
1.142916305207912630e+49
1.559866717873978744e+49
3.077583620807750046e+49
1.486020347899100240e+49
8.309598559676448446e+48
1.047666280521046073e+49
1.626490543754929046e+49
7.396518539693875715e+48
1.501804190336577514e+49
1.128318107377883302e+49
1.536924254208439850e+49
3.019659750938158984e+49
1.460152681159621157e+49
8.230572159507664246e+48
1.035716364189086252e+49
1.609970172984606146e+49
7.332006976282964436e+48
1.486759732290179464e+49
1.113906368852807694e+49
1.514319227474539854e+49
2.962826078806128950e+49
1.434735301782283858e+49
8.152297320546000189e+48
1.023902751280268346e+49
1.593617600700069716e+49
7.268058075128872565e+48
1.471865983450324931e+49
1.099678708032372608e+49
1.492046674661994109e+49
2.907062085563301431e+49
1.409760371460272721e+49
8.074766895252726936e+48
1.012223887087195561e+49
1.577431122561119032e+49
7.204666928757560070e+48
1.457121434074027689e+49
1.085632773735895332e+49
1.470101705756332751e+49
2.852347638550842703e+49
1.385220188330872942e+49
7.997973804064159039e+48
1.000678234635841463e+49
1.561409051538686411e+49
7.141828672497571844e+48
1.442524589542309572e+49
1.071766244813751872e+49
1.448479502665205357e+49
2.798662984031239691e+49
1.361107184600349097e+49
7.921911034745071196e+48
9.892642744832211066e+48
1.545549717738928949e+49
7.079538484106542806e+48
1.428073970208631876e+49
1.058076829763808229e+49
1.427175318160604417e+49
2.745988740056224863e+49
1.337413924210119596e+49
7.846571641748315398e+48
9.779805045174677366e+48
1.529851468229239579e+49
7.017791583400968966e+48
1.413768111248988037e+49
1.044562266352755918e+49
1.406184474836579495e+49
2.694305889469482780e+49
1.314133100543662375e+49
7.771948745580668846e+48
9.668254397601529664e+48
1.514312666865954208e+49
6.956583231889707852e+48
1.399605562513354092e+49
1.031220321242236872e+49
1.385502364082300343e+49
2.643595773040680724e+49
1.291257534173227844e+49
7.698035532174671170e+48
9.557976121708199041e+48
1.498931694123820325e+49
6.895908732410188021e+48
1.385584888378708522e+49
1.018048789619807432e+49
1.365124445070219735e+49
2.593840082728914735e+49
1.268780170645832862e+49
7.624825252266475633e+48
9.448955704538221810e+48
1.483706946927229703e+49
6.835763428767759902e+48
1.371704667603545123e+49
1.005045494834557752e+49
1.345046243759107040e+49
2.545020855072928176e+49
1.246694078307778964e+49
7.552311220779272967e+48
9.341178798673284276e+48
1.468636838483097836e+49
6.776142705378755251e+48
1.357963493183739267e+49
9.922082880374197179e+48
1.325263351911811552e+49
2.497120464705627126e+49
1.224992446167047603e+49
7.480486816213186105e+48
9.234631220344749311e+48
1.453719798115507712e+49
6.717041986915968796e+48
1.344359972209966906e+49
9.795350478260764090e+48
1.305771426127303875e+49
2.450121617990825042e+49
1.203668581792901845e+49
7.409345480040365000e+48
9.129298947567257999e+48
1.438954271102000590e+49
6.658456737957691427e+48
1.330892725726497724e+49
9.670236798943613394e+48
1.286566186887213404e+49
2.404007346779583673e+49
1.182715909252031182e+49
7.338880716106360235e+48
9.025168118293472997e+48
1.424338718511535060e+49
6.600382462639596545e+48
1.317560388591408379e+49
9.546721166861977138e+48
1.267643417616130600e+49
2.358761002284205708e+49
1.162127967080670659e+49
7.269086090036683726e+48
8.922225028589488549e+48
1.409871617044092577e+49
6.542814704309870301e+48
1.304361609338224153e+49
9.424783170538979142e+48
1.248998963755895744e+49
2.314366249067393082e+49
1.141898406291969853e+49
7.199955228649447020e+48
8.820456130831766457e+48
1.395551458871913900e+49
6.485749045186895145e+48
1.291295050038889815e+49
9.304402659208681320e+48
1.230628731853441411e+49
2.270807059144759624e+49
1.122020988418073526e+49
7.131481819373433323e+48
8.719848031923872880e+48
1.381376751482343584e+49
6.429181106020592652e+48
1.278359386168160337e+49
9.185559739486201393e+48
1.212528688662060918e+49
2.228067706197978820e+49
1.102489583586289059e+49
7.063659609671472165e+48
8.620387491533945378e+48
1.367346017522274735e+49
6.373106545756180761e+48
1.265553306469370926e+49
9.068234772079964801e+48
1.194694860255895848e+49
2.186132759897291475e+49
1.083298168628687726e+49
6.996482406469526893e+48
8.522061420352541014e+48
1.353457794644162361e+49
6.317521061200894513e+48
1.252875512821456855e+49
8.952408368546545122e+48
1.177123331157440659e+49
2.144987080330433140e+49
1.064440825224756773e+49
6.929944075591506663e+48
8.424856878369586926e+48
1.339710635353653346e+49
6.262420386694061027e+48
1.240324720107409732e+49
8.838061388086382159e+48
1.159810243477907700e+49
2.104615812536755387e+49
1.045911738076160379e+49
6.864038541198777467e+48
8.328761073171754788e+48
1.326103106858657021e+49
6.207800293779597965e+48
1.227899656083993691e+49
8.725174934380781371e+48
1.142751796070184333e+49
2.065004381144066820e+49
1.027705193113493101e+49
6.798759785235458676e+48
8.233761358258958508e+48
1.312633790920055467e+49
6.153656590881369068e+48
1.215599061252774707e+49
8.613730352469340535e+48
1.125944243694297517e+49
2.026138485106397014e+49
1.009815575734110246e+49
6.734101846878910579e+48
8.139845231379715538e+48
1.299301283703879864e+49
6.099985122981817327e+48
1.203421688732486666e+49
8.503709225666881995e+48
1.109383896195129998e+49
1.988004092540868682e+49
9.922373690706853489e+48
6.670058821995464848e+48
8.047000332886133766e+48
1.286104195634988188e+49
6.046781771302964539e+48
1.191366304132577915e+49
8.395093372520303291e+48
1.093067117692233136e+49
1.950587435661744460e+49
9.749651522898991998e+48
6.606624862601379744e+48
7.955214444107332363e+48
1.273041151252260100e+49
5.994042452990174474e+48
1.179431685428126229e+49
8.287864843803767707e+48
1.076990325781557080e+49
1.913875005809741686e+49
9.579935989207301517e+48
6.543794176328455424e+48
7.864475485741152497e+48
1.260110789065208035e+49
5.941763120799170299e+48
1.167616622835952168e+49
8.182005919552631951e+48
1.061149990748913465e+49
1.877853548575019341e+49
9.413174752118786697e+48
6.481561025895689167e+48
7.774771516264712181e+48
1.247311761412097431e+49
5.889939762785151001e+48
1.155919918691983126e+49
8.077499106135233465e+48
1.045542634795058727e+49
1.842510059011847186e+49
9.249316385177487317e+48
6.419919728584866380e+48
7.686090730362901819e+48
1.234642734319483153e+49
5.838568401995063422e+48
1.144340387329868590e+49
7.974327133361777997e+48
1.030164831272034832e+49
1.807831776943374748e+49
9.088310357125426617e+48
6.358864655722002015e+48
7.598421457374521866e+48
1.222102387363173029e+49
5.787645096162339337e+48
1.132876854960761862e+49
7.872472951630620797e+48
1.015013203930958377e+49
1.773806182354884841e+49
8.930107016319597704e+48
6.298390232163135725e+48
7.511752159756738921e+48
1.209689413530613026e+49
5.737165937404445462e+48
1.121528159554347391e+49
7.771919729110518744e+48
1.000084426180660029e+49
1.740420990873506089e+49
8.774657575420200740e+48
6.238490935785398506e+48
7.426071431566427161e+48
1.197402519084658260e+49
5.687127051922956266e+48
1.110293150721080011e+49
7.672650848959206485e+48
9.853752203573617556e+48
1.707664149333251769e+49
8.621914096345499387e+48
6.179161296982816008e+48
7.341367996959110368e+48
1.185240423428737610e+49
5.637524599706128175e+48
1.099170689595516747e+49
7.574649906577481399e+48
9.708823570050471900e+48
1.675523831423376322e+49
8.471829475488187272e+48
6.120395898166555156e+48
7.257630708705328007e+48
1.173201858973374048e+49
5.588354774234485303e+48
1.088159648720910754e+49
7.477900706898054876e+48
9.566026541664227352e+48
1.643988433418719013e+49
8.324357429189863538e+48
6.062189373270516234e+48
7.174848546723215547e+48
1.161285571004107661e+49
5.539613802188518454e+48
1.077258911934914844e+49
7.382387261709498334e+48
9.425329766843084292e+48
1.613046569990324132e+49
8.179452479467594405e+48
6.004536407261351414e+48
7.093010616628514024e+48
1.149490317550666519e+49
5.491297943159211977e+48
1.066467374256432116e+49
7.288093787013917099e+48
9.286702355132995633e+48
1.582687070095011630e+49
8.037069939989310362e+48
5.947431735652964228e+48
7.012106148300844475e+48
1.137814869257562563e+49
5.443403489360818234e+48
1.055783941773627984e+49
7.195004700418654593e+48
9.150113870415763861e+48
1.552898972942211724e+49
7.897165902293354251e+48
5.890870144025806722e+48
6.932124494466056424e+48
1.126258009255950391e+49
5.395926765346624127e+48
1.045207531533012979e+49
7.103104618561336270e+48
9.015534324226244740e+48
1.523671524036776053e+49
7.759697222247479905e+48
5.834846467550892521e+48
6.853055129295335807e+48
1.114818533036802036e+49
5.348864127726636191e+48
1.034737071429686545e+49
7.012378354567497802e+48
8.882934169168838111e+48
1.494994171296264012e+49
7.624621506744629901e+48
5.779355590517978653e+48
6.774887647019748296e+48
1.103495248325356702e+49
5.302211964888103259e+48
1.024371500098654356e+49
6.922810915541120747e+48
8.752284292429822009e+48
1.466856561241246295e+49
7.491897100628672366e+48
5.724392445868620992e+48
6.697611760560867055e+48
1.092286974956893900e+49
5.255966696718314019e+48
1.014109766807233015e+49
6.834387500086794500e+48
8.623556009385732585e+48
1.439248535257414517e+49
7.361483073849347826e+48
5.669952014733280348e+48
6.621217300177122782e+48
1.081192544753676400e+49
5.210124774329959553e+48
1.003950831348573312e+49
6.747093495863799184e+48
8.496721057305515612e+48
1.412160125927882904e+49
7.233339208839781257e+48
5.616029325973287242e+48
6.545694212125207509e+48
1.070210801403232665e+49
5.164682679788565013e+48
9.938936639361656029e+48
6.660914477171457853e+48
8.371751589145283901e+48
1.385581553434764575e+49
7.107425988114098212e+48
5.562619455726692471e+48
6.471032557336991686e+48
1.059340600337833778e+49
5.119636925842789393e+48
9.839372450994800938e+48
6.575836202565020692e+48
8.248620167434744726e+48
1.359503222028181992e+49
6.983704582080909376e+48
5.509717526958709607e+48
6.397222510111737784e+48
1.048580808615199254e+49
5.074984055656687334e+48
9.740805655806470140e+48
6.491844612502420033e+48
8.127299758252453156e+48
1.333915716561995055e+49
6.862136837068773249e+48
5.457318709016393763e+48
6.324254356822774427e+48
1.037930304800417327e+49
5.030720642544306171e+48
9.643226262321058004e+48
6.408925827020703220e+48
8.007763725291391899e+48
1.308809799094551552e+49
6.742685263560404729e+48
5.405418217187589075e+48
6.252118494639154207e+48
1.027387978849064662e+49
4.986843289706964795e+48
9.546624379153516741e+48
6.327066143442371829e+48
7.889985824010111091e+48
1.284176405553506651e+49
6.625313024631399188e+48
5.354011312263968368e+48
6.180805430262153677e+48
1.016952731991510820e+49
4.943348629972464708e+48
9.450990214006655084e+48
6.246252034111048260e+48
7.773940195871007828e+48
1.260006642463406630e+49
6.509983924590346274e+48
5.303093300108200037e+48
6.110305778675562785e+48
1.006623476618396951e+49
4.900233325536561660e+48
9.356314072678446417e+48
6.166470144155781750e+48
7.659601362662918196e+48
1.236291783734809357e+49
6.396662397816674156e+48
5.252659531225563444e+48
6.040610261910839854e+48
9.963991361672954915e+48
4.857494067707066551e+48
9.262586358079520295e+48
6.087707289284310528e+48
7.546944220907297507e+48
1.213023267513918149e+49
6.285313497792785637e+48
5.202705400338983429e+48
5.971709707826110521e+48
9.862786450104815171e+48
4.815127576649816846e+48
9.169797569260100053e+48
6.009950453604124818e+48
7.435944036346655591e+48
1.190192693091431428e+49
6.175902886327174722e+48
5.153226345968979986e+48
5.903595048898857473e+48
9.762609483438844434e+48
4.773130601136857318e+48
9.077938300446971927e+48
5.933186787471609794e+48
7.326576438514017892e+48
1.167791817869623086e+49
6.068396822964881260e+48
5.104217850016734615e+48
5.836257321032879905e+48
9.663450020771484089e+48
4.731499918297197467e+48
8.986999240090407817e+48
5.857403605368660968e+48
7.218817415382603647e+48
1.145812554386503582e+49
5.962762154582783573e+48
5.055675437351803778e+48
5.769687662378388840e+48
9.565297727248026408e+48
4.690232333369269418e+48
8.896971169919450237e+48
5.782588383806159335e+48
7.112643308093235348e+48
1.124246967395951406e+49
5.858966305165519398e+48
5.007594675403294967e+48
5.703877312165823101e+48
9.468142372985804883e+48
4.649324679455859295e+48
8.807844964008498298e+48
5.708728759254669727e+48
7.008030805760810017e+48
1.103087271002820059e+49
5.756977265759612956e+48
4.959971173755270603e+48
5.638817609553034138e+48
9.371973832007492646e+48
4.608773817281038930e+48
8.719611587851445893e+48
5.635812526101102605e+48
6.904956940355642089e+48
1.082325825852029998e+49
5.656763584602464947e+48
4.912800583745696321e+48
5.574499992485314014e+48
9.276782081186062798e+48
4.568576634949349087e+48
8.632262097446192790e+48
5.563827634631740379e+48
6.803399081661064279e+48
1.061955136370420152e+49
5.558294357423021298e+48
4.866078598069454832e+48
5.510915996568596237e+48
9.182557199200045061e+48
4.528730047706786346e+48
8.545787638388094263e+48
5.492762189040986372e+48
6.703334932304825247e+48
1.041967848060656765e+49
5.461539217911650426e+48
4.819800950385059939e+48
5.448057253955726908e+48
9.089289365499473370e+48
4.489230997704320602e+48
8.460179444972183108e+48
5.422604445465602118e+48
6.604742522863619485e+48
1.022356744846007137e+49
5.366468328355348427e+48
4.773963414924940258e+48
5.385915492245027979e+48
8.996968859282358242e+48
4.450076453763118212e+48
8.375428839304770251e+48
5.353342810043833936e+48
6.507600207039634346e+48
1.003114746465073267e+49
5.273052370436519142e+48
4.728561806109594444e+48
5.324482533391615393e+48
8.905586058481524282e+48
4.411263411141822612e+48
8.291527230423739847e+48
5.284965836999648153e+48
6.411886656907999194e+48
9.842349059155955501e+48
5.181262536191574413e+48
4.683591978165603003e+48
5.263750292631376687e+48
8.815131438761767369e+48
4.372788891306184429e+48
8.208466113427638842e+48
5.217462226751120244e+48
6.317580858234276037e+48
9.657104069463642738e+48
5.091070519127045913e+48
4.639049824746832709e+48
5.203710777416674751e+48
8.725595572527169272e+48
4.334649941700382344e+48
8.126237068613836172e+48
5.150820824043190771e+48
6.224662105860555985e+48
9.475345615962993697e+48
5.002448505490359277e+48
4.594931278559507986e+48
5.144356086364770121e+48
8.636969127938498313e+48
4.296843635520328713e+48
8.044831760624618395e+48
5.085030616104284467e+48
6.133109999159666951e+48
9.297008077799042542e+48
4.915369165692371274e+48
4.551232310990931181e+48
5.085678408217781198e+48
8.549242867940714226e+48
4.259367071489285754e+48
7.964241937602469189e+48
5.020080730826251178e+48
6.042904437556138722e+48
9.122027069181111172e+48
4.829805645879602846e+48
4.507948931741443473e+48
5.027670020814825604e+48
8.462407649300056708e+48
4.222217373635104327e+48
7.884459430353788936e+48
4.955960434967870739e+48
5.954025616113041395e+48
8.950339416137328452e+48
4.745731559652789137e+48
4.465077188460303375e+48
4.970323290075779943e+48
8.376454421651216108e+48
4.185391691069427356e+48
7.805476151520413135e+48
4.892659132380998209e+48
5.866454021183739211e+48
8.781883133707239090e+48
4.663120979929783141e+48
4.422613166384426841e+48
4.913630668996445743e+48
8.337959825287539386e+48
4.148887197769127228e+48
7.727284094760075838e+48
4.830166362259563663e+48
5.780170426127569350e+48
8.616597403562360342e+48
4.581948430950064345e+48
4.380552987981309110e+48
4.857584696655445452e+48
8.327709643719534095e+48
4.112701092359232089e+48
7.649875333934764088e+48
4.768471797410941681e+48
5.695155887088794052e+48
8.454422552049633105e+48
4.502188880418430110e+48
4.338892812594695236e+48
4.802177997232447364e+48
8.317472063102372435e+48
4.076830597898119224e+48
7.573242022307225556e+48
4.707565242549201835e+48
5.611391738836905577e+48
8.295300028646310625e+48
4.423817731785472939e+48
4.297628836093929999e+48
4.747403279037312554e+48
8.307247067945245622e+48
4.041272961664203175e+48
7.497376391745703372e+48
4.647436632610454345e+48
5.528859590669247801e+48
8.139172384822124474e+48
4.346810816662265627e+48
4.256757290526614663e+48
4.693253333550499354e+48
8.297034642776314927e+48
4.006025454944914297e+48
7.422270751936297146e+48
4.588076031089409509e+48
5.447541322372788467e+48
7.985983253297870715e+48
4.271144387367437006e+48
4.216274443774551111e+48
4.639721034474568960e+48
8.286834772142872642e+48
3.971085372827159734e+48
7.347917489603551178e+48
4.529473628397396897e+48
5.367419080245974094e+48
7.835677327695288851e+48
4.196795109603631286e+48
4.176176599213009039e+48
4.586799336796172346e+48
8.184158018014190338e+48
3.936450033989809373e+48
7.274309067738672753e+48
4.471619740241346502e+48
5.288475273178856093e+48
7.688200342569374207e+48
4.123740055261620021e+48
4.164032592853887466e+48
4.549268104224811713e+48
8.030487524738311464e+48
3.902116780497805054e+48
7.201438024835476572e+48
4.414504806023276860e+48
5.210692568790896798e+48
7.543499053816856647e+48
4.051956695349667839e+48
4.157779122308785732e+48
4.515204347216838456e+48
7.879702437688813049e+48
3.868082977598381735e+48
7.129296974134257816e+48
4.358119387260526399e+48
5.134053889625594820e+48
7.401521219453389483e+48
3.981422893045874497e+48
4.151535043115213404e+48
4.481395650916416684e+48
7.731748578806629865e+48
3.834346013518778854e+48
7.057878602872661841e+48
4.302454166025868691e+48
5.058542409401037910e+48
7.262215580752241658e+48
3.912116896871712913e+48
4.145300341169402674e+48
4.447840105494128291e+48
7.586572787310966964e+48
3.800903299265711878e+48
6.987175671544620093e+48
4.247499943407743956e+48
4.984141549315730430e+48
7.125531843738489637e+48
3.844017333984008698e+48
4.139075002388790426e+48
4.414535815420928004e+48
7.444122900598912552e+48
3.767752268426903246e+48
6.917181013166546161e+48
4.193247637990152498e+48
4.910834974408529098e+48
6.991420661030718029e+48
3.777103203584071524e+48
4.132859012711885181e+48
4.381480899360912064e+48
7.304347735502656048e+48
3.734890376973958762e+48
6.847887532550673832e+48
4.139688284351787552e+48
4.838606589972336527e+48
6.859833614025698683e+48
3.711353870441315345e+48
4.126652358098437148e+48
4.348673490065290226e+48
7.167197069899296830e+48
3.702315103067213177e+48
6.779288205585935658e+48
4.086813031584602238e+48
4.767440538020425184e+48
6.773085002835556749e+48
3.701541440920437728e+48
4.120455024529179257e+48
4.316111734266588822e+48
7.032621624665613624e+48
3.670023946862177582e+48
6.711376078525935499e+48
4.034613141831046082e+48
4.697321193804769344e+48
6.710973529814107008e+48
3.711761147752614856e+48
4.114266998005932951e+48
4.283793792574178496e+48
6.900573045971667602e+48
3.638014430317771013e+48
6.644144267283994275e+48
3.983079988840134635e+48
4.628233162385576333e+48
6.649431639941144540e+48
3.722009070507661930e+48
4.108088264551542632e+48
4.251717839370429569e+48
6.771003887907197954e+48
3.606284097005989669e+48
6.577585956735550601e+48
3.932205056541987449e+48
4.560161275251236921e+48
6.588454109947191492e+48
3.732285287087826479e+48
4.101918810209802974e+48
4.219882062707271101e+48
6.637755235100331453e+48
3.574830511923595938e+48
6.511694400027012854e+48
3.881979937640389160e+48
4.493090586988213281e+48
6.414072037122734431e+48
3.742589875610454716e+48
4.080512987249132294e+48
4.179753381017370943e+48
6.503203237618082097e+48
3.543651261305162604e+48
6.446462917892037527e+48
3.832396332223584627e+48
4.427006371999317858e+48
6.183280989033163094e+48
3.752922914408542575e+48
4.055293327006629312e+48
4.137816756136297707e+48
6.371378704374128954e+48
3.512743952437750690e+48
6.381884897974438138e+48
3.783446046392563666e+48
4.361894121271169773e+48
5.960794261127402280e+48
3.763284482031430175e+48
4.030229537181548503e+48
4.096300893043324103e+48
6.242226347737589958e+48
3.482106213477476640e+48
6.317953794157849323e+48
3.735120990907039185e+48
4.297739539188294932e+48
5.746313047475644740e+48
3.773674657245283411e+48
4.005320654414938698e+48
4.055201570118754180e+48
6.115692000797048354e+48
3.451735693267386669e+48
6.254663125902362879e+48
3.687413179848713730e+48
4.234528540394651929e+48
5.641859882559615614e+48
3.784093519033720272e+48
3.980565721301773107e+48
4.014514608099489112e+48
5.991722594642679376e+48
3.421630061156966681e+48
6.192006477587310200e+48
3.640314729301455381e+48
4.172247246701109123e+48
5.583760621638398075e+48
3.794541146598443651e+48
3.955963786354375431e+48
3.974235869654317438e+48
5.870266136108972604e+48
3.391787006823440934e+48
6.129977497861099736e+48
3.593817856048580979e+48
4.110881984038445174e+48
5.526259660602322706e+48
3.805017619359794328e+48
3.931513903965749914e+48
3.934361258962773057e+48
5.751271685968770707e+48
3.362204240094401234e+48
6.068569898997450064e+48
3.547914876286533378e+48
4.050419279455155216e+48
5.469350838224040180e+48
3.815523016957451278e+48
3.907215134373171657e+48
3.894886721299136189e+48
5.634689337569101251e+48
3.332879490771963311e+48
6.007777456257866704e+48
3.502598204355149377e+48
3.990845858159390895e+48
5.392664357377582405e+48
3.720393875758670303e+48
3.883066543622132610e+48
3.855808242619665898e+48
5.520470195900112276e+48
3.303810508458743097e+48
5.947594007260755982e+48
3.457860351484142560e+48
3.932148640604560493e+48
5.308140886049451255e+48
3.585977544865271422e+48
3.859067203530501091e+48
3.810810520043815409e+48
5.408566357088458661e+48
3.274995062385002563e+48
5.888013451356733300e+48
3.413693924555445990e+48
3.874314739617478618e+48
5.224942217589004651e+48
3.456417621818532083e+48
3.835216191652792946e+48
3.761619944681757797e+48
5.298930888306266309e+48
3.246430941237525250e+48
5.829029749010169314e+48
3.370091624881588084e+48
3.817331457569072615e+48
5.143047587318635008e+48
3.331538646560746236e+48
3.811512591244609503e+48
3.713064329439515359e+48
5.191517808087254820e+48
3.218115952989897603e+48
5.770636921187164163e+48
3.327046246999450001e+48
3.761186283586540374e+48
5.062436556021790225e+48
3.211171498335363005e+48
3.787955491227631110e+48
3.665135478146388972e+48
5.086282067041979059e+48
3.190047924734354497e+48
5.712829048749187795e+48
3.284550677479580465e+48
3.705866890806548062e+48
4.983089004841783476e+48
3.095153166650621677e+48
3.764543986154340668e+48
3.617825300429143405e+48
4.983179528964090256e+48
3.162224702514883231e+48
5.655600271853228844e+48
3.242597893750708431e+48
3.651361133668827809e+48
5.135126744184990492e+48
3.090747589163040305e+48
3.741277176173478635e+48
3.571125810346497500e+48
4.882166952319264846e+48
3.129879400957756089e+48
5.598944789357876347e+48
3.203336253221517544e+48
3.597657045249557481e+48
5.403514848113658369e+48
3.133268844632410064e+48
3.718154166995200761e+48
3.525029125041027370e+48
4.783201972109890101e+48
3.094398019720636133e+48
5.542856858235011738e+48
3.166131125654408415e+48
3.544742834634063011e+48
5.249095818415871934e+48
3.176375090339413941e+48
3.695174069856952370e+48
3.479527463408468332e+48
4.686243082106646535e+48
3.059318867532388836e+48
5.479031529186148088e+48
3.129358116793479582e+48
3.492606884327913873e+48
4.861285943178113228e+48
3.220074374343203915e+48
3.672336001489071991e+48
3.434613144784414936e+48
4.591249617440986752e+48
3.024637384587195796e+48
5.410128947338335325e+48
3.093012207798922944e+48
3.441237747706475306e+48
4.732587128518174613e+48
3.208262548907338119e+48
3.649639084081072575e+48
3.390278587647685657e+48
4.498181737549950575e+48
2.990349062770788474e+48
5.015567323469784791e+48
3.057088438122187481e+48
3.390624146501596486e+48
4.698523066851125901e+48
3.175435542093381699e+48
3.627082445247666358e+48
3.346516308340712497e+48
4.407000409467056496e+48
2.956449445074435832e+48
4.473467163060624871e+48
3.021581904828992006e+48
3.340754968325506055e+48
4.529884676441640207e+48
3.142944421872212703e+48
3.604665217995473147e+48
3.303318919806188953e+48
4.317667391451678309e+48
2.922934125015503477e+48
4.268054560376014644e+48
2.986487761930114688e+48
3.291619264231031659e+48
4.306890300712161527e+48
3.110785751445484419e+48
3.582386540689456663e+48
3.260679130340123698e+48
4.230145216950280907e+48
2.889798746064824447e+48
4.247504602678046025e+48
2.951801219720080710e+48
3.243206246307720974e+48
4.094873354908329923e+48
3.078956129180212173e+48
3.560245557020017066e+48
3.218589742361148758e+48
4.238376573400493134e+48
2.857039001080327686e+48
4.227053589535575961e+48
2.917517544123407302e+48
3.195505285313324868e+48
4.011096887986789604e+48
3.064059114189834573e+48
3.513063544540927934e+48
3.177043651195368216e+48
4.317008260009632196e+48
2.824650631747110165e+48
4.206701044547376087e+48
2.883632056048496074e+48
3.148505908340079985e+48
3.978588661615508028e+48
3.056043338153311588e+48
3.458994681907469602e+48
3.136033843877284879e+48
4.397098746239805837e+48
2.792629428024045776e+48
4.186446493606061857e+48
2.850140130749042477e+48
3.102197796515475326e+48
3.946343900528507050e+48
3.048048531903283278e+48
3.405757982390166915e+48
3.095553397965889739e+48
4.478675096197359492e+48
2.760971227596462720e+48
4.166289464886909638e+48
2.817037197192788479e+48
3.056570782736429953e+48
3.914360469452185736e+48
3.040074640581462060e+48
3.353340638331913426e+48
3.055595480376155041e+48
4.561764876090559053e+48
2.729671915335072758e+48
4.146229488836952232e+48
2.784318737437737226e+48
3.011614849437426372e+48
3.882636250418503820e+48
3.032121609473034551e+48
3.301730039195738654e+48
3.016153346225733632e+48
4.646396163544440985e+48
2.698727422761155862e+48
4.126266098164122437e+48
2.751980286015488275e+48
2.967320126390840704e+48
3.851169142624630033e+48
3.024189384006327955e+48
3.251343893380044240e+48
2.977217955240715503e+48
4.557995338863583315e+48
2.668133727517577132e+48
4.106398827826204486e+48
2.720017429321811228e+48
2.923676888540025855e+48
3.819957062293795676e+48
3.016277909752478411e+48
3.262383194943742596e+48
2.938003735262560837e+48
4.433285331958357943e+48
2.637886852846079891e+48
4.086627215020163228e+48
2.688425805014192284e+48
2.880675553864120924e+48
3.788997942537416433e+48
3.008387132424940319e+48
3.273459978294387759e+48
2.899306022665340980e+48
4.311987479885711824e+48
2.607982867070298744e+48
4.053115376245253322e+48
2.657201101416579273e+48
2.785967548220975025e+48
3.758289733218123467e+48
3.000516997879232564e+48
3.284574370693993188e+48
2.861118014307855855e+48
4.194008423653110469e+48
2.578417883084628260e+48
4.006257559760020111e+48
2.626339056930840318e+48
2.646619354840403321e+48
3.727830400813988105e+48
2.992667452112521839e+48
3.295726499836749923e+48
2.823432996656034787e+48
4.079257358636717005e+48
2.549188057849080952e+48
3.959941463596534220e+48
2.595835459455116578e+48
2.514241062818097418e+48
3.697617928283987477e+48
2.984838441263199468e+48
3.306916493850391513e+48
2.786244344602679403e+48
3.967645964692099662e+48
2.520289591889665009e+48
3.914160824959637833e+48
2.565686145809009674e+48
2.388484052457128649e+48
3.667650314934339871e+48
2.977029911610632828e+48
3.317907086740807312e+48
2.749598392771145974e+48
3.922556663381533765e+48
2.491718728804529687e+48
3.868909453457958073e+48
2.535887001165340290e+48
2.269017141279100940e+48
3.637925576286011593e+48
2.969241809574681168e+48
3.320968994806038744e+48
2.715182036586664672e+48
3.890138117422280339e+48
2.463471754775658347e+48
3.807333319655332065e+48
2.506433958488564918e+48
2.194449857821455674e+48
3.606377556035415071e+48
2.961474081715371085e+48
3.324033728532388255e+48
2.681196465340122582e+48
3.857987499300018111e+48
2.435544998086153597e+48
3.730939648436004535e+48
2.477322997979713815e+48
2.157685385925251227e+48
3.574175537929162774e+48
2.953726674732579801e+48
3.327101290527482496e+48
2.647636286953955296e+48
3.826102594685703764e+48
2.407934828642944165e+48
3.656078806762291923e+48
2.448550146527687559e+48
2.121536843524537163e+48
3.542261057651119847e+48
2.945999535465550328e+48
3.330171683401372920e+48
2.614496176842461108e+48
3.794481207550990797e+48
2.380637657504971918e+48
3.582720038599321243e+48
2.420111477167128044e+48
2.085993911712938645e+48
3.510631547722338958e+48
2.938292610892642237e+48
3.333244909766486456e+48
2.581770877067140222e+48
3.763121160017021402e+48
2.353649936416571175e+48
3.510833205028266339e+48
2.392003108542342382e+48
2.051046444460741198e+48
3.479284463589442515e+48
2.930605848130928611e+48
3.329423866243434584e+48
2.549621117635659008e+48
3.726644502354934639e+48
2.326968157346373602e+48
3.440388771863925139e+48
2.364221204377644167e+48
2.016684465718585658e+48
3.326221506265102900e+48
2.857977332061119786e+48
3.155867148273743929e+48
2.522677920343831787e+48
3.689553159101193135e+48
2.300588852031229511e+48
3.371357797520909923e+48
2.336761972953738892e+48
1.982898166569790602e+48
3.143729992026949104e+48
2.769228088112208340e+48
2.991357621518681045e+48
2.496019446093895293e+48
3.652830986489700103e+48
2.274508591525406479e+48
3.303711921123164201e+48
2.309621666590226547e+48
1.949677902430211885e+48
3.085833879324127423e+48
2.688047211102874620e+48
2.835423672606942730e+48
2.469642686066622347e+48
3.616474310160048836e+48
2.248723985754888756e+48
3.237423350852016950e+48
2.282796581134130517e+48
1.917014190295223233e+48
3.070610668914367691e+48
2.610071403639463338e+48
2.687618272501359333e+48
2.443544663238532119e+48
3.580479492322791607e+48
2.223231683076642445e+48
3.172464852528273799e+48
2.256283055454301253e+48
1.884897706032654843e+48
3.055462558508120039e+48
2.517737104156430144e+48
2.547517694963008510e+48
2.417722432045960529e+48
3.544842931395416828e+48
2.198028369843065530e+48
3.108809738423145707e+48
2.230077470941803724e+48
1.853319281721127898e+48
3.040389177617797635e+48
2.424296548829187233e+48
2.422424843934958505e+48
2.395154070392425821e+48
3.516499100498101618e+48
2.173110769971161901e+48
3.046431856293813931e+48
2.204176251016001807e+48
1.822269903033034406e+48
3.082974002192718482e+48
2.360804843341452804e+48
2.444144982091931394e+48
2.428424716385753766e+48
3.489494298268576559e+48
2.148475644516738300e+48
2.985305578638969252e+48
2.178575860636432082e+48
1.791740706661314382e+48
3.138770347778455765e+48
2.305963515725182513e+48
2.466059869077827463e+48
2.462157518821780458e+48
3.434334372089652758e+48
2.124119791253370694e+48
2.925405792169953531e+48
2.153272805820341767e+48
1.761722977789290800e+48
3.001696487272354804e+48
2.252396148226038593e+48
2.570362473069768949e+48
2.437677934778780539e+48
3.360862435465063608e+48
2.100040044256183600e+48
2.866707887493097296e+48
2.128263633165802871e+48
1.732208147603044719e+48
2.817439388614170669e+48
2.200073146841622760e+48
2.703602629691138056e+48
2.397397182431654615e+48
3.288962310110581766e+48
2.079380135092909412e+48
2.818591575174181952e+48
2.103544929380407403e+48
1.703187790845328769e+48
2.735440299746464683e+48
2.180081360157036732e+48
2.675156581870456179e+48
2.357782038525454998e+48
3.218600369708700858e+48
2.061517950282387108e+48
2.778539727076627663e+48
2.079113320815402167e+48
1.674653623410464743e+48
2.690981279160361657e+48
2.168492312461272101e+48
2.646197023117139672e+48
2.318821504392809408e+48
3.149743707321681042e+48
2.043809204297617509e+48
2.739057010934939696e+48
2.054965473005271248e+48
1.646597499979659975e+48
2.647244849563223525e+48
2.156964870735333646e+48
2.617550962290951285e+48
2.280504763110859313e+48
3.082360120001607727e+48
2.026252579076236822e+48
2.700135339452344996e+48
2.031098090212618540e+48
1.619011411695808215e+48
2.604219266707661684e+48
2.145498707489379402e+48
2.589215005660979208e+48
2.242821176498092538e+48
3.016418093729680214e+48
2.008846767878273229e+48
2.661766740251533189e+48
2.007507914978367178e+48
1.591887483877282048e+48
2.561892977225087639e+48
2.134093496974435501e+48
2.561185796234652738e+48
2.205760282160708118e+48
2.951886788677738816e+48
1.991590475188797490e+48
2.623943354241770414e+48
1.984191727677185671e+48
1.565217973770075958e+48
2.520254615523536304e+48
2.122748915173195748e+48
2.533460013360158053e+48
2.169311790587966578e+48
2.839184220234463952e+48
1.974482416621586362e+48
2.586657434008987765e+48
1.961146346078042401e+48
1.538995268337561402e+48
2.479293000735528758e+48
2.111464639790783553e+48
2.542469730341359480e+48
2.176382102092310033e+48
2.718776584325051249e+48
1.957521318823446097e+48
2.549901342229023481e+48
1.938368624909916724e+48
1.513211882087233442e+48
2.438997133715892700e+48
2.100240350245593038e+48
2.551996623782816661e+48
2.184048304134997494e+48
2.603475344359212322e+48
1.940705919379530901e+48
2.513667550103101480e+48
1.915855455432506676e+48
1.487860454933999127e+48
2.399356194088222054e+48
2.089075727660216806e+48
2.561559215465854353e+48
2.191741510008373509e+48
2.493063941982212234e+48
1.924034966719265012e+48
2.477948635815805832e+48
1.893603765011972889e+48
1.462933750099103541e+48
2.360359537339307894e+48
2.077970454852335721e+48
2.571157639155415628e+48
2.199461814832123913e+48
2.387335002913821677e+48
1.907507220023302579e+48
2.442737283014848615e+48
1.871610516701550609e+48
1.438424652044376278e+48
2.321996691960841972e+48
2.066924216325742084e+48
2.580792029117703033e+48
2.207209314060990537e+48
2.286089947458805521e+48
1.891121449131099910e+48
2.408026279312407528e+48
1.849872708827074599e+48
1.414326164441022115e+48
2.284257356637633183e+48
2.055936698261376751e+48
2.590462520121991019e+48
2.214984103485984582e+48
2.189138617535220450e+48
1.874876434449358727e+48
2.365067902700270630e+48
1.828387374577311134e+48
1.390772401906026767e+48
2.247131397481370190e+48
2.045007588508376965e+48
2.581510263483982830e+48
2.222786279235536713e+48
2.096298919520248928e+48
1.858770966861282670e+48
2.316953396123231832e+48
1.807151581599013041e+48
1.367707251914416287e+48
2.210608845309581714e+48
2.034136576575263081e+48
2.536555845173001206e+48
2.230615937776650073e+48
2.057401601855805722e+48
1.842803847636593489e+48
2.269817722221782213e+48
1.786162431596753600e+48
1.345024623997168900e+48
2.174679892968500599e+48
2.023323353621082780e+48
2.545476732116487045e+48
2.171331571277032685e+48
2.042960446041860269e+48
1.826973888342231327e+48
2.223640967803953513e+48
1.765417059937331289e+48
1.322718174248524470e+48
2.139334892699740161e+48
2.012567612446634463e+48
2.562487134146827505e+48
2.103771803413329598e+48
2.028620654483214668e+48
1.811279910754012013e+48
2.178403624788058303e+48
1.744912635258807351e+48
1.300781663972753006e+48
2.104564353549645380e+48
2.001869047485776322e+48
2.579611209884566382e+48
2.038314119954502454e+48
2.014381515691665070e+48
1.795720746768820772e+48
2.134086581961235287e+48
1.724646359084085003e+48
1.279208957939216124e+48
2.070358938820631261e+48
1.991227354796693218e+48
2.596849718965595035e+48
1.974893115719571874e+48
2.000242323172982432e+48
1.780295238317760355e+48
2.090671116905659725e+48
1.704615465438939741e+48
1.257994022666526954e+48
2.006882216855014796e+48
1.980642232053297270e+48
2.610064373347353631e+48
1.916293011084429671e+48
1.982491403375627925e+48
1.765002237279879080e+48
2.048138888088932645e+48
1.684817220474570837e+48
1.237130924735051066e+48
1.937737503012339809e+48
1.970113378536629402e+48
2.492327373615395890e+48
1.951022568447580426e+48
1.964198212657734218e+48
1.749840605396801030e+48
2.006471927115366693e+48
1.665248922094398187e+48
1.216613829127482956e+48
1.934511498171112041e+48
1.959640495126306339e+48
2.379901354427629557e+48
1.986381540074450055e+48
1.946073820062280297e+48
1.734809214187921897e+48
1.965652631135079505e+48
1.645907899585365422e+48
1.196436997596863983e+48
1.953965963523686365e+48
1.949223284292057489e+48
2.272546743564554105e+48
2.022381333029937726e+48
1.928116668025766127e+48
1.719906944866488803e+48
1.925663755407264545e+48
1.626791513253382583e+48
1.176594787061717885e+48
1.871145766561581327e+48
1.938861450085223197e+48
2.170034775633748848e+48
2.059033561112678838e+48
1.907663341866818370e+48
1.705132688256259070e+48
1.886488406015017311e+48
1.607897154063067688e+48
1.157081648027792925e+48
1.754340309161592112e+48
1.928554698130387045e+48
2.085525502167877207e+48
2.081646391468043260e+48
1.853303428779969081e+48
1.690485344708978724e+48
1.848110032728107910e+48
1.589222243281669397e+48
1.137892123035984246e+48
1.707989594427666429e+48
1.918302735616971787e+48
2.041164307059694119e+48
2.062981275108862584e+48
1.800492531227434402e+48
1.675963824022570713e+48
1.810512422011202541e+48
1.570764232127092247e+48
1.119020845135928401e+48
1.679909153416498283e+48
1.908105271290970295e+48
1.997746718553020273e+48
2.044483519820305536e+48
1.749186509162101833e+48
1.661567045359922522e+48
1.773679690174119273e+48
1.552520601420072791e+48
1.100462536385022782e+48
1.652290372810021226e+48
1.864115302044562048e+48
1.955252665199868865e+48
2.026151624956575171e+48
1.699342480331683947e+48
1.647293937168505194e+48
1.737596276661554115e+48
1.534488861240342783e+48
1.082212006372293096e+48
1.625125662615998600e+48
1.816292559929315841e+48
1.913662502491941313e+48
2.007984103327463277e+48
1.650918784437195334e+48
1.633143437100547287e+48
1.702246937479282712e+48
1.516666550586760899e+48
1.064264150766659137e+48
1.598407557626539198e+48
1.769696681120708444e+48
1.872957003779019997e+48
1.989979481077695341e+48
1.603874948312718970e+48
1.619114491934034722e+48
1.667616738754093544e+48
1.499051237041503528e+48
1.046613949889445001e+48
1.572128715366496813e+48
1.724296191188235956e+48
1.833117351380861670e+48
1.972136297567309122e+48
1.599475187964746648e+48
1.605206057494254857e+48
1.633691050424747434e+48
1.481640516438034919e+48
1.029256467310388183e+48
1.546281914075764120e+48
1.680060423158729972e+48
1.936346900966769501e+48
1.610518356609562014e+48
1.588111483952838704e+48
1.595684942073722026e+48
1.464432012533002691e+48
1.012186848467065282e+48
1.568615762549314001e+48
1.636959496801524089e+48
1.899689785290754003e+48
1.621637769996799967e+48
1.568892558517792679e+48
1.555346466094329719e+48
1.447423376681898092e+48
9.954003193071305496e+47
1.600530998068636207e+48
1.594964298445081196e+48
1.863726627979857794e+48
1.632833954538838823e+48
1.549906215680769523e+48
1.516027735680891065e+48
1.430612287518546063e+48
9.788921849531156154e+47
1.572436012973593277e+48
1.554046461311333331e+48
1.828444291660780064e+48
1.644107440282544632e+48
1.531149640785698713e+48
1.477702971946283410e+48
1.413996450638258946e+48
9.626578283893665733e+47
1.532903892329821566e+48
1.514178346354661840e+48
1.795667106390251086e+48
1.625245562133321630e+48
1.512620053238789060e+48
1.440347047686531489e+48
1.397573598284695718e+48
9.466927091707450646e+47
1.494365636332807687e+48
1.475333023592283977e+48
1.779442233597924769e+48
1.603747207533838628e+48
1.494314706096285982e+48
1.366425649129502454e+48
1.382244082844711281e+48
9.309923621527415828e+47
1.456796258543183286e+48
1.437484253913726402e+48
1.763363961751942106e+48
1.582533227961283139e+48
1.476230885657261074e+48
1.272229897708384224e+48
1.367693204832671716e+48
9.155523962426670694e+47
1.747430966229444963e+48
1.561599861771665730e+48
1.458365911061314087e+48
1.243008284231049730e+48
1.353295503856112821e+48
8.945148764943453500e+47
1.731641934376297806e+48
1.540943397079152581e+48
1.440717133891125966e+48
1.249169405299118681e+48
1.339049367420980754e+48
8.708966500049983933e+47
1.715995565398925665e+48
1.520560171097808483e+48
1.423281937779875292e+48
1.255361064709789263e+48
1.324953200007955964e+48
8.479020247962570419e+47
1.700490570257161679e+48
1.500446569492145319e+48
1.406057738023347902e+48
1.261583413830028659e+48
1.311005422893728973e+48
8.255145356793666813e+47
1.685125671558079878e+48
1.480599025736247574e+48
1.389041981196768264e+48
1.267836604777098897e+48
1.297204473974208349e+48
8.037181522023989263e+47
1.669899603450681123e+48
1.461014020481314877e+48
1.372232144776270813e+48
1.274120790422264477e+48
1.283548807589557179e+48
7.824972671717233829e+47
1.654811111521672674e+48
1.441688080931665724e+48
1.355625736764911949e+48
1.280436124394473062e+48
1.270036894351124561e+48
7.618366854765529681e+47
1.639858952692104487e+48
1.422617780228900561e+48
1.339220295323316326e+48
1.286782761084211076e+48
1.256667220970085535e+48
7.417216132085603192e+47
1.625041895114950189e+48
1.403799736844283307e+48
1.323013388404636478e+48
1.275601573260374080e+48
1.243438290088043203e+48
7.350705351187756959e+47
1.610358718073608701e+48
1.385230613979099214e+48
1.307002613394038018e+48
1.254010475580112792e+48
1.230348620109254589e+48
7.361132236274644735e+47
1.595808211881348601e+48
1.366907118973032233e+48
1.291185596752543609e+48
1.232784833312261474e+48
1.217396745034740485e+48
7.371573911769747977e+47
1.581389177781670216e+48
1.348826002720256669e+48
1.275559993665141267e+48
1.211918460682477696e+48
1.204581214298081494e+48
7.382030398653024051e+47
1.567100427849467654e+48
1.330984059093331728e+48
1.260123487693180375e+48
1.191405276618084362e+48
1.191900592602979946e+48
7.392501717934273050e+47
1.552940784893286090e+48
1.313378124374710558e+48
1.244873790430961600e+48
1.171239302975945610e+48
1.179353459762482699e+48
7.402987890653095606e+47
1.311670126003321827e+48
1.229808641166512624e+48
1.151414662800180894e+48
1.166938410539933616e+48
7.413488937878853948e+47
1.310518421306751316e+48
1.214925806546410934e+48
1.131925578609516531e+48
1.154654054491626697e+48
7.424004880710912043e+47
1.258785525474021175e+48
1.200223080244726229e+48
1.112766370713529133e+48
1.142499015811021587e+48
7.434535740278444137e+47
1.201935241154564041e+48
1.185698282635914632e+48
1.093931455557398974e+48
1.130471933174698682e+48
7.445081537740655417e+47
1.171349260471725916e+48
1.075415344094717171e+48
1.118571459589879377e+48
7.455642294286824210e+47
1.157173886561974114e+48
1.057212640187835078e+48
1.106796262243586762e+48
7.466218031136232202e+47
1.143170059459192940e+48
1.039318039035251757e+48
1.095145022353347128e+48
7.476808769538190405e+47
1.129335703147109339e+48
1.021726325625615051e+48
1.083616435019500437e+48
7.487414530772246847e+47
1.115668766732861814e+48
1.004432373217974264e+48
1.072209209079086168e+48
7.498035336148137894e+47
1.102167224142993229e+48
9.874311418476290755e+47
1.060922066961185441e+48
7.508671207005726593e+47
1.088829073823072219e+48
9.707176768574033539e+47
1.049753744543872101e+48
7.519322164715283378e+47
1.075652338440975491e+48
9.542871074536479248e+47
1.038702991012617649e+48
7.529988230677250797e+47
1.062635064593750537e+48
9.381346452868113477e+47
1.019315532209267196e+48
7.540669426322537198e+47
1.049775322518049192e+48
9.222555830559122923e+47
9.974514635587194516e+47
7.551365773112438849e+47
1.037071205804021043e+48
9.066452931367522325e+47
9.760563738286873611e+47
7.562077292538609104e+47
1.024520831112715043e+48
8.912992262332478155e+47
9.551202035361172518e+47
7.572804006123305039e+47
1.012122337896862777e+48
8.762129100516550948e+47
9.346331089714212890e+47
7.583545935419192743e+47
9.998738881250821510e+47
8.613819479971905726e+47
9.145854575701606012e+47
7.594303102009602061e+47
9.877736660093809450e+47
8.468020178927699671e+47
8.949678233840458472e+47
7.605075527508481165e+47
9.758198777359711077e+47
8.324688707193638097e+47
8.757709826490820888e+47
7.615863233560338140e+47
9.640107511993608499e+47
8.183783293777266449e+47
8.569859094487396722e+47
7.626666241840513575e+47
9.523445357396195553e+47
8.045262874710640055e+47
8.386037714701968688e+47
7.637484574054968012e+47
9.408195018828672709e+47
7.909087081083079387e+47
8.206159258515895254e+47
7.524949672786360743e+47
9.294339410848857400e+47
7.775216227276489794e+47
8.030139151183074700e+47
7.360103353105901109e+47
9.181861654778165814e+47
7.643611299399805834e+47
7.857894632065054410e+47
7.198868261446006896e+47
9.070745076199646241e+47
7.514233943919199786e+47
7.689344715718898659e+47
7.041165287955628309e+47
8.960973202485921665e+47
7.387046456480741033e+47
7.524410153819486095e+47
6.886917055814038633e+47
8.852529760357186030e+47
7.262011770922210003e+47
7.363013397898985494e+47
6.736047883266391121e+47
8.745398673468812820e+47
7.139093448471080295e+47
7.205078562885067423e+47
6.588483746490354915e+47
8.639564060027948006e+47
7.018255667124894831e+47
7.050531391421838414e+47
6.444152243276284098e+47
8.535010230439301565e+47
6.899463211211983460e+47
6.899299218955306783e+47
6.302982557503258760e+47
8.431721684979077988e+47
6.782681461128400633e+47
6.751310939568517140e+47
6.164905424393315881e+47
8.329683111497204817e+47
6.667876383248940499e+47
6.606496972548918008e+47
6.029853096526644581e+47
8.359010393862036022e+47
6.606787446445643061e+47
6.464789229673316237e+47
5.897759310601220436e+47
8.438261682514952457e+47
6.566217376096720071e+47
6.326121083194163055e+47
5.768559254921140533e+47
8.518264348000435764e+47
6.525896432970538966e+47
6.190427334512781817e+47
5.642189537596419211e+47
8.599025514078255211e+47
6.485823087260287705e+47
6.057644183524555222e+47
5.518588155440155509e+47
8.680552372048237336e+47
6.445995818553082874e+47
5.927709198621392409e+47
5.397694463546579484e+47
8.762852181390357707e+47
6.406413115772383867e+47
5.800561287338011658e+47
5.279449145535553359e+47
8.845932270411438248e+47
6.367073477120751060e+47
5.676140667627484852e+47
5.163794184449355777e+47
8.679493685791697524e+47
6.327975410022724057e+47
5.554388839753133532e+47
5.196368932053278722e+47
8.454360820581175044e+47
6.289117431068194008e+47
5.435248558783428294e+47
5.264148332342483867e+47
8.235067559480344195e+47
6.250498065956232700e+47
5.318663807676534344e+47
5.332811820571466489e+47
8.021462432040300775e+47
6.212115849439152851e+47
5.204579770942414884e+47
5.402370928436946191e+47
7.813397896725292153e+47
6.173969325266753399e+47
5.092942808869952954e+47
5.472837338050539010e+47
7.610730239002414817e+47
6.136057046131290071e+47
4.983700432306655341e+47
5.544222883900676521e+47
7.413319472075323595e+47
6.098377573612368891e+47
4.876801277979488748e+47
5.616539554840335525e+47
7.221029240192168087e+47
6.060929478122453836e+47
4.772195084345082798e+47
5.689799496100369001e+47
7.033726724461910656e+47
6.023711338852703877e+47
4.669832667957920631e+47
5.764015011329192839e+47
6.851282551113624973e+47
5.011105851146276248e+47
4.893114790638645866e+47
5.839198564659288348e+47
6.673570702135093196e+47
4.709169650387520818e+47
5.177872124517406036e+47
6.500468428229831033e+47
4.541798363801838733e+47
5.479201058014648554e+47
6.331856164031331629e+47
4.380375715649870283e+47
5.477118030195200224e+47
6.167617445516813453e+47
4.224690281977574403e+47
5.379569559379285426e+47
6.007638829563114344e+47
4.074538153170232015e+47
5.283758444615619793e+47
5.851809815589177395e+47
3.929722666881171933e+47
5.189653743276100996e+47
5.700022769231012756e+47
3.790054150452442981e+47
5.097225063826475373e+47
5.552172847996196661e+47
3.655349672490267279e+47
5.006442556011322138e+47
5.408157928847207319e+47
3.525432803270042608e+47
4.917276901213625328e+47
5.267878537662730204e+47
3.400133383656611836e+47
4.829699302986368170e+47
5.131237780528861820e+47
3.279287302237827178e+47
4.743681477752404922e+47
4.998141276812519049e+47
3.162736280378902469e+47
4.659195645670393716e+47
4.868497093970593596e+47
3.050327664916371912e+47
4.576214521662899452e+47
3.037783508304431720e+47
4.494711306604780445e+47
3.039693437917719633e+47
4.414659678668131759e+47
3.041604568350947653e+47
4.336033784821671781e+47
3.043516900359152410e+47
4.258808232481269260e+47
3.045430434697792815e+47
4.182958081309344849e+47
3.047345172122780076e+47
4.108458835160332778e+47
3.049261113390523943e+47
4.035286434169397988e+47
3.051178259257933519e+47
3.963417246982423497e+47
3.053096610482347488e+47
3.892828063123832967e+47
3.055016167821627821e+47
3.823496085501034770e+47
3.056936932034088785e+47
3.755398923041680135e+47
3.058858903878496541e+47
3.688514583462582536e+47
3.060782084114118630e+47
3.622821466167071782e+47
3.062706473500751559e+47
3.558298355269095325e+47
3.064632072798541909e+47
3.494924412741361097e+47
3.066558882768240676e+47
3.432679171685641309e+47
3.068486904171004912e+47
3.371542529722939608e+47
3.070416137768514547e+47
3.311494742501226840e+47
3.072346584322896537e+47
3.252516417319090384e+47
3.194588506862522014e+47
3.137692303053790401e+47
