1.680829646084822844e+44
5.118848229403595379e+44
2.467339722533171556e+44
5.401411178947836011e+44
2.449192994336097182e+44
1.321479771935407407e+44
7.571685408143840897e+43
2.467824564146677829e+44
6.511289546168475058e+44
7.443964377027612357e+44
1.356164522761427012e+44
2.881783662041552627e+44
5.923469450529969631e+44
3.026097740369053623e+44
1.706460832341597357e+44
1.046278986565078239e+44
3.625025108023806689e+44
8.285953009167299355e+44
6.905502063330593619e+44
1.738444331351714579e+44
3.407202121608935586e+44
6.080915134956434072e+44
3.335544059735204615e+44
1.942726979238786514e+44
1.227915247685658597e+44
5.328107873799787156e+44
1.039798797764631986e+45
7.060529629755940909e+44
1.955315554161893476e+44
3.454047895082674557e+44
5.914513271971807874e+44
3.412129877756680077e+44
2.014237818441961626e+44
1.317335140211615405e+44
5.571609508911226116e+44
1.031396769671492515e+45
6.961711770965267809e+44
2.070987683022414957e+44
3.477668024875321570e+44
5.734573663166218633e+44
3.079402877911030444e+44
2.004288317192788880e+44
1.311692743567574359e+44
5.738495212040149445e+44
1.023900597644418702e+45
6.749343942523729434e+44
2.093805834637823213e+44
3.434820561895958206e+44
5.567670665876150630e+44
3.205484491997030307e+44
1.994441843123782538e+44
1.290865175208430908e+44
5.916613913835609558e+44
1.014442338145534690e+45
6.687278000791136133e+44
2.003313185181756328e+44
3.292512638877539856e+44
5.283122078922022731e+44
3.070888942693266347e+44
1.815267440507460758e+44
1.219379923045871500e+44
5.676989314704286610e+44
9.526033490494083542e+44
6.309984946209354341e+44
1.888740513064521716e+44
3.165597030767996336e+44
4.870911767278794379e+44
2.941798135693303572e+44
1.722391110193507015e+44
1.116872615884934387e+44
5.435269442616574195e+44
8.956145094415130071e+44
5.970701275324023418e+44
1.785557968365869563e+44
3.053375712680507879e+44
4.723820645310237545e+44
2.824803551061954648e+44
1.637893419421382895e+44
1.039123847874967284e+44
5.211657862967901276e+44
8.431472832091660021e+44
5.666956389115349001e+44
1.692903475372902443e+44
2.955982720614329718e+44
4.419739266427565510e+44
2.721101720581786638e+44
1.525508359813825424e+44
1.028196619012198318e+44
5.005462270100779043e+44
7.948904732153478583e+44
5.298822241647828402e+44
1.650263207568010285e+44
2.873006357745866399e+44
4.190486544783626022e+44
2.605660702853069958e+44
1.579791493208485561e+44
1.022380988346772277e+44
4.815988332668275149e+44
7.511906941406828096e+44
4.906407046821615999e+44
1.642891981621225349e+44
2.790864941484791480e+44
3.717642950593112825e+44
2.482947739261608388e+44
1.483806149591411190e+44
9.925390857078450839e+43
4.757034653583712021e+44
7.209856393637342659e+44
4.802290217084740267e+44
1.592687778463252988e+44
2.701656409769127219e+44
3.725665241047003240e+44
2.456137576589467284e+44
1.392635077274228823e+44
9.656829886652484816e+43
4.714645207654764246e+44
6.931734797954839266e+44
4.510704593659396975e+44
1.512803078470238605e+44
2.728250567953842942e+44
3.679817070822265378e+44
2.438912490052267576e+44
1.391926061939092460e+44
9.572427102888172081e+43
4.682356529329069654e+44
6.676038520081253011e+44
4.489238171451976051e+44
1.513478173219150664e+44
2.753948969615374657e+44
3.649273894818730608e+44
2.397128259728340249e+44
1.335012492150123662e+44
9.672076398813898070e+43
4.660234109010264295e+44
6.441324712788171219e+44
4.493688600925731190e+44
1.529626260158624116e+44
2.758126773795906291e+44
3.507131310196604086e+44
2.444809805111945776e+44
1.361235067305265557e+44
9.482464269040123924e+43
4.648308478893667669e+44
6.226215767295286439e+44
4.417430658935958963e+44
1.532032972913516161e+44
2.723739747404830575e+44
3.325171518228098656e+44
2.350677254166356823e+44
1.341893544917417662e+44
9.260000434364363589e+43
4.646575401822068659e+44
6.024474558354710044e+44
4.195611391368451675e+44
1.511183754214356023e+44
2.632022240774811578e+44
3.228086069211534345e+44
2.304995301602198824e+44
1.323540513356703411e+44
9.183907798669491622e+43
4.541191314625005861e+44
5.761579149737124589e+44
3.897016222074995793e+44
1.476351090858799252e+44
2.550990020426070268e+44
3.143274982725123602e+44
2.265898665906067141e+44
1.308095143793901671e+44
9.130139633398577939e+43
4.444155683219438735e+44
5.520196232555520468e+44
3.751713692768227288e+44
1.483589426246302854e+44
2.477799341877571996e+44
2.981666784103497391e+44
2.276131916006853548e+44
1.286071704600286721e+44
9.059927772890819714e+43
4.358175589781095337e+44
5.298943032805119216e+44
3.635888393152652960e+44
1.498941211987715553e+44
2.410190582783903523e+44
2.840623743118913490e+44
2.264801711123904771e+44
1.264854220981552038e+44
9.004021511002986103e+43
4.348219917448757415e+44
5.106456775930420070e+44
3.529330844141186041e+44
1.516654445043186662e+44
2.431992636300340922e+44
2.771924417087951066e+44
2.242151960544215583e+44
1.261324988735031383e+44
9.064393005653860660e+43
4.348105351564017025e+44
4.929093731957354979e+44
3.491484727800447557e+44
1.536504154185492830e+44
2.520370036211275301e+44
2.715476986456227703e+44
2.219718396508589137e+44
1.261400796014143609e+44
9.147250678989226704e+43
4.355475862802178245e+44
4.766796275628977803e+44
3.476389250694525637e+44
1.558314806514128471e+44
2.614183016492552644e+44
2.662352912567101438e+44
2.198571213587639454e+44
1.262792186303815643e+44
9.237609240854235962e+43
4.353721285574035163e+44
4.639724222767045412e+44
3.464969785926968357e+44
1.581961482630091952e+44
2.666245001144660688e+44
2.611859256740958053e+44
2.178342232574951728e+44
1.265291243745365086e+44
9.334051865898265085e+43
4.357809476385700924e+44
4.522297591076675735e+44
3.428672401894272457e+44
1.588963160607489608e+44
2.645829629915839034e+44
2.602526693014152875e+44
2.211762779816207272e+44
1.281177383152553347e+44
9.531790872553049454e+43
4.367440674021623370e+44
4.413531086126901740e+44
3.375161911600466574e+44
1.583726642700319896e+44
2.627080377413445717e+44
2.532302081972974415e+44
2.112210343354423114e+44
1.237763681558193141e+44
9.426655026160683094e+43
4.382006230736691808e+44
4.312573233974580289e+44
3.325057534708066143e+44
1.579666886815483413e+44
2.563716240470062267e+44
2.417249704913383816e+44
2.040635458082709902e+44
1.220204733943414831e+44
9.259883856967257556e+43
4.400952540539983609e+44
4.218697709754485175e+44
3.128071542930375125e+44
1.532517062314270980e+44
2.630976671575487501e+44
2.304078426109750812e+44
2.075304594338783175e+44
1.214372340723010409e+44
9.095335714379809607e+43
4.423782989357508926e+44
4.131293123932858224e+44
3.244980445000784170e+44
1.654948221862295783e+44
2.721825566395409933e+44
2.307990641948233347e+44
2.078661077038336277e+44
1.246257762365365694e+44
9.089618442569534191e+43
4.450058372073657352e+44
4.053879618347275838e+44
3.262610389679330842e+44
1.705911006378952427e+44
2.697953949640077884e+44
2.323663199046229752e+44
2.064158760613425231e+44
1.236687551145717288e+44
9.101120134629768011e+43
4.479396040531761228e+44
4.041152369262656316e+44
3.156973124584928150e+44
1.666449227080600498e+44
2.736455117140602549e+44
2.339575807141919639e+44
2.049896086728391636e+44
1.227539500199259895e+44
9.114328805652399580e+43
4.511468041612610626e+44
4.032257395484457761e+44
3.193023358933256054e+44
1.697038609622885484e+44
2.784653860786022217e+44
2.349267513891403828e+44
2.041289368031896987e+44
1.163996394036364044e+44
9.599589540028801335e+43
4.545998483865816202e+44
4.027020149793551540e+44
3.209492469082564641e+44
1.718253245199161328e+44
2.762634478542752228e+44
2.319616980624659062e+44
1.939787633887276880e+44
1.198230295856406305e+44
9.339450152094813864e+43
4.582760342101606288e+44
4.024405596126128983e+44
3.170112148169559091e+44
1.711476169864644261e+44
2.760547145807290946e+44
2.286926634275820578e+44
1.875620536329767437e+44
1.245145322599100459e+44
9.248195698634742058e+43
4.621571876475034982e+44
3.978060672719598937e+44
3.145851486065523882e+44
1.727222773154230571e+44
2.793010776957577706e+44
2.246127161536609478e+44
1.974567654705432972e+44
1.223222220121570234e+44
9.443300320181897780e+43
4.662292809976958325e+44
3.935508617819781245e+44
3.133794861243560615e+44
1.761850757386329718e+44
2.826429096261018193e+44
2.198498252217658853e+44
1.969655714283165148e+44
1.215262764895251188e+44
9.431530460609768937e+43
4.704820378528479021e+44
3.896539963174935343e+44
3.123003951728899702e+44
1.797616631415012261e+44
2.846805523866016496e+44
2.159412898806551811e+44
1.952412954401800880e+44
1.202284881002868787e+44
9.486349980197358480e+43
4.749085341622616854e+44
3.860993281044902529e+44
3.115722641642350214e+44
1.824899042948647842e+44
2.862967636815711087e+44
2.174955600757618764e+44
1.989144755442860949e+44
1.212242402811116214e+44
9.415448862304751334e+43
4.795048020030681493e+44
3.829941799303592245e+44
3.158891160048560714e+44
1.852207329287304381e+44
2.878088559453106725e+44
2.115128716998356663e+44
1.873343675066364196e+44
1.144155528082855980e+44
9.439085432889447886e+43
4.842694409632708621e+44
3.824653897984898982e+44
3.183166575369065042e+44
1.863445531297714141e+44
2.890464727932925779e+44
2.053925372626528415e+44
1.904955508566504470e+44
1.189608872449266605e+44
9.469796775832033000e+43
4.892032407328364765e+44
3.822225337563337547e+44
3.133441699720613158e+44
1.858874115133812390e+44
2.902971213185157897e+44
2.049207114490063094e+44
1.901946905998479818e+44
1.187216316805116047e+44
9.360694808059283678e+43
4.943088174851349153e+44
3.822567675235912523e+44
3.084781169068852363e+44
1.854300661833129790e+44
2.915538313010800271e+44
2.037813251255417172e+44
1.903203882352097499e+44
1.186123055312081589e+44
9.279098088101585338e+43
4.981448387131297213e+44
3.825617369761576058e+44
3.036973093102089279e+44
1.849654517054301485e+44
2.928135849194857311e+44
1.974161370371164919e+44
1.887176430033264442e+44
1.226379918766507026e+44
9.338357177219437225e+43
5.020752172543794489e+44
3.831331711630713384e+44
2.989865101880190404e+44
1.844888541387237703e+44
2.940770910179104514e+44
1.974584302788098693e+44
1.870106728229127682e+44
1.206442787530956220e+44
9.422583233254549949e+43
5.061405628996642766e+44
3.838634529611728829e+44
2.943357432580867754e+44
1.839977247509192377e+44
2.953485050273383904e+44
1.976979350190231144e+44
1.854071529733262819e+44
1.188056816285619190e+44
9.518469988367209538e+43
5.054415553144867463e+44
3.829393188827214124e+44
2.897395903675997688e+44
1.834914795967109903e+44
2.966351036906131398e+44
1.981450719388130439e+44
1.839297803861487671e+44
1.171269360699354320e+44
9.627079213542760073e+43
5.046572171185445517e+44
3.822631489009785652e+44
2.851964984649678047e+44
1.829712904573125407e+44
2.979469216603785656e+44
1.969690515618688371e+44
1.856932627504962795e+44
1.180177106483131628e+44
9.738674441700243615e+43
5.039390766533090708e+44
3.815602111935122312e+44
2.807081107523193996e+44
1.824398712201230960e+44
2.971907609460964108e+44
1.958503519176519673e+44
1.807891566207234986e+44
1.172366647463995498e+44
9.818943846034742327e+43
5.032739605122271376e+44
3.741441708870119616e+44
2.762786316710981254e+44
1.819012626346287148e+44
2.922962758837149384e+44
1.949598254053178291e+44
1.786771200923566536e+44
1.188020380038027390e+44
9.907209751672126610e+43
5.026502639788934593e+44
3.670659810947592178e+44
2.719142318547984717e+44
1.813606175304102803e+44
2.888024702696449948e+44
1.943082639510474581e+44
1.768340502067445153e+44
1.205668584146819636e+44
1.001089770586825798e+44
5.020578092008977770e+44
3.602933545518631104e+44
2.693002427933532904e+44
1.814625555175009455e+44
2.873626502805052408e+44
1.938995362965749262e+44
1.752944616217214073e+44
1.225486617592539995e+44
1.013088096852124562e+44
5.014877059749362395e+44
3.537975272618001265e+44
2.679196594764153541e+44
1.820310405580027332e+44
2.859765478655417166e+44
1.817537159579715078e+44
1.782725211551054382e+44
1.255162764128923208e+44
1.014651162047066764e+44
5.009322168444790706e+44
3.475529091382328569e+44
2.665568453196949884e+44
1.826098049900328069e+44
2.846436669935736507e+44
1.792542998464520923e+44
1.758689496484464540e+44
1.233906492843753343e+44
1.015069243804139687e+44
5.003846277974909151e+44
3.415367443154468056e+44
2.652155301948447418e+44
1.832021058365563310e+44
2.833651609203548190e+44
1.781472256139672178e+44
1.732155892358034517e+44
1.209094792756668509e+44
1.016877032918536842e+44
4.998391255122617624e+44
3.357287877139633453e+44
2.639007034275685510e+44
1.838119685281585430e+44
2.821436189465006485e+44
1.822469016381124591e+44
1.702716407377538223e+44
1.188193259380120393e+44
9.923020901559033304e+43
4.992906818036602917e+44
3.301110024868194398e+44
2.626183525653605166e+44
1.844440788741975208e+44
2.756824529179459538e+44
1.775868744252520917e+44
1.707901427457403593e+44
1.209961197705531034e+44
1.027752594377969761e+44
4.987349456850532341e+44
3.246672813778623438e+44
2.506453965026535266e+44
1.792227657946215695e+44
2.622290530020999897e+44
1.715151793646425284e+44
1.808055757490899039e+44
1.172224783456781566e+44
1.035810948879990552e+44
4.981662788404569831e+44
3.185074157547199430e+44
2.327383325319000467e+44
1.705118145063045855e+44
2.494803195796747801e+44
1.602276321364602672e+44
1.689254612065763523e+44
1.152922148878119316e+44
9.734607150939442659e+43
4.975139449537635628e+44
2.972635079551482041e+44
2.161396867580509363e+44
1.622486426764101004e+44
2.373959159848012670e+44
1.410835660107708058e+44
1.613077539661381720e+44
1.131222329289009303e+44
9.799454852774950441e+43
4.968322974394430118e+44
2.774753516802644334e+44
2.007523841908054477e+44
1.544099162251408821e+44
2.259390109009933349e+44
1.421545306271050747e+44
1.545009933573636513e+44
1.089156790930464387e+44
1.004956653422649210e+44
4.961077923656584885e+44
2.590284163266081104e+44
1.864872157170103375e+44
1.469738693459784140e+44
2.150757683847675559e+44
1.313710489739079387e+44
1.507662411887239522e+44
1.068782417511312244e+44
9.045355950289753776e+43
4.953281747035980961e+44
2.425049320736363493e+44
1.732619931866801676e+44
1.399201030824815400e+44
2.047749000450977218e+44
1.137760638164415094e+44
1.387761626578571641e+44
9.844731523796651990e+43
8.335575456662709339e+43
4.944824335591284241e+44
2.438942453971906080e+44
1.610008214761589873e+44
1.332294101335201990e+44
1.941428463543374706e+44
9.797228759832248527e+43
1.266753391507396093e+44
9.054165397726779139e+43
7.717964987468286867e+43
4.935607510217989537e+44
2.452802208348376629e+44
1.491601817309892763e+44
1.252434991082389851e+44
1.824980967572724575e+44
8.439142626081778371e+43
1.130823705596837068e+44
7.962072727055098231e+43
7.147670877650155549e+43
4.925544464340495363e+44
2.466503358282804482e+44
1.378214357482613348e+44
1.163921025231157149e+44
1.715833986840666236e+44
7.270939585349721503e+43
1.006482952389142487e+44
6.954084108515455947e+43
6.620081344620643976e+43
4.914559176170787553e+44
2.479931593865037387e+44
1.273639301070548708e+44
1.081857909117733546e+44
1.613485549185369008e+44
6.265272413481570011e+43
9.529493452327404931e+43
6.074606468393534798e+43
6.675235078879275016e+43
4.902585803302962403e+44
2.492983220424147956e+44
1.177159228126834280e+44
1.005750219108257847e+44
1.517477432807730547e+44
5.398983293206961798e+43
9.100172916468851349e+43
5.306416241351596179e+43
6.800949775297789149e+43
4.889568070256591507e+44
2.505564765593633449e+44
1.088121923302973470e+44
9.351451388990312282e+43
1.427389968660079162e+44
4.652397906057991319e+43
8.690698822640813014e+43
4.634883460438649758e+43
6.927325271867242185e+43
4.875458657570738602e+44
2.517592520478026898e+44
1.005933256973003094e+44
8.696280606341872436e+43
1.342837484176388605e+44
4.541222323835080722e+43
8.298627152953812473e+43
4.655430537129538839e+43
7.053715686913956133e+43
4.860218599313564902e+44
2.528992036832354056e+44
9.300509506588036157e+43
8.088186939760593451e+43
1.263464340972477028e+44
4.503772271020224293e+43
7.922101113869315789e+43
4.752867179325278905e+43
7.179536945702629029e+43
4.843816694406907929e+44
2.539697598195188921e+44
8.599791282578856229e+43
7.523676338425176358e+43
1.188941512626670758e+44
4.465735502181666357e+43
7.559726015524987290e+43
4.850476087130516760e+43
7.304263514971530139e+43
4.826228935886257641e+44
2.549651679191549782e+44
7.952635587953934502e+43
6.999533379277172591e+43
1.118963645907073812e+44
4.426912809743910717e+43
7.210464724955794985e+43
4.947848179563801655e+43
7.427424755869149440e+43
4.807437961149628409e+44
2.558804404178468122e+44
7.354875027395363323e+43
6.512794670890200208e+43
1.053246548987387608e+44
4.504184563798843727e+43
7.347691305393330531e+43
5.044613866119621875e+43
7.548601102603814164e+43
4.787432525352673256e+44
2.567113013778304213e+44
6.802680814072515278e+43
6.060725447145521335e+43
9.915250522669560983e+43
4.598341804888054244e+43
7.550526661282009693e+43
5.140440587411806111e+43
7.667420216468017882e+43
4.766206999378797471e+44
2.574541345654198419e+44
6.292530974245725424e+43
5.640798947028742741e+43
9.560954404201221657e+43
4.692647601813316839e+43
7.753543009737954641e+43
5.235030243440295309e+43
7.783553220392230705e+43
4.743760893230354679e+44
2.581059334095769446e+44
6.127665927669412443e+43
5.465350110508008750e+43
9.611349503399109433e+43
4.786852469209910610e+43
7.956061475497789026e+43
5.328116611550138452e+43
7.896711083639144575e+43
4.720098405146981399e+44
2.586642531594683383e+44
6.218220475495035969e+43
5.468915067914641057e+43
9.663008313604720847e+43
4.880725343465059343e+43
8.157468347571640425e+43
5.419462824073826725e+43
8.006641200286231811e+43
4.695227996433995621e+44
2.591271654353376941e+44
6.310440696710715373e+43
5.473000891483310481e+43
9.715698885088103601e+43
4.974052816126857086e+43
8.357210182869808036e+43
5.508858952146771299e+43
8.113124185666612815e+43
4.669161991669647647e+44
2.594932152880978647e+44
6.404206729859902023e+43
5.477478444113982981e+43
9.769206380441026226e+43
5.066638280173587171e+43
8.554788976194278770e+43
5.596119723632862249e+43
8.215970901167998844e+43
4.641916203674244187e+44
2.597613808076059201e+44
6.499404572529341594e+43
5.482228605512668899e+43
9.823332589098727144e+43
5.158301028951652662e+43
8.749757520863017725e+43
5.681082390461262392e+43
8.315019707921673484e+43
4.613509582542929311e+44
2.599310352670569394e+44
6.595926182462383382e+43
5.487141958241660573e+43
9.877895130686037817e+43
5.248875337465294964e+43
8.941715033586751795e+43
5.763604751228990223e+43
8.410133943610053142e+43
4.583963887829044609e+44
2.600019117562883780e+44
6.693669402421886772e+43
5.492118344311166313e+43
9.932726416529372044e+43
5.338209548332913584e+43
9.130303082383953647e+43
5.843563328612566353e+43
8.501199612172940275e+43
4.553303382929310521e+44
2.599740702243839396e+44
6.792537736065222704e+43
5.497066323416274520e+43
9.987672430390330801e+43
5.426165177913793624e+43
9.315201832090507436e+43
5.920851696736652122e+43
8.588123273926073303e+43
4.521554550675338881e+44
2.598478668365938718e+44
6.892440000108879720e+43
5.501902559777167981e+43
1.004259138083909696e+44
5.512616053696151793e+43
9.496126605921214545e+43
5.995378951267100882e+43
8.670830122220715425e+43
4.488745829034205409e+44
2.596239255348512818e+44
6.993289874910297166e+43
5.506551160438252418e+43
1.011842821139148983e+44
5.597447489931217135e+43
9.672824751952832357e+43
6.067068313203709330e+43
8.749262232236877689e+43
4.454907365917297397e+44
2.593031116859816702e+44
7.058433618406074189e+43
5.537643114121534396e+43
1.020139119790626728e+44
5.680555505930857255e+43
9.845072796777253383e+43
6.135855856729009011e+43
8.823376967835428907e+43
4.420070792001017022e+44
2.588865076965959947e+44
7.120698575890409573e+43
5.570396553193453042e+43
1.028382341755934764e+44
5.761846089002316645e+43
1.001267386588308136e+44
6.201689351202267919e+43
8.893145532765897399e+43
4.384269010549242253e+44
2.583753904753194668e+44
7.182436230878617617e+43
5.602712237876204214e+43
1.036533730327176900e+44
5.841234502868743339e+43
1.017545534883907567e+44
6.264527207763731452e+43
8.958551653294925153e+43
4.347536003215529763e+44
2.577712106235230254e+44
7.243417359108439365e+43
5.634414635215503041e+43
1.044556859598107963e+44
5.918644640867862709e+43
1.033326678734602275e+44
6.324337521120878119e+43
9.019590380207949947e+43
4.309906650852015223e+44
2.570755732376109777e+44
7.303426437186872642e+43
5.665339893456136924e+43
1.052417667218124178e+44
5.994008422747849162e+43
1.048597796506812577e+44
6.381097197915092403e+43
9.076266998887941270e+43
4.271416568386064540e+44
2.562902202145234235e+44
7.362261734132626245e+43
5.695335837442181442e+43
1.060084455771535749e+44
6.067265233253037937e+43
1.063347717955820394e+44
6.434791163471103946e+43
9.128596037546307842e+43
4.232101952873081132e+44
2.554170139524059769e+44
7.419735249146628087e+43
5.724261845373738121e+43
1.067527868760021199e+44
6.138361400412980571e+43
1.077566967761618940e+44
6.485411639559833067e+43
9.176600363990811281e+43
4.191999443852855003e+44
2.544579223481392549e+44
7.475672525568563906e+43
5.751988629809889594e+43
1.074720846404210717e+44
6.207249711147134009e+43
1.091247623747660621e+44
6.532957486346344610e+43
9.220310362563070923e+43
4.151145995213026787e+44
2.534150049960663436e+44
7.529912366619837599e+43
5.778397943885965859e+43
1.081638565742178173e+44
6.273888961946004329e+43
1.104383188252937906e+44
6.577433602275136665e+43
9.259763183751174766e+43
4.109578757784319346e+44
2.522904005007603724e+44
7.582306475149577748e+43
5.803382229829421081e+43
1.088258368942686524e+44
6.338243542182994512e+43
1.116968471295746128e+44
6.618850376395891472e+43
9.295002059325206864e+43
4.067334971941190576e+44
2.510863148194568569e+44
7.632719036306890287e+43
5.826844224909759139e+43
1.094559682933521857e+44
6.400283047717866546e+43
1.128999484279083282e+44
6.657223188044138731e+43
9.326075676980354337e+43
4.024451869522025244e+44
2.498050105587744028e+44
7.681026258806720520e+43
5.848696537425304980e+43
1.100523933139492641e+44
6.459981922669239945e+43
1.140473343158447745e+44
6.692571949287399362e+43
9.353037608798170141e+43
3.980966584433284868e+44
2.484487971537021651e+44
7.727115888129723870e+43
5.868861203090305155e+43
1.106134453479607302e+44
6.517319127113379428e+43
1.151388180093548456e+44
6.724920686140479806e+43
9.375945788502393263e+43
3.936916071320879054e+44
2.470200218603533506e+44
7.770886702275863497e+43
5.887269230605854081e+43
1.111376394424363510e+44
6.572277828810350974e+43
1.161743062711427054e+44
6.754297154830182362e+43
9.394862033023930902e+43
3.892337031759420332e+44
2.455210615041348886e+44
7.812247999121055675e+43
5.903860143242009136e+43
1.116236630558138956e+44
6.624845117048143560e+43
1.171537920195119476e+44
6.780732489815374132e+43
9.409851604304499294e+43
3.847265847410228904e+44
2.439543149239942657e+44
7.851119082360732368e+43
5.918581522218862391e+43
1.120703668795194449e+44
6.675011736843020363e+43
1.180773475532870712e+44
6.804260880673084312e+43
9.420982807664861739e+43
3.801738519670435000e+44
2.423221960598123001e+44
7.887428751662153340e+43
5.931388556219241267e+43
1.124767558098726381e+44
6.722771841983306964e+43
1.189451183305935082e+44
6.824919275122572449e+43
9.428326623475917641e+43
3.755790615335379924e+44
2.406271276357998694e+44
7.921114801414276210e+43
5.942243600650790127e+43
1.128419801400247482e+44
6.768122765288978963e+43
1.197573172470454809e+44
6.842747105882092557e+43
9.431956369167801888e+43
3.709457217843392224e+44
2.388715353927763754e+44
7.952123531509207344e+43
5.951115749052923034e+43
1.131653270229992477e+44
6.811064804867796872e+43
1.205142193664096989e+44
6.857786039185624732e+43
9.431947388958767267e+43
3.662772883709385785e+44
2.370578428297669672e+44
7.980409272599623442e+43
5.957980418771807937e+43
1.134462122376375651e+44
6.851601025013320441e+43
1.212161570593963562e+44
6.870079743062977811e+43
9.428376768828536291e+43
3.615771603757708610e+44
2.351884664146390024e+44
8.005933927604878099e+43
5.962818952163724081e+43
1.136841722846376901e+44
6.889737070617522303e+43
1.218635155132109713e+44
6.879673673644160366e+43
9.421323074618149654e+43
3.568486768799866621e+44
2.332658112294130477e+44
8.028666530834831248e+43
5.965618234251514063e+43
1.138788568263724319e+44
6.925480994084328115e+43
1.224567285782802528e+44
6.886614877972100045e+43
9.410866111362579966e+43
3.520951139443243460e+44
2.312922670170127581e+44
8.048582825288038728e+43
5.966370327332707386e+43
1.140300214766366437e+44
6.958843093687038876e+43
1.229962749206953577e+44
6.890951811860923678e+43
9.397086701955338013e+43
3.473196819713106616e+44
2.292702045992019064e+44
8.065664858753056691e+43
5.965072122799228485e+43
1.141375209444192721e+44
6.989835762613109449e+43
1.234826744537409679e+44
6.892734171620253234e+43
9.380066483653120076e+43
3.425255234202801293e+44
2.272019726377123805e+44
8.079900598606422755e+43
5.961725010060972566e+43
1.142013025256721568e+44
7.018473347759096354e+43
1.239164850249755574e+44
6.892012738448968362e+43
9.359887720979862893e+43
3.377157108492217694e+44
2.250898947138120325e+44
8.091283565351403385e+43
5.956334562482607312e+43
1.142213999390086991e+44
7.044772017633445348e+43
1.242982993352848660e+44
6.888839234481152824e+43
9.336633133616377740e+43
3.328932452581852505e+44
2.229362666999739288e+44
8.099812484391123673e+43
5.948910239873178848e+43
1.141979274952324935e+44
7.068749638607509892e+43
1.246287420725360819e+44
6.883266189563434158e+43
9.310385738183738125e+43
3.280610547115989308e+44
2.207433544048166042e+44
8.105490955881868835e+43
5.939465107166072935e+43
1.141310745894725781e+44
7.090425659002545859e+43
1.249084672403454373e+44
6.875346817931516789e+43
9.281228702778537302e+43
3.232219932170263257e+44
2.185133914677273154e+44
8.108327141811040833e+43
5.928015568674655541e+43
1.140211005051273980e+44
7.109821000321457375e+43
1.251381556673590911e+44
6.865134903969891225e+43
9.249245213335640811e+43
3.183788398422153384e+44
2.162485774870865213e+44
8.108333469959508918e+43
5.914581117434739175e+43
1.138683295160543130e+44
7.126957955219711942e+43
1.253185126824542042e+44
6.852684696399283553e+43
9.214518350783791505e+43
3.135342980492893817e+44
2.139510763630129114e+44
8.105526353875258773e+43
5.899184098889875011e+43
1.136731462719640340e+44
7.141860091647661987e+43
1.254502659424106517e+44
6.838050810270876684e+43
9.177130978340343586e+43
3.086909952313573054e+44
2.116230148383571061e+44
8.099925928415759846e+43
5.881849488426619131e+43
1.134359914576347396e+44
7.154552162806225892e+43
1.255341634015347647e+44
6.821288136106055208e+43
9.137165638081350540e+43
3.038514824330927409e+44
2.092664812248377056e+44
8.091555799918678931e+43
5.862604681990469416e+43
1.131573577068678309e+44
7.165060022461398540e+43
1.255709714112140099e+44
6.802451755787281996e+43
9.094704456102364711e+43
2.990182342416791100e+44
2.068835242977799807e+44
8.080442810476706080e+43
5.841479299199498399e+43
1.128377857633756641e+44
7.173410545272716111e+43
1.255614729413859655e+44
6.781596864568119350e+43
9.049829055697998422e+43
2.941936488336287156e+44
2.044761523489629172e+44
8.066616815583473867e+43
5.818504998311196635e+43
1.124778608712358556e+44
7.179631551804944125e+43
1.255064659134599892e+44
6.758778698886953721e+43
9.002620477930568960e+43
2.893800481642746393e+44
2.020463323844692482e+44
8.050110474409863945e+43
5.793715302439942924e+43
1.120782093853666114e+44
7.183751737898842528e+43
1.254067616385922586e+44
6.734052469490297730e+43
8.953159109070980506e+43
2.845796782882346749e+44
1.995959894566929689e+44
8.030959052156766301e+43
5.767145436360828711e+43
1.116394955878546292e+44
7.185800608125285903e+43
1.252631833526013826e+44
6.707473299556317216e+43
8.901524614407824143e+43
2.797947097990026880e+44
1.971270061208459471e+44
8.009200233805209784e+43
5.738832173418790988e+43
1.111624187004198629e+44
7.185808413052635143e+43
1.250765648412298277e+44
6.679096167428188501e+43
8.847795878015253727e+43
2.750272383775177970e+44
1.946412220048770729e+44
7.984873948589038051e+43
5.708813691895804176e+43
1.106477100799634393e+44
7.183806090103928258e+43
1.248477491505843738e+44
6.648975853681749151e+43
8.792050948019748816e+43
2.702792854399278488e+44
1.921404334867319412e+44
7.958022204751592133e+43
5.677129440360092535e+43
1.100961305891368641e+44
7.179825207743504968e+43
1.245775873757170886e+44
6.617166892210056187e+43
8.734366986975649166e+43
2.655527988753550162e+44
1.896263934675871546e+44
7.928688933887551785e+43
5.643820011483726922e+43
1.095084681300901062e+44
7.173897912841311472e+43
1.242669375238495496e+44
6.583723525075025547e+43
8.674820227062876671e+43
2.608496538648073558e+44
1.871008112359957719e+44
7.896919844396358190e+43
5.608927023807588629e+43
1.088855353324092533e+44
7.166056880963032925e+43
1.239166634460975389e+44
6.548699660879031253e+43
8.613485929682572001e+43
2.561716537743207360e+44
1.845653524141248602e+44
7.862762283615360151e+43
5.572493011073210020e+43
1.082281673883531674e+44
7.156335269466182401e+43
1.235276338342485742e+44
6.512148836396716712e+43
8.550438349234130226e+43
2.515205311139966108e+44
1.820216389809197497e+44
7.826265108004969940e+43
5.534561318609065995e+43
1.075372200234724506e+44
7.144766673205033607e+43
1.231007212784804366e+44
6.474124181317397775e+43
8.485750700720427361e+43
2.468979485567129003e+44
1.794712493650564150e+44
7.787478561098011700e+43
5.495176006437021974e+43
1.068135675995934170e+44
7.131385082685208168e+43
1.226368013824748361e+44
6.434678385843012171e+43
8.419495130972870733e+43
2.423055000100379692e+44
1.769157186023064724e+44
7.746454158671764661e+43
5.454381758660208477e+43
1.060581013378345135e+44
7.116224844576356453e+43
1.221367519320965656e+44
6.393863670985830975e+43
8.351742693239745265e+43
2.377447117355277998e+44
1.743565385518813434e+44
7.703244580797664484e+43
5.412223798801102042e+43
1.052717276592771159e+44
7.099320624393022058e+43
1.216014521146554186e+44
6.351731761402203150e+43
8.282563324874284366e+43
2.332170435096631106e+44
1.717951581675817877e+44
7.657903570427239879e+43
5.368747810738798049e+43
1.044553666341837414e+44
7.080707371260325060e+43
1.210317817867654341e+44
6.308333860592302582e+43
8.212025827970708841e+43
2.287238898219644488e+44
1.692329838181263363e+44
7.610485838068577546e+43
5.323999864952871971e+43
1.036099505351082691e+44
7.060420284654979650e+43
1.204286207859121010e+44
6.263720628328581159e+43
8.140197852717834356e+43
2.242665811049323635e+44
1.666713796529741807e+44
7.561046972287664399e+43
5.278026349708183178e+43
1.027364224872069933e+44
7.038494782980413026e+43
1.197928482864312444e+44
6.217942160164585038e+43
8.067145883284402961e+43
2.198463849920055105e+44
1.641116680093990749e+44
7.509643355761686856e+43
5.230873906982041825e+43
1.018357352122939060e+44
7.014966473917527048e+43
1.191253421943479804e+44
6.171047968918235755e+43
7.992935226099719640e+43
2.154645075990409633e+44
1.615551298576535251e+44
7.456332086459760913e+43
5.182589372806256166e+43
1.009088498604511587e+44
6.989871126440883406e+43
1.184269785811599356e+44
6.123086967990718918e+43
7.917630000317459505e+43
2.111220948262046110e+44
1.590030052802871098e+44
7.401170903837890804e+43
5.133219721797832183e+43
9.995673492460238482e+43
6.963244644432266205e+43
1.176986311537039845e+44
6.074107456420629116e+43
7.841293130376214651e+43
2.068202336760133262e+44
1.564564939821632778e+44
7.344218119650562597e+43
5.082812015648787692e+43
9.898036523535599429e+43
6.935123041759061359e+43
1.169411707581765818e+44
6.024157105560281734e+43
7.763986340470020051e+43
2.025599535852276013e+44
1.539167558290751150e+44
7.285532553259112403e+43
5.031413355347739663e+43
9.798072103030804692e+43
6.905542418844314127e+43
1.161554649167917224e+44
5.973282947290593107e+43
7.685770150816681365e+43
1.983422277667908323e+44
1.513849114115533507e+44
7.225173471069673388e+43
4.979070836934214898e+43
9.695878709579430820e+43
6.874538940547125375e+43
1.153423773955895120e+44
5.921531363674462840e+43
7.606703875606538986e+43
1.941679745600591943e+44
1.488620426313514634e+44
7.163200530076092351e+43
4.925831510561753584e+43
9.591555197635217858e+43
6.842148815362648351e+43
1.145027678016989561e+44
5.868948077958084665e+43
7.526845622522975245e+43
1.900380587859067839e+44
1.463491933082128607e+44
7.099673725084181878e+43
4.871742342763377544e+43
9.485200725002437503e+43
6.808408275861966583e+43
1.136374912081380428e+44
5.815578146852896368e+43
7.446252293707110380e+43
1.859532931050271017e+44
1.438473698051175709e+44
7.034653339636114861e+43
4.816850181625785784e+43
9.376914686550001525e+43
6.773353560302192542e+43
1.127473978063847212e+44
5.761465954010832605e+43
7.364979588086683675e+43
1.819144393772481808e+44
1.413575416692283534e+44
6.968199900282004876e+43
4.761201724841743795e+43
9.266796653884460916e+43
6.737020895357187255e+43
1.118333325837323717e+44
5.706655204633821962e+43
7.283082004968352426e+43
1.779222100195626145e+44
1.388806422872270386e+44
6.900374134189258124e+43
4.704843490377675662e+43
9.154946320761623651e+43
6.699446479947980683e+43
1.108961350248725146e+44
5.651188921127827110e+43
7.200612848817669603e+43
1.739772693617641205e+44
1.364175695528436669e+44
6.831236929791661385e+43
4.647821789705147841e+43
9.041463453863971068e+43
6.660666470075189677e+43
1.099366388377965639e+44
5.595109439771344154e+43
7.117624235112085150e+43
1.700802349974520313e+44
1.339691865453248972e+44
6.760849300400379190e+43
4.590182703353055745e+43
8.926447848920722383e+43
6.620716964648400551e+43
1.089556717010647036e+44
5.538458408306282179e+43
7.034167097241509974e+43
1.662316791294081879e+44
1.315363222166833129e+44
6.689272350650657637e+43
4.531972058766511551e+43
8.809999291725772335e+43
6.579633992258324196e+43
1.079540550330313238e+44
5.481276784414876105e+43
6.950291194327974161e+43
1.624321299077390945e+44
1.291197720875382094e+44
6.616567245559257603e+43
4.473235410232453080e+43
8.692217524087596793e+43
6.537453498849609028e+43
1.069326037814916548e+44
5.423604835014916528e+43
6.866045119945323057e+43
1.586820727598008444e+44
1.267202989479726536e+44
6.542795182159489067e+43
4.414018020865627606e+43
8.573202214271123834e+43
6.494211336263804964e+43
1.058921262332377444e+44
5.365482136344591200e+43
6.781476311642892017e+43
1.549819517107980402e+44
1.243386335653577496e+44
6.468017363529307321e+43
4.354364846416679790e+43
8.453052932005384172e+43
6.449943251596929567e+43
1.048334238423358727e+44
5.306947574761490150e+43
6.696631061226571699e+43
1.513321706938711766e+44
1.219754753948562215e+44
6.392294975070681389e+43
4.294320520917716496e+43
8.331869127586472254e+43
6.404684877386402527e+43
1.037572910774579432e+44
5.248039348224511026e+43
6.611554525743081718e+43
1.477330948491054700e+44
1.196314932936648138e+44
6.315689162997600966e+43
4.233929343942500952e+43
8.209750115211642799e+43
6.358471722525621489e+43
1.026645152860843725e+44
5.188794968410923739e+43
6.526290739103676983e+43
1.441850518107698690e+44
1.173073262374395860e+44
6.238261014825096584e+43
4.173235269453994045e+43
8.086795060036375343e+43
6.311339163947904739e+43
1.015558765766034538e+44
5.129251263433309156e+43
6.440882624319256768e+43
1.406883329814603042e+44
1.150035840376318548e+44
6.160071541777776913e+43
4.112281896091332671e+43
7.963102969062915691e+43
6.263322439002540418e+43
1.004321477166895914e+44
5.069444381114832525e+43
6.355372006271490928e+43
1.372431947935281038e+44
1.127208480594949229e+44
6.081181663033439850e+43
4.051112458819301246e+43
7.838772685466555068e+43
6.214456638505810159e+43
9.929409404792338899e+43
5.009409792757781532e+43
6.269799624987248960e+43
1.338498599565641552e+44
1.104596719396903680e+44
6.001652191598588657e+43
3.989769821796804243e+43
7.713902886196758829e+43
6.164776700468031983e+43
9.814247341619428350e+43
4.949182297424171816e+43
6.184205149408571510e+43
1.305085186906132415e+44
1.082205823030177710e+44
5.921543821765324399e+43
3.928296472397580160e+43
7.588592082750681900e+43
6.114317404427456245e+43
9.697803611724978281e+43
4.888796026632729166e+43
6.098627191556115674e+43
1.272193299450001280e+44
1.060040794773609005e+44
5.840917117980762623e+43
3.866734516260460183e+43
7.462938624715100430e+43
6.063113366408023945e+43
9.580152485780747070e+43
4.828284449471891863e+43
6.013103321103634024e+43
1.239824226020443431e+44
1.038106382066786638e+44
5.759832505028069303e+43
3.805125673225382382e+43
7.337040705946455058e+43
6.011199034454963759e+43
9.461367473057361463e+43
4.767680378097351858e+43
5.927670080305365584e+43
1.207978966659854566e+44
1.016407083611926694e+44
5.678350259314979728e+43
3.743511274106038439e+43
7.210996372939972285e+43
5.958608684728180089e+43
9.341521320424130342e+43
4.707015973557120229e+43
5.842362999247339261e+43
1.176658244357599170e+44
9.949471564443103505e+43
5.596530501222143611e+43
3.681932258086408015e+43
7.084903535298584685e+43
5.905376418145228066e+43
9.220686012775741862e+43
4.646322751933965795e+43
5.757216611402723272e+43
1.145862516629501980e+44
9.737306229659668339e+43
5.514433188219364394e+43
3.620429170694877790e+43
6.958859977653297184e+43
5.851536157529043244e+43
9.098932774823667666e+43
4.585631590766645755e+43
5.672264469435616269e+43
1.115591986931372506e+44
9.527612779415916689e+43
5.432118108698537514e+43
3.559042162160870617e+43
6.832963372748775801e+43
5.797121645272112156e+43
8.976332074331159677e+43
4.524972735710982748e+43
5.587539161274305316e+43
1.085846615917283151e+44
9.320426954487952457e+43
5.349644876237701780e+43
3.497810986021201348e+43
6.707311295228044697e+43
5.742166441464220714e+43
8.852953626682347146e+43
4.464375807429697388e+43
5.503072326379589560e+43
1.056626132531029061e+44
9.115782357825452268e+43
5.267072924165175328e+43
3.436774997825853104e+43
6.582001235338333377e+43
5.686703922478171095e+43
8.728866400885519913e+43
4.403869808653731153e+43
5.418894672209076729e+43
1.027930044937797859e+44
8.913710523086179077e+43
5.184461500132861260e+43
3.375973153724664712e+43
6.457130612190490032e+43
5.630767280005271955e+43
8.604138626913793948e+43
4.343483131403224907e+43
5.335035990864103525e+43
9.997576512853558056e+43
8.714240982649139789e+43
5.101869660472235375e+43
3.315444008822334187e+43
6.332796785502081747e+43
5.574389520491591427e+43
8.478837804440568881e+43
4.283243564342251895e+43
5.251525175879574703e+43
9.721080502966907167e+43
8.517401335062920373e+43
5.019356264059705586e+43
3.255225714994207732e+43
6.209097065143065958e+43
5.517603464973591371e+43
8.353030713001457908e+43
4.223178300203388880e+43
5.168390239146140914e+43
9.449801516929414104e+43
8.323217311918519474e+43
4.936979965386376981e+43
3.195356017998671694e+43
6.086128717337930464e+43
5.460441749297380416e+43
8.226783423496352146e+43
4.163313943300330561e+43
5.085658327949334153e+43
9.183726864369860942e+43
8.131712844088317122e+43
4.854799206476008752e+43
3.135872253633304173e+43
5.963988966434750346e+43
5.402936824673853810e+43
8.100161311174934302e+43
4.103676517039755289e+43
5.003355742100802971e+43
8.922842167967232979e+43
7.942910127335632127e+43
4.772872207264521640e+43
3.076811342618603531e+43
5.842774990787836039e+43
5.345120958569230843e+43
7.973229070078599081e+43
4.044291471454038683e+43
4.921507951158576379e+43
8.667131462226513022e+43
7.756829687268688235e+43
4.691256954049947048e+43
3.018209783939712046e+43
5.722583911294470963e+43
5.287026235903120342e+43
7.846050728865807235e+43
3.985183690685092875e+43
4.840139611698128843e+43
8.416577290285601381e+43
7.573490443562403102e+43
4.610011185533910338e+43
2.960103646301668482e+43
5.603512770832510582e+43
5.228684560513646475e+43
7.718689668253172226e+43
3.926377500380975553e+43
4.759274584653487931e+43
8.171160798705559228e+43
7.392909773471011948e+43
4.529192375944989373e+43
2.902528557357347568e+43
5.485658502479134999e+43
5.170127656882003214e+43
7.591208639935417771e+43
3.867896675008607765e+43
4.678935952681051720e+43
7.930861830094716368e+43
7.215103574558981577e+43
4.448857714673171794e+43
2.845519690270344808e+43
5.369117884426142314e+43
5.111387072072879791e+43
7.463669787098458270e+43
3.809764444995461887e+43
4.599146037551281648e+43
7.695659013440298263e+43
7.040086326622618634e+43
4.369064081793192652e+43
2.789111747238132224e+43
5.253987479013388327e+43
5.052494177867348192e+43
7.336134666568471450e+43
3.752003503702662469e+43
4.519926417558510872e+43
7.465529851989116970e+43
6.867871152740413672e+43
4.289868018835206810e+43
2.733338939469697368e+43
5.140363553063588610e+43
4.993480173047879628e+43
7.208664272627932543e+43
3.694636014149456716e+43
4.441297944918010773e+43
7.240450808448420980e+43
6.698469879427899012e+43
4.211325693995967208e+43
2.678234963154959277e+43
5.028341976504604999e+43
4.934376085810713330e+43
7.081319062601978983e+43
3.637683615490347034e+43
4.363280763160608801e+43
7.020397387281651366e+43
6.531893095775272458e+43
4.133492861057246404e+43
2.623832970866754150e+43
4.918018095868150986e+43
4.875212776246124884e+43
6.954158984185810994e+43
3.581167429161448465e+43
4.285894324502047898e+43
6.805344213807020693e+43
6.368150211573735906e+43
4.056424811111731408e+43
2.570165537873600495e+43
4.809486579082750297e+43
4.816020938873637305e+43
6.827243504661356055e+43
3.525108064671068108e+43
4.209157407169395832e+43
6.595265109725474735e+43
6.207249514273847432e+43
3.980176316161488610e+43
2.517264622709070683e+43
4.702841227660004516e+43
4.756831105144981303e+43
6.700631642036270034e+43
3.469525624986320429e+43
4.133088132688663435e+43
6.390133164693627898e+43
6.049198224697414334e+43
3.904801563640979850e+43
2.465161521460259800e+43
4.598174752280718776e+43
4.697673645901668706e+43
6.574381998144539494e+43
3.414439711443434259e+43
4.057703983107680555e+43
6.189920803462751962e+43
5.894002551404707968e+43
3.830354080793201450e+43
2.413886815075819594e+43
4.495578507522662950e+43
4.638578773717631563e+43
6.448552793850266866e+43
3.359869428164908538e+43
3.983021818146968469e+43
5.994599847984356090e+43
5.741667743570648145e+43
3.756886647833303641e+43
2.363470309117191485e+43
4.395142181657129269e+43
4.579576545056712962e+43
6.323201906353227260e+43
3.305833385897338876e+43
3.909057892273604498e+43
5.804141573860521993e+43
5.592198142178367544e+43
3.684451198796511029e+43
2.313940965262879101e+43
4.296953437294980175e+43
4.520696862183513637e+43
6.198386908695449976e+43
3.252349705222823659e+43
3.835827871669134304e+43
5.618516760385984053e+43
5.445597229418139398e+43
3.613098708931366955e+43
2.265326823990735252e+43
4.224700521972591604e+43
4.461969474777883659e+43
6.074165111564549190e+43
3.199436019091830969e+43
3.763346851089545231e+43
5.437695733279279229e+43
5.301867676009164596e+43
3.542879067518190827e+43
2.217654917876213527e+43
4.167972898679002586e+43
4.403423981134752738e+43
5.950593607388595531e+43
3.147109474607544065e+43
3.691629370600914805e+43
5.261648399138939250e+43
5.161011386251386770e+43
3.473840935048626066e+43
2.170951174944183667e+43
4.112388226074927240e+43
4.345089828893986992e+43
5.827729316847632810e+43
3.095386734001392297e+43
3.620689432168515858e+43
5.090344270500015000e+43
5.023029540512436232e+43
3.406031583732633881e+43
2.125240311710072349e+43
4.058046530312493328e+43
4.286996315197947014e+43
5.705629037804000837e+43
3.044283974731655508e+43
3.550540516087465824e+43
4.923752480176671537e+43
4.887922634845633037e+43
3.339496720382411817e+43
2.080545715570304401e+43
4.005047601553268398e+43
4.229172586172864293e+43
5.584349496667350562e+43
2.993816888656592879e+43
3.481195597233929687e+43
4.761841783555246228e+43
4.755690517370322247e+43
3.274280291018620321e+43
2.036889316393173734e+43
3.953490411153454046e+43
4.171647635630456514e+43
5.463947402223161883e+43
2.944000680182746084e+43
3.412667161112050947e+43
4.604580547157932855e+43
4.626332421025838176e+43
3.210424266470422302e+43
1.994291447349032386e+43
3.859846747921824030e+43
4.114450302859264272e+43
5.344479501915296341e+43
2.894850063357880237e+43
3.344967219677181860e+43
4.451936721844166625e+43
4.499846992236897309e+43
3.168944820520917261e+43
1.959134005489901328e+43
3.744946375720854148e+43
4.057609269402052983e+43
5.226002640432674134e+43
2.846379257822988793e+43
3.278107326906568969e+43
4.303877798714993473e+43
4.376232315002810696e+43
3.132575881563570468e+43
1.926134658991522573e+43
3.634341625557440065e+43
4.001153054653590161e+43
