-5.519000000000232831e+00
-5.472000000001571607e+00
-4.611000000004423782e+00
-4.565999999998894054e+00
-4.561000000001513399e+00
-4.558000000004540198e+00
-4.552000000003317837e+00
-4.519000000000232831e+00
-4.472000000001571607e+00
-4.421999999998661224e+00
-4.419999999998253770e+00
-3.611000000004423782e+00
-3.565999999998894054e+00
-3.561000000001513399e+00
-3.558000000004540198e+00
-3.552000000003317837e+00
-3.519000000000232831e+00
-3.472000000001571607e+00
-3.421999999998661224e+00
-3.419999999998253770e+00
-2.611000000004423782e+00
-2.565999999998894054e+00
-2.561000000001513399e+00
-2.558000000004540198e+00
-2.552000000003317837e+00
-2.519000000000232831e+00
-2.472000000001571607e+00
-2.421999999998661224e+00
-2.419999999998253770e+00
-1.611000000004423782e+00
-1.565999999998894054e+00
-1.561000000001513399e+00
-1.558000000004540198e+00
-1.552000000003317837e+00
-1.519000000000232831e+00
-1.472000000001571607e+00
-1.421999999998661224e+00
-1.419999999998253770e+00
-6.110000000044237822e-01
-5.659999999988940544e-01
-5.610000000015133992e-01
-5.580000000045401976e-01
-5.520000000033178367e-01
-5.190000000002328306e-01
-4.720000000015716068e-01
-4.219999999986612238e-01
-4.199999999982537702e-01
3.889999999955762178e-01
4.340000000011059456e-01
4.389999999984866008e-01
4.419999999954598024e-01
4.479999999966821633e-01
4.809999999997671694e-01
5.279999999984283932e-01
5.780000000013387762e-01
5.800000000017462298e-01
1.388999999995576218e+00
1.434000000001105946e+00
1.438999999998486601e+00
1.441999999995459802e+00
1.447999999996682163e+00
1.480999999999767169e+00
1.527999999998428393e+00
1.578000000001338776e+00
1.580000000001746230e+00
2.388999999995576218e+00
2.434000000001105946e+00
2.438999999998486601e+00
2.441999999995459802e+00
2.447999999996682163e+00
2.480999999999767169e+00
2.527999999998428393e+00
2.578000000001338776e+00
2.580000000001746230e+00
3.388999999995576218e+00
3.434000000001105946e+00
3.438999999998486601e+00
3.441999999995459802e+00
3.447999999996682163e+00
3.480999999999767169e+00
3.527999999998428393e+00
3.578000000001338776e+00
3.580000000001746230e+00
4.388999999995576218e+00
4.434000000001105946e+00
4.438999999998486601e+00
4.441999999995459802e+00
4.447999999996682163e+00
4.480999999999767169e+00
4.527999999998428393e+00
4.578000000001338776e+00
4.580000000001746230e+00
5.388999999995576218e+00
5.434000000001105946e+00
5.438999999998486601e+00
5.441999999995459802e+00
5.447999999996682163e+00
5.480999999999767169e+00
5.527999999998428393e+00
5.578000000001338776e+00
5.580000000001746230e+00
6.388999999995576218e+00
6.434000000001105946e+00
6.438999999998486601e+00
6.441999999995459802e+00
6.447999999996682163e+00
6.480999999999767169e+00
6.527999999998428393e+00
6.578000000001338776e+00
6.580000000001746230e+00
7.388999999995576218e+00
7.434000000001105946e+00
7.438999999998486601e+00
7.441999999995459802e+00
7.447999999996682163e+00
7.480999999999767169e+00
7.527999999998428393e+00
7.578000000001338776e+00
7.580000000001746230e+00
8.388999999995576218e+00
8.434000000001105946e+00
8.438999999998486601e+00
8.441999999995459802e+00
8.447999999996682163e+00
8.480999999999767169e+00
8.527999999998428393e+00
8.578000000001338776e+00
8.580000000001746230e+00
9.388999999995576218e+00
9.434000000001105946e+00
9.438999999998486601e+00
9.441999999995459802e+00
9.447999999996682163e+00
9.480999999999767169e+00
9.527999999998428393e+00
9.578000000001338776e+00
9.580000000001746230e+00
1.038899999999557622e+01
1.043400000000110595e+01
1.043899999999848660e+01
1.044199999999545980e+01
1.044799999999668216e+01
1.048099999999976717e+01
1.052799999999842839e+01
1.057800000000133878e+01
1.058000000000174623e+01
1.138899999999557622e+01
1.143400000000110595e+01
1.143899999999848660e+01
1.144199999999545980e+01
1.144799999999668216e+01
1.148099999999976717e+01
1.152799999999842839e+01
1.157800000000133878e+01
1.158000000000174623e+01
1.238899999999557622e+01
1.243400000000110595e+01
1.243899999999848660e+01
1.244199999999545980e+01
1.244799999999668216e+01
1.248099999999976717e+01
1.252799999999842839e+01
1.257800000000133878e+01
1.258000000000174623e+01
1.338899999999557622e+01
1.343400000000110595e+01
1.343899999999848660e+01
1.344199999999545980e+01
1.344799999999668216e+01
1.348099999999976717e+01
1.352799999999842839e+01
1.357800000000133878e+01
1.358000000000174623e+01
1.438899999999557622e+01
1.443400000000110595e+01
1.443899999999848660e+01
1.444199999999545980e+01
1.444799999999668216e+01
1.448099999999976717e+01
1.452799999999842839e+01
1.457800000000133878e+01
1.458000000000174623e+01
1.538899999999557622e+01
1.543400000000110595e+01
1.543899999999848660e+01
1.544199999999545980e+01
1.544799999999668216e+01
1.548099999999976717e+01
1.552799999999842839e+01
1.557800000000133878e+01
1.558000000000174623e+01
1.638899999999557622e+01
1.643400000000110595e+01
1.643899999999848660e+01
1.644199999999545980e+01
1.644799999999668216e+01
1.648099999999976717e+01
1.652799999999842839e+01
1.657800000000133878e+01
1.658000000000174623e+01
1.738899999999557622e+01
1.743400000000110595e+01
1.743899999999848660e+01
1.744199999999545980e+01
1.744799999999668216e+01
1.748099999999976717e+01
1.752799999999842839e+01
1.757800000000133878e+01
1.758000000000174623e+01
1.838899999999557622e+01
1.843400000000110595e+01
1.843899999999848660e+01
1.844199999999545980e+01
1.844799999999668216e+01
1.848099999999976717e+01
1.852799999999842839e+01
1.857800000000133878e+01
1.858000000000174623e+01
1.938899999999557622e+01
1.943400000000110595e+01
1.943899999999848660e+01
1.944199999999545980e+01
1.944799999999668216e+01
1.948099999999976717e+01
1.952799999999842839e+01
1.957800000000133878e+01
1.958000000000174623e+01
2.038899999999557622e+01
2.043400000000110595e+01
2.043899999999848660e+01
2.044199999999545980e+01
2.044799999999668216e+01
2.048099999999976717e+01
2.052799999999842839e+01
2.057800000000133878e+01
2.058000000000174623e+01
2.138899999999557622e+01
2.143400000000110595e+01
2.143899999999848660e+01
2.144199999999545980e+01
2.144799999999668216e+01
2.148099999999976717e+01
2.152799999999842839e+01
2.157800000000133878e+01
2.158000000000174623e+01
2.238899999999557622e+01
2.243400000000110595e+01
2.243899999999848660e+01
2.244199999999545980e+01
2.244799999999668216e+01
2.248099999999976717e+01
2.252799999999842839e+01
2.257800000000133878e+01
2.258000000000174623e+01
2.338899999999557622e+01
2.343400000000110595e+01
2.343899999999848660e+01
2.344199999999545980e+01
2.344799999999668216e+01
2.348099999999976717e+01
2.352799999999842839e+01
2.357800000000133878e+01
2.358000000000174623e+01
2.438899999999557622e+01
2.443400000000110595e+01
2.443899999999848660e+01
2.444199999999545980e+01
2.444799999999668216e+01
2.448099999999976717e+01
2.452799999999842839e+01
2.457800000000133878e+01
2.458000000000174623e+01
2.538899999999557622e+01
2.543400000000110595e+01
2.543899999999848660e+01
2.544199999999545980e+01
2.544799999999668216e+01
2.548099999999976717e+01
2.552799999999842839e+01
2.557800000000133878e+01
2.558000000000174623e+01
2.638899999999557622e+01
2.643400000000110595e+01
2.643899999999848660e+01
2.644199999999545980e+01
2.644799999999668216e+01
2.648099999999976717e+01
2.652799999999842839e+01
2.657800000000133878e+01
2.658000000000174623e+01
2.738899999999557622e+01
2.743400000000110595e+01
2.743899999999848660e+01
2.744199999999545980e+01
2.744799999999668216e+01
2.748099999999976717e+01
2.752799999999842839e+01
2.757800000000133878e+01
2.758000000000174623e+01
2.838899999999557622e+01
2.843400000000110595e+01
2.843899999999848660e+01
2.844199999999545980e+01
2.844799999999668216e+01
2.848099999999976717e+01
2.852799999999842839e+01
2.857800000000133878e+01
2.858000000000174623e+01
2.938899999999557622e+01
2.943400000000110595e+01
2.943899999999848660e+01
2.944199999999545980e+01
2.944799999999668216e+01
2.948099999999976717e+01
2.952799999999842839e+01
2.957800000000133878e+01
2.958000000000174623e+01
3.038899999999557622e+01
3.043400000000110595e+01
3.043899999999848660e+01
3.044199999999545980e+01
3.044799999999668216e+01
3.048099999999976717e+01
3.052799999999842839e+01
3.057800000000133878e+01
3.058000000000174623e+01
3.138899999999557622e+01
3.143400000000110595e+01
3.143899999999848660e+01
3.144199999999545980e+01
3.144799999999668216e+01
3.148099999999976717e+01
3.152799999999842839e+01
3.157800000000133878e+01
3.158000000000174623e+01
3.238899999999557622e+01
3.243400000000110595e+01
3.243899999999848660e+01
3.244199999999545980e+01
3.244799999999668216e+01
3.248099999999976717e+01
3.252799999999842839e+01
3.257800000000133878e+01
3.258000000000174623e+01
3.338899999999557622e+01
3.343400000000110595e+01
3.343899999999848660e+01
3.344199999999545980e+01
3.344799999999668216e+01
3.348099999999976717e+01
3.352799999999842839e+01
3.357800000000133878e+01
3.358000000000174623e+01
3.438899999999557622e+01
3.443400000000110595e+01
3.443899999999848660e+01
3.444199999999545980e+01
3.444799999999668216e+01
3.448099999999976717e+01
3.452799999999842839e+01
3.457800000000133878e+01
3.458000000000174623e+01
3.538899999999557622e+01
3.543400000000110595e+01
3.543899999999848660e+01
3.544199999999545980e+01
3.544799999999668216e+01
3.548099999999976717e+01
3.552799999999842839e+01
3.557800000000133878e+01
3.558000000000174623e+01
3.638899999999557622e+01
3.643400000000110595e+01
3.643899999999848660e+01
3.644199999999545980e+01
3.644799999999668216e+01
3.648099999999976717e+01
3.652799999999842839e+01
3.657800000000133878e+01
3.658000000000174623e+01
3.738899999999557622e+01
3.743400000000110595e+01
3.743899999999848660e+01
3.744199999999545980e+01
3.744799999999668216e+01
3.748099999999976717e+01
3.752799999999842839e+01
3.757800000000133878e+01
3.758000000000174623e+01
3.838899999999557622e+01
3.843400000000110595e+01
3.843899999999848660e+01
3.844199999999545980e+01
3.844799999999668216e+01
3.848099999999976717e+01
3.852799999999842839e+01
3.857800000000133878e+01
3.858000000000174623e+01
3.938899999999557622e+01
3.943400000000110595e+01
3.943899999999848660e+01
3.944199999999545980e+01
3.944799999999668216e+01
3.948099999999976717e+01
3.952799999999842839e+01
3.957800000000133878e+01
3.958000000000174623e+01
4.038899999999557622e+01
4.043400000000110595e+01
4.043899999999848660e+01
4.044199999999545980e+01
4.044799999999668216e+01
4.048099999999976717e+01
4.052799999999842839e+01
4.057800000000133878e+01
4.058000000000174623e+01
4.138899999999557622e+01
4.143400000000110595e+01
4.143899999999848660e+01
4.144199999999545980e+01
4.144799999999668216e+01
4.148099999999976717e+01
4.152799999999842839e+01
4.157800000000133878e+01
4.158000000000174623e+01
4.238899999999557622e+01
4.243400000000110595e+01
4.243899999999848660e+01
4.244199999999545980e+01
4.244799999999668216e+01
4.248099999999976717e+01
4.252799999999842839e+01
4.257800000000133878e+01
4.258000000000174623e+01
4.338899999999557622e+01
4.343400000000110595e+01
4.343899999999848660e+01
4.344199999999545980e+01
4.344799999999668216e+01
4.348099999999976717e+01
4.352799999999842839e+01
4.357800000000133878e+01
4.358000000000174623e+01
4.438899999999557622e+01
4.443400000000110595e+01
4.443899999999848660e+01
4.444199999999545980e+01
4.444799999999668216e+01
4.448099999999976717e+01
4.452799999999842839e+01
4.457800000000133878e+01
4.458000000000174623e+01
4.538899999999557622e+01
4.543400000000110595e+01
4.543899999999848660e+01
4.544199999999545980e+01
4.544799999999668216e+01
4.548099999999976717e+01
4.552799999999842839e+01
4.557800000000133878e+01
4.558000000000174623e+01
4.638899999999557622e+01
4.643400000000110595e+01
4.643899999999848660e+01
4.644199999999545980e+01
4.644799999999668216e+01
4.648099999999976717e+01
4.652799999999842839e+01
4.657800000000133878e+01
4.658000000000174623e+01
4.738899999999557622e+01
4.743400000000110595e+01
4.743899999999848660e+01
4.744199999999545980e+01
4.744799999999668216e+01
4.748099999999976717e+01
4.752799999999842839e+01
4.757800000000133878e+01
4.758000000000174623e+01
4.838899999999557622e+01
4.843400000000110595e+01
4.843899999999848660e+01
4.844199999999545980e+01
4.844799999999668216e+01
4.848099999999976717e+01
4.852799999999842839e+01
4.857800000000133878e+01
4.858000000000174623e+01
4.938899999999557622e+01
4.943400000000110595e+01
4.943899999999848660e+01
4.944199999999545980e+01
4.944799999999668216e+01
4.948099999999976717e+01
4.952799999999842839e+01
4.957800000000133878e+01
4.958000000000174623e+01
5.038899999999557622e+01
5.043400000000110595e+01
5.043899999999848660e+01
5.044199999999545980e+01
5.044799999999668216e+01
5.048099999999976717e+01
5.052799999999842839e+01
5.057800000000133878e+01
5.058000000000174623e+01
5.138899999999557622e+01
5.143400000000110595e+01
5.143899999999848660e+01
5.144199999999545980e+01
5.144799999999668216e+01
5.148099999999976717e+01
5.152799999999842839e+01
5.157800000000133878e+01
5.158000000000174623e+01
5.238899999999557622e+01
5.243400000000110595e+01
5.243899999999848660e+01
5.244199999999545980e+01
5.244799999999668216e+01
5.248099999999976717e+01
5.252799999999842839e+01
5.257800000000133878e+01
5.258000000000174623e+01
5.338899999999557622e+01
5.343400000000110595e+01
5.343899999999848660e+01
5.344199999999545980e+01
5.344799999999668216e+01
5.348099999999976717e+01
5.352799999999842839e+01
5.357800000000133878e+01
5.358000000000174623e+01
5.438899999999557622e+01
5.443400000000110595e+01
5.443899999999848660e+01
5.444199999999545980e+01
5.444799999999668216e+01
5.448099999999976717e+01
5.452799999999842839e+01
5.457800000000133878e+01
5.458000000000174623e+01
5.538899999999557622e+01
5.543400000000110595e+01
5.543899999999848660e+01
5.544199999999545980e+01
5.544799999999668216e+01
5.548099999999976717e+01
5.552799999999842839e+01
5.557800000000133878e+01
5.558000000000174623e+01
5.638899999999557622e+01
5.643400000000110595e+01
5.643899999999848660e+01
5.644199999999545980e+01
5.644799999999668216e+01
5.648099999999976717e+01
5.652799999999842839e+01
5.657800000000133878e+01
5.658000000000174623e+01
5.738899999999557622e+01
5.743400000000110595e+01
5.743899999999848660e+01
5.744199999999545980e+01
5.744799999999668216e+01
5.748099999999976717e+01
5.752799999999842839e+01
5.757800000000133878e+01
5.758000000000174623e+01
5.838899999999557622e+01
5.843400000000110595e+01
5.843899999999848660e+01
5.844199999999545980e+01
5.844799999999668216e+01
5.848099999999976717e+01
5.852799999999842839e+01
5.857800000000133878e+01
5.858000000000174623e+01
5.938899999999557622e+01
5.943400000000110595e+01
5.943899999999848660e+01
5.944199999999545980e+01
5.944799999999668216e+01
5.948099999999976717e+01
5.952799999999842839e+01
5.957800000000133878e+01
5.958000000000174623e+01
6.038899999999557622e+01
6.043400000000110595e+01
6.043899999999848660e+01
6.044199999999545980e+01
6.044799999999668216e+01
6.048099999999976717e+01
6.052799999999842839e+01
6.057800000000133878e+01
6.058000000000174623e+01
6.138899999999557622e+01
6.143400000000110595e+01
6.143899999999848660e+01
6.144199999999545980e+01
6.144799999999668216e+01
6.148099999999976717e+01
6.152799999999842839e+01
6.157800000000133878e+01
6.158000000000174623e+01
6.238899999999557622e+01
6.243400000000110595e+01
6.243899999999848660e+01
6.244199999999545980e+01
6.244799999999668216e+01
6.248099999999976717e+01
6.252799999999842839e+01
6.257800000000133878e+01
6.258000000000174623e+01
6.338899999999557622e+01
6.343400000000110595e+01
6.343899999999848660e+01
6.344199999999545980e+01
6.344799999999668216e+01
6.348099999999976717e+01
6.352799999999842839e+01
6.357800000000133878e+01
6.358000000000174623e+01
6.438899999999557622e+01
6.443400000000110595e+01
6.443899999999848660e+01
6.444199999999545980e+01
6.444799999999668216e+01
6.448099999999976717e+01
6.452799999999842839e+01
6.457800000000133878e+01
6.458000000000174623e+01
6.538899999999557622e+01
6.543400000000110595e+01
6.543899999999848660e+01
6.544199999999545980e+01
6.544799999999668216e+01
6.548099999999976717e+01
6.552799999999842839e+01
6.557800000000133878e+01
6.558000000000174623e+01
6.638899999999557622e+01
6.643400000000110595e+01
6.643899999999848660e+01
6.644199999999545980e+01
6.644799999999668216e+01
6.648099999999976717e+01
6.652799999999842839e+01
6.657800000000133878e+01
6.658000000000174623e+01
6.738899999999557622e+01
6.743400000000110595e+01
6.743899999999848660e+01
6.744199999999545980e+01
6.744799999999668216e+01
6.748099999999976717e+01
6.752799999999842839e+01
6.757800000000133878e+01
6.758000000000174623e+01
6.838899999999557622e+01
6.843400000000110595e+01
6.843899999999848660e+01
6.844199999999545980e+01
6.844799999999668216e+01
6.848099999999976717e+01
6.852799999999842839e+01
6.857800000000133878e+01
6.858000000000174623e+01
6.938899999999557622e+01
6.943400000000110595e+01
6.943899999999848660e+01
6.944199999999545980e+01
6.944799999999668216e+01
6.948099999999976717e+01
6.952799999999842839e+01
6.957800000000133878e+01
6.958000000000174623e+01
7.038899999999557622e+01
7.043400000000110595e+01
7.043899999999848660e+01
7.044199999999545980e+01
7.044799999999668216e+01
7.048099999999976717e+01
7.052799999999842839e+01
7.057800000000133878e+01
7.058000000000174623e+01
7.138899999999557622e+01
7.143400000000110595e+01
7.143899999999848660e+01
7.144199999999545980e+01
7.144799999999668216e+01
7.148099999999976717e+01
7.152799999999842839e+01
7.157800000000133878e+01
7.158000000000174623e+01
7.238899999999557622e+01
7.243400000000110595e+01
7.243899999999848660e+01
7.244199999999545980e+01
7.244799999999668216e+01
7.248099999999976717e+01
7.252799999999842839e+01
7.257800000000133878e+01
7.258000000000174623e+01
7.338899999999557622e+01
7.343400000000110595e+01
7.343899999999848660e+01
7.344199999999545980e+01
7.344799999999668216e+01
7.348099999999976717e+01
7.352799999999842839e+01
7.357800000000133878e+01
7.358000000000174623e+01
7.438899999999557622e+01
7.443400000000110595e+01
7.443899999999848660e+01
7.444199999999545980e+01
7.444799999999668216e+01
7.448099999999976717e+01
7.452799999999842839e+01
7.457800000000133878e+01
7.458000000000174623e+01
7.538899999999557622e+01
7.543400000000110595e+01
7.543899999999848660e+01
7.544199999999545980e+01
7.544799999999668216e+01
7.548099999999976717e+01
7.552799999999842839e+01
7.557800000000133878e+01
7.558000000000174623e+01
7.638899999999557622e+01
7.643400000000110595e+01
7.643899999999848660e+01
7.644199999999545980e+01
7.644799999999668216e+01
7.648099999999976717e+01
7.652799999999842839e+01
7.657800000000133878e+01
7.658000000000174623e+01
7.738899999999557622e+01
7.743400000000110595e+01
7.743899999999848660e+01
7.744199999999545980e+01
7.744799999999668216e+01
7.748099999999976717e+01
7.752799999999842839e+01
7.757800000000133878e+01
7.758000000000174623e+01
7.838899999999557622e+01
7.843400000000110595e+01
7.843899999999848660e+01
7.844199999999545980e+01
7.844799999999668216e+01
7.848099999999976717e+01
7.852799999999842839e+01
7.857800000000133878e+01
7.858000000000174623e+01
7.938899999999557622e+01
7.943400000000110595e+01
7.943899999999848660e+01
7.944199999999545980e+01
7.944799999999668216e+01
7.948099999999976717e+01
7.952799999999842839e+01
7.957800000000133878e+01
7.958000000000174623e+01
8.038899999999557622e+01
8.043400000000110595e+01
8.043899999999848660e+01
8.044199999999545980e+01
8.044799999999668216e+01
8.048099999999976717e+01
8.052799999999842839e+01
8.057800000000133878e+01
8.058000000000174623e+01
8.138899999999557622e+01
8.143400000000110595e+01
8.143899999999848660e+01
8.144199999999545980e+01
8.144799999999668216e+01
8.148099999999976717e+01
8.152799999999842839e+01
8.157800000000133878e+01
8.158000000000174623e+01
8.238899999999557622e+01
8.243400000000110595e+01
8.243899999999848660e+01
8.244199999999545980e+01
8.244799999999668216e+01
8.248099999999976717e+01
8.252799999999842839e+01
8.257800000000133878e+01
8.258000000000174623e+01
8.338899999999557622e+01
8.343400000000110595e+01
8.343899999999848660e+01
8.344199999999545980e+01
8.344799999999668216e+01
8.348099999999976717e+01
8.352799999999842839e+01
8.357800000000133878e+01
8.358000000000174623e+01
8.438899999999557622e+01
8.443400000000110595e+01
8.443899999999848660e+01
8.444199999999545980e+01
8.444799999999668216e+01
8.448099999999976717e+01
8.452799999999842839e+01
8.457800000000133878e+01
8.458000000000174623e+01
8.538899999999557622e+01
8.543400000000110595e+01
8.543899999999848660e+01
8.544199999999545980e+01
8.544799999999668216e+01
8.548099999999976717e+01
8.552799999999842839e+01
8.557800000000133878e+01
8.558000000000174623e+01
8.638899999999557622e+01
8.643400000000110595e+01
8.643899999999848660e+01
8.644199999999545980e+01
8.644799999999668216e+01
8.648099999999976717e+01
8.652799999999842839e+01
8.657800000000133878e+01
8.658000000000174623e+01
8.738899999999557622e+01
8.743400000000110595e+01
8.743899999999848660e+01
8.744199999999545980e+01
8.744799999999668216e+01
8.748099999999976717e+01
8.752799999999842839e+01
8.757800000000133878e+01
8.758000000000174623e+01
8.838899999999557622e+01
8.843400000000110595e+01
8.843899999999848660e+01
8.844199999999545980e+01
8.844799999999668216e+01
8.848099999999976717e+01
8.852799999999842839e+01
8.857800000000133878e+01
8.858000000000174623e+01
8.938899999999557622e+01
8.943400000000110595e+01
8.943899999999848660e+01
8.944199999999545980e+01
8.944799999999668216e+01
8.948099999999976717e+01
8.952799999999842839e+01
8.957800000000133878e+01
8.958000000000174623e+01
9.038899999999557622e+01
9.043400000000110595e+01
9.043899999999848660e+01
9.044199999999545980e+01
9.044799999999668216e+01
9.048099999999976717e+01
9.052799999999842839e+01
9.057800000000133878e+01
9.058000000000174623e+01
9.138899999999557622e+01
9.143400000000110595e+01
9.143899999999848660e+01
9.144199999999545980e+01
9.144799999999668216e+01
9.148099999999976717e+01
9.152799999999842839e+01
9.157800000000133878e+01
9.158000000000174623e+01
9.238899999999557622e+01
9.243400000000110595e+01
9.243899999999848660e+01
9.244199999999545980e+01
9.244799999999668216e+01
9.248099999999976717e+01
9.252799999999842839e+01
9.257800000000133878e+01
9.258000000000174623e+01
9.338899999999557622e+01
9.343400000000110595e+01
9.343899999999848660e+01
9.344199999999545980e+01
9.344799999999668216e+01
9.348099999999976717e+01
9.352799999999842839e+01
9.357800000000133878e+01
9.358000000000174623e+01
9.438899999999557622e+01
9.443400000000110595e+01
9.443899999999848660e+01
9.444199999999545980e+01
9.444799999999668216e+01
9.448099999999976717e+01
9.452799999999842839e+01
9.457800000000133878e+01
9.458000000000174623e+01
9.538899999999557622e+01
9.543400000000110595e+01
9.543899999999848660e+01
9.544199999999545980e+01
9.544799999999668216e+01
9.548099999999976717e+01
9.552799999999842839e+01
9.557800000000133878e+01
9.558000000000174623e+01
9.638899999999557622e+01
9.643400000000110595e+01
9.643899999999848660e+01
9.644199999999545980e+01
9.644799999999668216e+01
9.648099999999976717e+01
9.652799999999842839e+01
9.657800000000133878e+01
9.658000000000174623e+01
9.738899999999557622e+01
9.743400000000110595e+01
9.743899999999848660e+01
9.744199999999545980e+01
9.744799999999668216e+01
9.748099999999976717e+01
9.752799999999842839e+01
9.757800000000133878e+01
9.758000000000174623e+01
9.838899999999557622e+01
9.843400000000110595e+01
9.843899999999848660e+01
9.844199999999545980e+01
9.844799999999668216e+01
9.848099999999976717e+01
9.852799999999842839e+01
9.857800000000133878e+01
9.858000000000174623e+01
9.938899999999557622e+01
9.943400000000110595e+01
9.943899999999848660e+01
9.944199999999545980e+01
9.944799999999668216e+01
9.948099999999976717e+01
9.952799999999842839e+01
9.957800000000133878e+01
9.958000000000174623e+01
1.003889999999955762e+02
1.004340000000011059e+02
1.004389999999984866e+02
1.004419999999954598e+02
1.004479999999966822e+02
1.004809999999997672e+02
1.005279999999984284e+02
1.005780000000013388e+02
1.005800000000017462e+02
1.013889999999955762e+02
1.014340000000011059e+02
1.014389999999984866e+02
1.014419999999954598e+02
1.014479999999966822e+02
1.014809999999997672e+02
1.015279999999984284e+02
1.015780000000013388e+02
1.015800000000017462e+02
1.023889999999955762e+02
1.024340000000011059e+02
1.024389999999984866e+02
1.024419999999954598e+02
1.024479999999966822e+02
1.024809999999997672e+02
1.025279999999984284e+02
1.025780000000013388e+02
1.025800000000017462e+02
1.033889999999955762e+02
1.034340000000011059e+02
1.034389999999984866e+02
1.034419999999954598e+02
1.034479999999966822e+02
1.034809999999997672e+02
1.035279999999984284e+02
1.035780000000013388e+02
1.035800000000017462e+02
1.043889999999955762e+02
1.044340000000011059e+02
1.044389999999984866e+02
1.044419999999954598e+02
1.044479999999966822e+02
1.044809999999997672e+02
1.045279999999984284e+02
1.045780000000013388e+02
1.045800000000017462e+02
1.053889999999955762e+02
1.054340000000011059e+02
1.054389999999984866e+02
1.054419999999954598e+02
1.054479999999966822e+02
1.054809999999997672e+02
1.055279999999984284e+02
1.055780000000013388e+02
1.055800000000017462e+02
1.063889999999955762e+02
1.064340000000011059e+02
1.064389999999984866e+02
1.064419999999954598e+02
1.064479999999966822e+02
1.064809999999997672e+02
1.065279999999984284e+02
1.065780000000013388e+02
1.065800000000017462e+02
1.073889999999955762e+02
1.074340000000011059e+02
1.074389999999984866e+02
1.074419999999954598e+02
1.074479999999966822e+02
1.074809999999997672e+02
1.075279999999984284e+02
1.075780000000013388e+02
1.075800000000017462e+02
1.083889999999955762e+02
1.084340000000011059e+02
1.084389999999984866e+02
1.084419999999954598e+02
1.084479999999966822e+02
1.084809999999997672e+02
1.085279999999984284e+02
1.085780000000013388e+02
1.085800000000017462e+02
1.093889999999955762e+02
1.094340000000011059e+02
1.094389999999984866e+02
1.094419999999954598e+02
1.094479999999966822e+02
1.094809999999997672e+02
1.095279999999984284e+02
1.095780000000013388e+02
1.095800000000017462e+02
1.103889999999955762e+02
1.104340000000011059e+02
1.104389999999984866e+02
1.104419999999954598e+02
1.104479999999966822e+02
1.104809999999997672e+02
1.105279999999984284e+02
1.105780000000013388e+02
1.105800000000017462e+02
1.113889999999955762e+02
1.114340000000011059e+02
1.114389999999984866e+02
1.114419999999954598e+02
1.114479999999966822e+02
1.114809999999997672e+02
1.115279999999984284e+02
1.115780000000013388e+02
1.115800000000017462e+02
1.123889999999955762e+02
1.124340000000011059e+02
1.124389999999984866e+02
1.124419999999954598e+02
1.124479999999966822e+02
1.124809999999997672e+02
1.125279999999984284e+02
1.125780000000013388e+02
1.125800000000017462e+02
1.133889999999955762e+02
1.134340000000011059e+02
1.134389999999984866e+02
1.134419999999954598e+02
1.134479999999966822e+02
1.134809999999997672e+02
1.135279999999984284e+02
1.135780000000013388e+02
1.135800000000017462e+02
1.143889999999955762e+02
1.144340000000011059e+02
1.144389999999984866e+02
1.144419999999954598e+02
1.144479999999966822e+02
1.144809999999997672e+02
1.145279999999984284e+02
1.145780000000013388e+02
1.145800000000017462e+02
1.153889999999955762e+02
1.154340000000011059e+02
1.154389999999984866e+02
1.154419999999954598e+02
1.154479999999966822e+02
1.154809999999997672e+02
1.155279999999984284e+02
1.155780000000013388e+02
1.155800000000017462e+02
1.163889999999955762e+02
1.164340000000011059e+02
1.164389999999984866e+02
1.164419999999954598e+02
1.164479999999966822e+02
1.164809999999997672e+02
1.165279999999984284e+02
1.165780000000013388e+02
1.165800000000017462e+02
1.173889999999955762e+02
1.174340000000011059e+02
1.174389999999984866e+02
1.174419999999954598e+02
1.174479999999966822e+02
1.174809999999997672e+02
1.175279999999984284e+02
1.175780000000013388e+02
1.175800000000017462e+02
1.183889999999955762e+02
1.184340000000011059e+02
1.184389999999984866e+02
1.184419999999954598e+02
1.184479999999966822e+02
1.184809999999997672e+02
1.185279999999984284e+02
1.185780000000013388e+02
1.185800000000017462e+02
1.193889999999955762e+02
1.194340000000011059e+02
1.194389999999984866e+02
1.194419999999954598e+02
1.194479999999966822e+02
1.194809999999997672e+02
1.195279999999984284e+02
1.195780000000013388e+02
1.195800000000017462e+02
1.203889999999955762e+02
1.204340000000011059e+02
1.204389999999984866e+02
1.204419999999954598e+02
1.204479999999966822e+02
1.204809999999997672e+02
1.205279999999984284e+02
1.205780000000013388e+02
1.205800000000017462e+02
1.213889999999955762e+02
1.214340000000011059e+02
1.214389999999984866e+02
1.214419999999954598e+02
1.214479999999966822e+02
1.214809999999997672e+02
1.215279999999984284e+02
1.215780000000013388e+02
1.215800000000017462e+02
1.223889999999955762e+02
1.224340000000011059e+02
1.224389999999984866e+02
1.224419999999954598e+02
1.224479999999966822e+02
1.224809999999997672e+02
1.225279999999984284e+02
1.225780000000013388e+02
1.225800000000017462e+02
1.233889999999955762e+02
1.234340000000011059e+02
1.234389999999984866e+02
1.234419999999954598e+02
1.234479999999966822e+02
1.234809999999997672e+02
1.235279999999984284e+02
1.235780000000013388e+02
1.235800000000017462e+02
1.243889999999955762e+02
1.244340000000011059e+02
1.244389999999984866e+02
1.244419999999954598e+02
1.244479999999966822e+02
1.244809999999997672e+02
1.245279999999984284e+02
1.245780000000013388e+02
1.245800000000017462e+02
1.253889999999955762e+02
1.254340000000011059e+02
1.254389999999984866e+02
1.254419999999954598e+02
1.254479999999966822e+02
1.254809999999997672e+02
1.255279999999984284e+02
1.255780000000013388e+02
1.255800000000017462e+02
1.263889999999955762e+02
1.264340000000011059e+02
1.264389999999984866e+02
1.264419999999954598e+02
1.264479999999966822e+02
1.264809999999997672e+02
1.265279999999984284e+02
1.265780000000013388e+02
1.265800000000017462e+02
1.273889999999955762e+02
1.274340000000011059e+02
1.274389999999984866e+02
1.274419999999954598e+02
1.274479999999966822e+02
1.274809999999997672e+02
1.275279999999984284e+02
1.275780000000013388e+02
1.275800000000017462e+02
1.283889999999955762e+02
1.284340000000011059e+02
1.284389999999984866e+02
1.284419999999954598e+02
1.284479999999966822e+02
1.284809999999997672e+02
1.285279999999984284e+02
1.285780000000013388e+02
1.285800000000017462e+02
1.293889999999955762e+02
1.294340000000011059e+02
1.294389999999984866e+02
1.294419999999954598e+02
1.294479999999966822e+02
1.294809999999997672e+02
1.295279999999984284e+02
1.295780000000013388e+02
1.295800000000017462e+02
1.303889999999955762e+02
1.304340000000011059e+02
1.304389999999984866e+02
1.304419999999954598e+02
1.304479999999966822e+02
1.304809999999997672e+02
1.305279999999984284e+02
1.305780000000013388e+02
1.305800000000017462e+02
1.313889999999955762e+02
1.314340000000011059e+02
1.314389999999984866e+02
1.314419999999954598e+02
1.314479999999966822e+02
1.314809999999997672e+02
1.315279999999984284e+02
1.315780000000013388e+02
1.315800000000017462e+02
1.323889999999955762e+02
1.324340000000011059e+02
1.324389999999984866e+02
1.324419999999954598e+02
1.324479999999966822e+02
1.324809999999997672e+02
1.325279999999984284e+02
1.325780000000013388e+02
1.325800000000017462e+02
1.333889999999955762e+02
1.334340000000011059e+02
1.334389999999984866e+02
1.334419999999954598e+02
1.334479999999966822e+02
1.334809999999997672e+02
1.335279999999984284e+02
1.335780000000013388e+02
1.335800000000017462e+02
1.343889999999955762e+02
1.344340000000011059e+02
1.344389999999984866e+02
1.344419999999954598e+02
1.344479999999966822e+02
1.344809999999997672e+02
1.345279999999984284e+02
1.345780000000013388e+02
1.345800000000017462e+02
1.353889999999955762e+02
1.354340000000011059e+02
1.354389999999984866e+02
1.354419999999954598e+02
1.354479999999966822e+02
1.354809999999997672e+02
1.355279999999984284e+02
1.355780000000013388e+02
1.355800000000017462e+02
1.363889999999955762e+02
1.364340000000011059e+02
1.364389999999984866e+02
1.364419999999954598e+02
1.364479999999966822e+02
1.364809999999997672e+02
1.365279999999984284e+02
1.365780000000013388e+02
1.365800000000017462e+02
1.373889999999955762e+02
1.374340000000011059e+02
1.374389999999984866e+02
1.374419999999954598e+02
1.374479999999966822e+02
1.374809999999997672e+02
1.375279999999984284e+02
1.375780000000013388e+02
1.375800000000017462e+02
1.383889999999955762e+02
1.384340000000011059e+02
1.384389999999984866e+02
1.384419999999954598e+02
1.384479999999966822e+02
1.384809999999997672e+02
1.385279999999984284e+02
1.385780000000013388e+02
1.385800000000017462e+02
1.393889999999955762e+02
1.394340000000011059e+02
1.394389999999984866e+02
1.394419999999954598e+02
1.394479999999966822e+02
1.394809999999997672e+02
1.395279999999984284e+02
1.395780000000013388e+02
1.395800000000017462e+02
1.403889999999955762e+02
1.404340000000011059e+02
1.404389999999984866e+02
1.404419999999954598e+02
1.404479999999966822e+02
1.404809999999997672e+02
1.405279999999984284e+02
1.405780000000013388e+02
1.405800000000017462e+02
1.413889999999955762e+02
1.414340000000011059e+02
1.414389999999984866e+02
1.414419999999954598e+02
1.414479999999966822e+02
1.414809999999997672e+02
1.415279999999984284e+02
1.415780000000013388e+02
1.415800000000017462e+02
1.423889999999955762e+02
1.424340000000011059e+02
1.424389999999984866e+02
1.424419999999954598e+02
1.424479999999966822e+02
1.424809999999997672e+02
1.425279999999984284e+02
1.425780000000013388e+02
1.425800000000017462e+02
1.433889999999955762e+02
1.434340000000011059e+02
1.434389999999984866e+02
1.434419999999954598e+02
1.434479999999966822e+02
1.434809999999997672e+02
1.435279999999984284e+02
1.435780000000013388e+02
1.435800000000017462e+02
1.443889999999955762e+02
1.444340000000011059e+02
1.444389999999984866e+02
1.444419999999954598e+02
1.444479999999966822e+02
1.444809999999997672e+02
1.445279999999984284e+02
1.445780000000013388e+02
1.445800000000017462e+02
1.453889999999955762e+02
1.454340000000011059e+02
1.454389999999984866e+02
1.454419999999954598e+02
1.454479999999966822e+02
1.454809999999997672e+02
1.455279999999984284e+02
1.455780000000013388e+02
1.455800000000017462e+02
1.463889999999955762e+02
1.464340000000011059e+02
1.464389999999984866e+02
1.464419999999954598e+02
1.464479999999966822e+02
1.464809999999997672e+02
1.465279999999984284e+02
1.465780000000013388e+02
1.465800000000017462e+02
1.473889999999955762e+02
1.474340000000011059e+02
1.474389999999984866e+02
1.474419999999954598e+02
1.474479999999966822e+02
1.474809999999997672e+02
1.475279999999984284e+02
1.475780000000013388e+02
1.475800000000017462e+02
1.483889999999955762e+02
1.484340000000011059e+02
1.484389999999984866e+02
1.484419999999954598e+02
1.484479999999966822e+02
1.484809999999997672e+02
1.485279999999984284e+02
1.485780000000013388e+02
1.485800000000017462e+02
1.493889999999955762e+02
1.494340000000011059e+02
1.494389999999984866e+02
1.494419999999954598e+02
1.494479999999966822e+02
1.494809999999997672e+02
1.495279999999984284e+02
1.495780000000013388e+02
1.495800000000017462e+02
1.503889999999955762e+02
1.504340000000011059e+02
1.504389999999984866e+02
1.504419999999954598e+02
1.504479999999966822e+02
1.504809999999997672e+02
1.505279999999984284e+02
1.505780000000013388e+02
1.505800000000017462e+02
1.513889999999955762e+02
1.514340000000011059e+02
1.514389999999984866e+02
1.514419999999954598e+02
1.514479999999966822e+02
1.514809999999997672e+02
1.515279999999984284e+02
1.515780000000013388e+02
1.515800000000017462e+02
1.523889999999955762e+02
1.524340000000011059e+02
1.524389999999984866e+02
1.524419999999954598e+02
1.524479999999966822e+02
1.524809999999997672e+02
1.525279999999984284e+02
1.525780000000013388e+02
1.525800000000017462e+02
1.533889999999955762e+02
1.534340000000011059e+02
1.534389999999984866e+02
1.534419999999954598e+02
1.534479999999966822e+02
1.534809999999997672e+02
1.535279999999984284e+02
1.535780000000013388e+02
1.535800000000017462e+02
1.543889999999955762e+02
1.544340000000011059e+02
1.544389999999984866e+02
1.544419999999954598e+02
1.544479999999966822e+02
1.544809999999997672e+02
1.545279999999984284e+02
1.545780000000013388e+02
1.545800000000017462e+02
1.553889999999955762e+02
1.554340000000011059e+02
1.554389999999984866e+02
1.554419999999954598e+02
1.554479999999966822e+02
1.554809999999997672e+02
1.555279999999984284e+02
1.555780000000013388e+02
1.555800000000017462e+02
1.563889999999955762e+02
1.564340000000011059e+02
1.564389999999984866e+02
1.564419999999954598e+02
1.564479999999966822e+02
1.564809999999997672e+02
1.565279999999984284e+02
1.565780000000013388e+02
1.565800000000017462e+02
1.573889999999955762e+02
1.574340000000011059e+02
1.574389999999984866e+02
1.574419999999954598e+02
1.574479999999966822e+02
1.574809999999997672e+02
1.575279999999984284e+02
1.575780000000013388e+02
1.575800000000017462e+02
1.583889999999955762e+02
1.584340000000011059e+02
1.584389999999984866e+02
1.584419999999954598e+02
1.584479999999966822e+02
1.584809999999997672e+02
1.585279999999984284e+02
1.585780000000013388e+02
1.585800000000017462e+02
1.593889999999955762e+02
1.594340000000011059e+02
1.594389999999984866e+02
1.594419999999954598e+02
1.594479999999966822e+02
1.594809999999997672e+02
1.595279999999984284e+02
1.595780000000013388e+02
1.595800000000017462e+02
1.603889999999955762e+02
1.604340000000011059e+02
1.604389999999984866e+02
1.604419999999954598e+02
1.604479999999966822e+02
1.604809999999997672e+02
1.605279999999984284e+02
1.605780000000013388e+02
1.605800000000017462e+02
1.613889999999955762e+02
1.614340000000011059e+02
1.614389999999984866e+02
1.614419999999954598e+02
1.614479999999966822e+02
1.614809999999997672e+02
1.615279999999984284e+02
1.615780000000013388e+02
1.615800000000017462e+02
1.623889999999955762e+02
1.624340000000011059e+02
1.624389999999984866e+02
1.624419999999954598e+02
1.624479999999966822e+02
1.624809999999997672e+02
1.625279999999984284e+02
1.625780000000013388e+02
1.625800000000017462e+02
1.633889999999955762e+02
1.634340000000011059e+02
1.634389999999984866e+02
1.634419999999954598e+02
1.634479999999966822e+02
1.634809999999997672e+02
1.635279999999984284e+02
1.635780000000013388e+02
1.635800000000017462e+02
1.643889999999955762e+02
1.644340000000011059e+02
1.644389999999984866e+02
1.644419999999954598e+02
1.644479999999966822e+02
1.644809999999997672e+02
1.645279999999984284e+02
1.645780000000013388e+02
1.645800000000017462e+02
1.653889999999955762e+02
1.654340000000011059e+02
1.654389999999984866e+02
1.654419999999954598e+02
1.654479999999966822e+02
1.654809999999997672e+02
1.655279999999984284e+02
1.655780000000013388e+02
1.655800000000017462e+02
1.663889999999955762e+02
1.664340000000011059e+02
1.664389999999984866e+02
1.664419999999954598e+02
1.664479999999966822e+02
1.664809999999997672e+02
1.665279999999984284e+02
1.665780000000013388e+02
1.665800000000017462e+02
1.673889999999955762e+02
1.674340000000011059e+02
1.674389999999984866e+02
1.674419999999954598e+02
1.674479999999966822e+02
1.674809999999997672e+02
1.675279999999984284e+02
1.675780000000013388e+02
1.675800000000017462e+02
1.683889999999955762e+02
1.684340000000011059e+02
1.684389999999984866e+02
1.684419999999954598e+02
1.684479999999966822e+02
1.684809999999997672e+02
1.685279999999984284e+02
1.685780000000013388e+02
1.685800000000017462e+02
1.693889999999955762e+02
1.694340000000011059e+02
1.694389999999984866e+02
1.694419999999954598e+02
1.694479999999966822e+02
1.694809999999997672e+02
1.695279999999984284e+02
1.695780000000013388e+02
1.695800000000017462e+02
1.703889999999955762e+02
1.704340000000011059e+02
1.704389999999984866e+02
1.704419999999954598e+02
1.704479999999966822e+02
1.704809999999997672e+02
1.705279999999984284e+02
1.705780000000013388e+02
1.705800000000017462e+02
1.713889999999955762e+02
1.714340000000011059e+02
1.714389999999984866e+02
1.714419999999954598e+02
1.714479999999966822e+02
1.714809999999997672e+02
1.715279999999984284e+02
1.715780000000013388e+02
1.715800000000017462e+02
1.723889999999955762e+02
1.724340000000011059e+02
1.724389999999984866e+02
1.724419999999954598e+02
1.724479999999966822e+02
1.724809999999997672e+02
1.725279999999984284e+02
1.725780000000013388e+02
1.725800000000017462e+02
1.733889999999955762e+02
1.734340000000011059e+02
1.734389999999984866e+02
1.734419999999954598e+02
1.734479999999966822e+02
1.734809999999997672e+02
1.735279999999984284e+02
1.735780000000013388e+02
1.735800000000017462e+02
1.743889999999955762e+02
1.744340000000011059e+02
1.744389999999984866e+02
1.744419999999954598e+02
1.744479999999966822e+02
1.744809999999997672e+02
1.745279999999984284e+02
1.745780000000013388e+02
1.745800000000017462e+02
1.753889999999955762e+02
1.754340000000011059e+02
1.754389999999984866e+02
1.754419999999954598e+02
1.754479999999966822e+02
1.754809999999997672e+02
1.755279999999984284e+02
1.755780000000013388e+02
1.755800000000017462e+02
1.763889999999955762e+02
1.764340000000011059e+02
1.764389999999984866e+02
1.764419999999954598e+02
1.764479999999966822e+02
1.764809999999997672e+02
1.765279999999984284e+02
1.765780000000013388e+02
1.765800000000017462e+02
1.773889999999955762e+02
1.774340000000011059e+02
1.774389999999984866e+02
1.774419999999954598e+02
1.774479999999966822e+02
1.774809999999997672e+02
1.775279999999984284e+02
1.775780000000013388e+02
1.775800000000017462e+02
1.783889999999955762e+02
1.784340000000011059e+02
1.784389999999984866e+02
1.784419999999954598e+02
1.784479999999966822e+02
1.784809999999997672e+02
1.785279999999984284e+02
1.785780000000013388e+02
1.785800000000017462e+02
1.793889999999955762e+02
1.794340000000011059e+02
1.794389999999984866e+02
1.794419999999954598e+02
1.794479999999966822e+02
1.794809999999997672e+02
1.795279999999984284e+02
1.795780000000013388e+02
1.795800000000017462e+02
1.803889999999955762e+02
1.804340000000011059e+02
1.804389999999984866e+02
1.804419999999954598e+02
1.804479999999966822e+02
1.804809999999997672e+02
1.805279999999984284e+02
1.805780000000013388e+02
1.805800000000017462e+02
1.813889999999955762e+02
1.814340000000011059e+02
1.814389999999984866e+02
1.814419999999954598e+02
1.814479999999966822e+02
1.814809999999997672e+02
1.815279999999984284e+02
1.815780000000013388e+02
1.815800000000017462e+02
1.823889999999955762e+02
1.824340000000011059e+02
1.824389999999984866e+02
1.824419999999954598e+02
1.824479999999966822e+02
1.824809999999997672e+02
1.825279999999984284e+02
1.825780000000013388e+02
1.825800000000017462e+02
1.833889999999955762e+02
1.834340000000011059e+02
1.834389999999984866e+02
1.834419999999954598e+02
1.834479999999966822e+02
1.834809999999997672e+02
1.835279999999984284e+02
1.835780000000013388e+02
1.835800000000017462e+02
1.843889999999955762e+02
1.844340000000011059e+02
1.844389999999984866e+02
1.844419999999954598e+02
1.844479999999966822e+02
1.844809999999997672e+02
1.845279999999984284e+02
1.845780000000013388e+02
1.845800000000017462e+02
1.853889999999955762e+02
1.854340000000011059e+02
1.854389999999984866e+02
1.854419999999954598e+02
1.854479999999966822e+02
1.854809999999997672e+02
1.855279999999984284e+02
1.855780000000013388e+02
1.855800000000017462e+02
1.863889999999955762e+02
1.864340000000011059e+02
1.864389999999984866e+02
1.864419999999954598e+02
1.864479999999966822e+02
1.864809999999997672e+02
1.865279999999984284e+02
1.865780000000013388e+02
1.865800000000017462e+02
1.873889999999955762e+02
1.874340000000011059e+02
1.874389999999984866e+02
1.874419999999954598e+02
1.874479999999966822e+02
1.874809999999997672e+02
1.875279999999984284e+02
1.875780000000013388e+02
1.875800000000017462e+02
1.883889999999955762e+02
1.884340000000011059e+02
1.884389999999984866e+02
1.884419999999954598e+02
1.884479999999966822e+02
1.884809999999997672e+02
1.885279999999984284e+02
1.885780000000013388e+02
1.885800000000017462e+02
1.893889999999955762e+02
1.894340000000011059e+02
1.894389999999984866e+02
1.894419999999954598e+02
1.894479999999966822e+02
1.894809999999997672e+02
1.895279999999984284e+02
1.895780000000013388e+02
1.895800000000017462e+02
1.903889999999955762e+02
1.904340000000011059e+02
1.904389999999984866e+02
1.904419999999954598e+02
1.904479999999966822e+02
1.904809999999997672e+02
1.905279999999984284e+02
1.905780000000013388e+02
1.905800000000017462e+02
1.913889999999955762e+02
1.914340000000011059e+02
