-4.127999999996973202e+00	1.008522059424307112e+43	inf
-4.070999999996274710e+00	3.187532060633720283e+43	inf
-3.127999999996973202e+00	4.864275138835032237e+43	4.016011862729482747e+43
-3.070999999996274710e+00	2.883344587410319418e+43	1.720150358979640648e+43
-2.127999999996973202e+00	4.795701880818592895e+43	5.040788039787900437e+43
-2.070999999996274710e+00	3.273241095887174334e+43	2.379303425773549784e+43
-2.044000000001688022e+00	2.464065174076784714e+43	1.391546486846073457e+43
-2.040999999997438863e+00	4.971295404509930916e+43	7.156662757537758961e+43
-1.127999999996973202e+00	8.024213760869997098e+43	1.445107383669816792e+44
-1.070999999996274710e+00	4.480025490200715712e+43	5.343735708378094367e+43
-1.044000000001688022e+00	4.828535600720360127e+43	5.500633011045832573e+43
-1.040999999997438863e+00	6.110873802371361057e+43	7.884341146432765130e+43
-1.279999999969732016e-01	8.467032621033503511e+43	1.254840470754880107e+44
-7.099999999627470970e-02	5.122031974269260193e+43	5.519937768390324219e+43
-4.400000000168802217e-02	6.439344738022182852e+43	7.766048704822834854e+43
-4.099999999743886292e-02	6.408388181905500298e+43	7.299511634588286756e+43
2.999999996973201632e-03	4.207730482685195028e+43	3.466469681577848528e+43
8.720000000030267984e-01	4.963489287138278384e+43	4.341835998258832307e+43
9.290000000037252903e-01	3.896160029562531425e+43	2.855620518437819249e+43
9.559999999983119778e-01	4.429193224261564361e+43	3.430128678321184407e+43
9.590000000025611371e-01	4.189014362831788032e+43	3.019733484787004134e+43
1.002999999996973202e+00	3.424042280840974291e+43	2.019199871899922356e+43
1.872000000003026798e+00	3.784028380716967314e+43	2.295893409550607795e+43
1.929000000003725290e+00	3.265853385026861180e+43	1.767935532665997938e+43
1.955999999998311978e+00	3.518237520605835118e+43	1.946051230012007562e+43
1.959000000002561137e+00	3.332576585446497553e+43	1.753511235585464797e+43
2.002999999996973202e+00	2.985845173298655209e+43	1.368361177446886724e+43
2.872000000003026798e+00	3.193002261384748128e+43	1.482469933991584244e+43
2.929000000003725290e+00	2.885232521812112632e+43	1.236309810862468711e+43
2.955999999998311978e+00	3.033445451499276939e+43	1.310928134149053640e+43
2.959000000002561137e+00	2.938570543697453288e+43	1.220892649880172780e+43
3.002999999996973202e+00	2.749849613324666502e+43	1.031994246174739700e+43
3.872000000003026798e+00	2.888229100787095318e+43	1.089597056963014081e+43
3.929000000003725290e+00	2.704148201482255246e+43	9.562824173615164237e+42
3.955999999998311978e+00	2.804412283076603184e+43	9.932347943396547605e+42
3.959000000002561137e+00	2.749116034810172363e+43	9.433795012933587789e+42
4.002999999996973202e+00	2.630358310228810626e+43	8.339822752086193953e+42
4.872000000003026798e+00	2.733909943019250336e+43	8.680092160177526268e+42
4.929000000003725290e+00	2.614332525126253197e+43	7.874778255109374865e+42
4.955999999998311978e+00	2.688235071103515947e+43	8.076429640935094662e+42
4.959000000002561137e+00	2.654089642516027505e+43	7.771476743359547289e+42
5.002999999996973202e+00	2.571012918314857575e+43	7.059105058495160521e+42
5.872000000003026798e+00	2.653237778694836996e+43	7.276794239209595954e+42
5.929000000003725290e+00	2.571619150621550040e+43	6.754443308239819066e+42
5.955999999998311978e+00	2.629288198949982074e+43	6.870885762087329202e+42
5.959000000002561137e+00	2.608228059630849578e+43	6.674048447062124258e+42
6.002999999996973202e+00	2.545051627947031083e+43	6.168161641784654175e+42
6.872000000003026798e+00	2.582446121151734065e+43	6.159258487748007884e+42
6.929000000003725290e+00	2.522133846503278739e+43	5.801795820182005846e+42
6.955999999998311978e+00	2.568954171882358538e+43	5.872929224427838024e+42
6.959000000002561137e+00	2.557304157506929601e+43	5.747720288242335193e+42
7.002999999996973202e+00	2.507833975736402883e+43	5.378271968394528791e+42
7.872000000003026798e+00	2.509354004578179486e+43	5.238115625020132816e+42
7.929000000003725290e+00	2.464441019017599620e+43	4.988954025875828205e+42
7.955999999998311978e+00	2.503938205158709312e+43	5.036433253764323968e+42
7.959000000002561137e+00	2.499234454888027947e+43	4.960178717409324571e+42
8.002999999996973202e+00	2.459544613652343650e+43	4.683985549406509033e+42
8.872000000003026798e+00	2.432251701601055687e+43	4.473850387896887383e+42
8.929000000003725290e+00	2.399309212225864016e+43	4.298860361326349406e+42
8.955999999998311978e+00	2.433845960414489375e+43	4.334525246515468684e+42
8.959000000002561137e+00	2.434300442681158872e+43	4.292460823611237159e+42
9.002999999996973202e+00	2.401747973205373676e+43	4.081522423023439462e+42
9.872000000003026798e+00	2.350504877581059884e+43	3.838346573533072537e+42
9.929000000003725290e+00	2.331099665992938203e+43	3.725535820337538457e+42
9.955999999998311978e+00	2.362419332246249876e+43	3.756228609672985974e+42
9.959000000002561137e+00	2.366643219352030151e+43	3.738225069201090881e+42
1.000299999999697320e+01	2.339070680871795631e+43	3.572691556180784188e+42
1.087200000000302680e+01	2.268951841402609993e+43	3.322206886644544249e+42
1.092900000000372529e+01	2.259996104855070516e+43	3.253967624012175018e+42
1.095599999999831198e+01	2.284354923300457414e+43	3.266644296116871332e+42
1.095900000000256114e+01	2.291274828431288800e+43	3.265857940050599620e+42
1.100299999999697320e+01	2.267372655715524202e+43	3.133363288971496225e+42
1.187200000000302680e+01	2.183764937261955743e+43	2.893075931519151516e+42
1.192900000000372529e+01	2.182807099640357278e+43	2.857540291534153724e+42
1.195599999999831198e+01	2.152629269330315128e+43	2.740357218016384740e+42
1.195900000000256114e+01	2.160852265295486070e+43	2.750502368406688147e+42
1.200299999999697320e+01	2.141015869195053773e+43	2.648485384853562537e+42
1.287200000000302680e+01	2.059945855918177856e+43	2.448868863635148086e+42
1.292900000000372529e+01	2.063799305670989849e+43	2.434749958797085408e+42
1.295599999999831198e+01	1.980045731198719486e+43	2.262247132017951282e+42
1.295900000000256114e+01	1.988299278837778714e+43	2.277640137620097414e+42
1.300299999999697320e+01	1.974566930111917908e+43	2.204545535970703177e+42
1.387200000000302680e+01	1.903499144790642631e+43	2.046502995312344181e+42
1.391900000000168802e+01	1.909305721966103004e+43	2.031332000374448509e+42
1.392900000000372529e+01	1.915598407420148736e+43	2.030687405968466932e+42
1.395599999999831198e+01	1.789653556487205354e+43	1.855946608437063071e+42
1.395900000000256114e+01	1.796693623550500175e+43	1.871506975709597740e+42
1.400299999999697320e+01	1.796480658624821295e+43	1.839344838687478648e+42
1.487200000000302680e+01	1.737342077906497017e+43	1.714476619581383174e+42
1.491900000000168802e+01	1.740069556261790260e+43	1.698697523647329909e+42
1.492900000000372529e+01	1.746814585816023018e+43	1.704385371599446735e+42
1.495599999999831198e+01	1.642697981729055850e+43	1.564476776679233238e+42
1.495900000000256114e+01	1.648679579873262556e+43	1.579374741358972117e+42
1.500299999999697320e+01	1.657201281651463370e+43	1.575042168325298045e+42
1.587200000000302680e+01	1.594589829144621325e+43	1.459974449558498575e+42
1.591900000000168802e+01	1.595370598892812591e+43	1.444743529213922897e+42
1.592900000000372529e+01	1.601361863137620367e+43	1.451752628677734022e+42
1.595599999999831198e+01	1.515188965643048343e+43	1.337223015692411718e+42
1.595900000000256114e+01	1.519972247842680895e+43	1.349859530134013173e+42
1.600299999999697320e+01	1.534254523838733397e+43	1.365325100385383010e+42
1.687200000000302680e+01	1.471619945128843685e+43	1.260820448365939108e+42
1.691900000000168802e+01	1.473303142430706526e+43	1.250936592618923139e+42
1.692900000000372529e+01	1.478406329104343108e+43	1.257967219505895713e+42
1.695599999999831198e+01	1.406602531994477403e+43	1.162122849626441813e+42
1.695900000000256114e+01	1.408492710201694139e+43	1.163273023815577651e+42
1.700299999999697320e+01	1.425941412706532128e+43	1.191393536888140587e+42
1.787200000000302680e+01	1.373124262237101080e+43	1.104577701046325678e+42
1.791900000000168802e+01	1.375267705812069372e+43	1.098203145863574128e+42
1.792900000000372529e+01	1.379648033028238887e+43	1.105080834008437407e+42
1.795599999999831198e+01	1.318414660178206217e+43	1.023893864329078647e+42
1.795900000000256114e+01	1.319900995337869840e+43	1.024851928282275873e+42
1.800299999999697320e+01	1.334270882760596284e+43	1.047777097688410903e+42
1.887200000000302680e+01	1.289990253549546926e+43	9.757323299964618347e+41
1.891900000000168802e+01	1.292365686670282242e+43	9.717886066973530545e+41
1.892900000000372529e+01	1.296274584374665477e+43	9.789129633635236992e+41
1.895599999999831198e+01	1.243217817492611940e+43	9.094612814120418264e+41
1.895900000000256114e+01	1.244392855571241106e+43	9.102761820014327507e+41
1.900299999999697320e+01	1.256339426253024882e+43	9.291802552497557280e+41
1.987200000000302680e+01	1.218618340420671608e+43	8.686421435056484026e+41
1.991900000000168802e+01	1.221084827973389406e+43	8.664004221379221362e+41
1.992900000000372529e+01	1.224556509833925160e+43	8.735423175118955463e+41
1.995599999999831198e+01	1.177999298883668146e+43	8.135724427610575423e+41
1.995900000000256114e+01	1.178929743891846764e+43	8.142765046876602542e+41
2.000299999999697320e+01	1.188938361286143371e+43	8.300235186989548147e+41
2.087200000000302680e+01	1.156428908871369394e+43	7.786271769218553671e+41
2.091900000000168802e+01	1.158900468117594343e+43	7.775927455106319198e+41
2.092900000000372529e+01	1.161971093015007079e+43	7.846152005973488556e+41
2.095599999999831198e+01	1.120692769696379832e+43	7.323874557795077095e+41
2.095900000000256114e+01	1.121427792299197191e+43	7.330027527878252833e+41
2.100299999999697320e+01	1.129866723363297179e+43	7.462400559552080277e+41
2.187200000000302680e+01	1.101762542357413355e+43	7.023741184036912055e+41
2.191900000000168802e+01	1.104187018940226814e+43	7.022025945550495227e+41
2.192900000000372529e+01	1.106894449243629497e+43	7.090321701664783066e+41
2.195599999999831198e+01	1.069957841963715121e+43	6.631787136655390104e+41
2.195900000000256114e+01	1.070535254549732654e+43	6.637221109561941138e+41
2.200299999999697320e+01	1.077691472297511863e+43	6.749435366182622391e+41
2.287200000000302680e+01	1.053151149627673221e+43	6.371583189268780110e+41
2.291900000000168802e+01	1.055497240045801850e+43	6.376077483837657905e+41
2.292900000000372529e+01	1.057878921680565671e+43	6.442195093131706606e+41
2.295599999999831198e+01	1.024576956153764466e+43	6.036710273696567725e+41
2.295900000000256114e+01	1.025025551733253133e+43	6.041545222894297978e+41
2.300299999999697320e+01	1.031122337640066624e+43	6.137379964778023772e+41
2.387200000000302680e+01	1.009511373420971201e+43	5.809232748040757900e+41
2.391900000000168802e+01	1.011760529455699617e+43	5.818200110641218270e+41
2.392900000000372529e+01	1.013844622462476660e+43	5.881846997536338764e+41
2.395599999999831198e+01	9.836512843102197523e+42	5.521118972844899043e+41
2.395900000000256114e+01	9.839934656041806754e+42	5.525443258475402857e+41
2.400299999999697320e+01	9.892575421652346658e+42	5.609146644892580960e+41
2.487200000000302680e+01	9.700825623945208098e+42	5.322001202684912215e+41
2.491900000000168802e+01	9.722244395378516434e+42	5.334168090705186479e+41
2.492900000000372529e+01	9.740360925004938386e+42	5.395182235825018627e+41
2.495599999999831198e+01	9.475132485023126176e+42	5.079258390741740187e+41
2.495900000000256114e+01	9.477695965216251579e+42	5.083203260387946037e+41
2.500299999999697320e+01	9.530270019115763978e+42	5.174995354555566628e+41
2.587200000000302680e+01	9.357667107822797468e+42	4.920255284387778398e+41
2.591900000000168802e+01	9.377896831288831223e+42	4.934319146086123976e+41
2.592900000000372529e+01	9.393656311367389500e+42	4.992787634335364165e+41
2.595599999999831198e+01	9.156802364884585625e+42	4.712192867917561751e+41
2.595900000000256114e+01	9.158671855666073071e+42	4.715772515579951057e+41
2.600299999999697320e+01	9.210788062351260503e+42	4.813564491903857559e+41
2.687200000000302680e+01	9.054492510339037613e+42	4.585674082337629021e+41
2.691900000000168802e+01	9.073245763542872235e+42	4.600187024666448330e+41
2.692900000000372529e+01	9.086954570335671246e+42	4.656237673059850327e+41
2.695599999999831198e+01	8.868842942997310571e+42	4.401379205168305241e+41
2.695900000000256114e+01	8.870137662070010868e+42	4.404590165923071009e+41
2.700299999999697320e+01	8.921488008234428500e+42	4.506835768221951960e+41
2.787200000000302680e+01	8.786886032587077300e+42	4.308157507960988126e+41
2.791900000000168802e+01	8.804285681991678316e+42	4.322713445653980480e+41
2.792900000000372529e+01	8.816247295320847285e+42	4.376593973741155155e+41
2.795599999999831198e+01	8.613370792710194278e+42	4.142662407149632662e+41
2.795900000000256114e+01	8.614205773900436692e+42	4.145554836496551164e+41
2.800299999999697320e+01	8.664756564722686164e+42	4.251305191495834159e+41
2.887200000000302680e+01	8.547594804813855767e+42	4.076256970133031268e+41
2.891900000000168802e+01	8.563762344428638236e+42	4.090594698364048123e+41
2.892900000000372529e+01	8.574223556867306492e+42	4.142519161897945959e+41
2.895599999999831198e+01	8.383942197364902770e+42	3.925784688892908362e+41
2.895900000000256114e+01	8.384406393758329755e+42	3.928397858649564657e+41
2.900299999999697320e+01	8.433043497576956761e+42	4.033711355052239049e+41
2.987200000000302680e+01	8.330176276003576349e+42	3.878181058608562245e+41
2.991900000000168802e+01	8.345230159473100379e+42	3.892162526752924436e+41
2.992900000000372529e+01	8.354387989412780535e+42	3.942330805220896692e+41
2.995599999999831198e+01	8.174788666695249418e+42	3.740075598418010658e+41
2.995900000000256114e+01	8.174948811387647788e+42	3.742449507304370440e+41
3.000299999999697320e+01	8.215197916493885567e+42	3.827828737733831283e+41
3.087200000000302680e+01	8.124545211411212395e+42	3.689451418901310008e+41
3.091900000000168802e+01	8.138633771103774701e+42	3.703184771975619196e+41
3.092900000000372529e+01	8.146582308661999287e+42	3.751803913759838420e+41
3.095599999999831198e+01	7.976712832103880995e+42	3.563031957286740180e+41
3.095900000000256114e+01	7.976601883161857598e+42	3.565249714407494841e+41
3.100299999999697320e+01	8.009897162069221589e+42	3.634357110930839004e+41
3.187200000000302680e+01	7.929736593387503760e+42	3.511017742253855173e+41
3.191900000000168802e+01	7.942977384755660097e+42	3.524573568369458053e+41
3.192900000000372529e+01	7.949790406045336633e+42	3.571793240560425670e+41
3.195599999999831198e+01	7.788837591169813396e+42	3.395492782387825649e+41
3.195900000000256114e+01	7.788481292438160923e+42	3.397609353006638603e+41
3.200299999999697320e+01	7.815989600495790891e+42	3.453386248255012525e+41
3.287200000000302680e+01	7.744803518638607015e+42	3.343145446723098252e+41
3.291900000000168802e+01	7.757290335955227638e+42	3.356568445136065976e+41
3.292900000000372529e+01	7.762928852714952834e+42	3.401429314683496396e+41
3.295599999999831198e+01	7.610217969042610940e+42	3.236705850491764971e+41
3.295900000000256114e+01	7.609635339886944146e+42	3.238760410727555520e+41
3.300299999999697320e+01	7.632313576327165087e+42	3.283595368924956099e+41
3.387200000000302680e+01	7.568082568016375739e+42	3.184103855293095444e+41
3.391900000000168802e+01	7.579888843948991339e+42	3.197428398354192575e+41
3.392900000000372529e+01	7.584141478032792230e+42	3.236504726300107571e+41
3.395599999999831198e+01	7.440907436157625423e+42	3.083971856882420613e+41
3.395900000000256114e+01	7.440109221251987469e+42	3.086005560314697608e+41
3.400299999999697320e+01	7.459138743468562114e+42	3.122967830525495588e+41
3.487200000000302680e+01	7.400982743271494388e+42	3.033045650924310271e+41
3.491900000000168802e+01	7.412178442705530644e+42	3.046305754931326620e+41
3.492900000000372529e+01	7.415257146974577240e+42	3.080488179187983948e+41
3.495599999999831198e+01	7.287568624532833383e+42	2.943903422092297607e+41
3.495900000000256114e+01	7.286570082833137469e+42	2.945967143231140143e+41
3.500299999999697320e+01	7.303747462530671194e+42	2.979763255292427061e+41
3.587200000000302680e+01	7.249516965791588713e+42	2.897008839842405805e+41
3.591900000000168802e+01	7.260180569716354141e+42	2.910193907823868761e+41
3.592900000000372529e+01	7.262318979787328125e+42	2.940318196003320185e+41
3.595599999999831198e+01	7.147762357128311768e+42	2.817551654170972518e+41
3.595900000000256114e+01	7.146586321648444999e+42	2.819680012188328852e+41
3.600299999999697320e+01	7.162176940960128581e+42	2.850730876659523315e+41
3.687200000000302680e+01	7.105239553476477549e+42	2.768888372509100469e+41
3.691900000000168802e+01	7.115405712710622278e+42	2.781984837009043769e+41
3.692900000000372529e+01	7.116738568442665454e+42	2.808590695509764218e+41
3.695599999999831198e+01	7.013837765996200666e+42	2.698208988469236797e+41
3.695900000000256114e+01	7.012488896016523776e+42	2.700392320686359213e+41
3.700299999999697320e+01	7.026647380357473080e+42	2.728995902811433860e+41
3.787200000000302680e+01	6.967272679785630737e+42	2.648271678658494853e+41
3.791900000000168802e+01	6.976969661351926835e+42	2.661266999363606094e+41
3.792900000000372529e+01	6.977609650583023741e+42	2.684805155421222043e+41
3.795599999999831198e+01	6.885088156175903864e+42	2.585510626099908577e+41
3.795900000000256114e+01	6.883570167536929605e+42	2.587735559310085257e+41
3.800299999999697320e+01	6.896428232477296073e+42	2.614145027364956680e+41
3.887200000000302680e+01	6.836466614272531421e+42	2.535999343389684114e+41
3.891900000000168802e+01	6.845725795088161845e+42	2.548882697349375747e+41
3.892900000000372529e+01	6.845776717097173998e+42	2.569337273489095682e+41
3.895599999999831198e+01	6.761121121105511882e+42	2.479013681228221084e+41
3.895900000000256114e+01	6.759436577387455220e+42	2.481268816909502607e+41
3.900299999999697320e+01	6.772324138889726821e+42	2.509408855306476859e+41
3.987200000000302680e+01	6.719274707343962975e+42	2.439645735571824828e+41
3.991900000000168802e+01	6.728154429664009252e+42	2.452393614334605683e+41
3.992900000000372529e+01	6.727792530117311787e+42	2.468252423990293744e+41
3.995599999999831198e+01	6.642711026866780816e+42	2.380916047276788366e+41
3.995900000000256114e+01	6.640864406528501824e+42	2.383187006967714701e+41
4.000299999999697320e+01	6.658929486551378268e+42	2.429620906266799492e+41
4.087200000000302680e+01	6.611675622492113270e+42	2.366664610473306032e+41
4.091900000000168802e+01	6.620184638549220341e+42	2.379145392690412085e+41
4.092900000000372529e+01	6.619594147867684993e+42	2.391179645140876925e+41
4.095599999999831198e+01	6.533864605516332872e+42	2.305946049305632828e+41
4.095900000000256114e+01	6.531890886088335797e+42	2.308194956625628829e+41
4.100299999999697320e+01	6.554214168953317317e+42	2.370904509516569801e+41
4.187200000000302680e+01	6.506610059150954191e+42	2.309196297596504862e+41
4.191900000000168802e+01	6.514734501387622995e+42	2.321310153810043366e+41
4.192900000000372529e+01	6.514031289469338740e+42	2.330106696734287519e+41
4.195599999999831198e+01	6.428407965477000491e+42	2.246812860522355168e+41
4.195900000000256114e+01	6.426332912584651328e+42	2.248990695856729080e+41
4.200299999999697320e+01	6.446698459437163342e+42	2.307001190087555311e+41
4.287200000000302680e+01	6.399725252676505014e+42	2.247354605381282592e+41
4.291900000000168802e+01	6.407469418730148193e+42	2.259148002605115402e+41
4.292900000000372529e+01	6.406688852781725750e+42	2.265264426004817629e+41
4.295599999999831198e+01	6.321622547880398537e+42	2.184218183293500715e+41
4.295900000000256114e+01	6.319437386702490435e+42	2.186315344631778952e+41
4.300299999999697320e+01	6.337910676111401658e+42	2.239950751711421935e+41
4.387200000000302680e+01	6.291796510766981938e+42	2.182529496383570445e+41
4.391900000000168802e+01	6.299164080474281328e+42	2.194036263760758196e+41
4.392900000000372529e+01	6.298350192882094433e+42	2.197965184587546044e+41
4.395599999999831198e+01	6.214216230905704195e+42	2.119387771427793074e+41
4.395900000000256114e+01	6.211914953986617835e+42	2.121394683702655002e+41
4.400299999999697320e+01	6.228573594998358278e+42	2.170960266149016960e+41
4.487200000000302680e+01	6.183502189782139702e+42	2.115872593240103141e+41
4.491900000000168802e+01	6.190491213440082744e+42	2.127103470912411319e+41
4.492900000000372529e+01	6.189686167499055564e+42	2.129267684711173529e+41
4.495599999999831198e+01	6.106796597447390574e+42	2.053316199659931242e+41
4.495900000000256114e+01	6.104375489824284218e+42	2.055224244299219860e+41
4.500299999999697320e+01	6.119305308359296755e+42	2.101005828275572629e+41
4.587200000000302680e+01	6.075325690233905075e+42	2.048240372996499958e+41
4.591900000000168802e+01	6.081840985689528290e+42	2.058957817902008353e+41
4.592900000000372529e+01	6.081025641667753268e+42	2.060103049488706827e+41
4.595599999999831198e+01	5.999641470535897719e+42	1.986871668487875077e+41
4.595900000000256114e+01	5.997099810984828967e+42	1.988672064922807973e+41
4.600299999999697320e+01	6.010391983051898146e+42	2.030931760824743279e+41
4.687200000000302680e+01	5.967224651598437350e+42	1.980208891986274844e+41
4.691900000000168802e+01	5.973282019421401436e+42	1.990451235508399490e+41
4.692900000000372529e+01	5.972171204839344195e+42	1.992529983000798012e+41
4.695599999999831198e+01	5.892496726268142305e+42	1.921976595853358700e+41
4.695900000000256114e+01	5.889841919080309723e+42	1.923655656062290088e+41
4.700299999999697320e+01	5.901597872932905959e+42	1.962612007590162189e+41
4.787200000000302680e+01	5.859374167211519924e+42	1.913921364089712922e+41
4.791900000000168802e+01	5.864990612616570436e+42	1.923709230657370240e+41
4.792900000000372529e+01	5.863550389704667354e+42	1.926618051055885071e+41
4.795599999999831198e+01	5.785749020821150754e+42	1.858696225452242718e+41
4.795900000000256114e+01	5.782988867061700011e+42	1.860243610595384362e+41
4.800299999999697320e+01	5.793310580463566097e+42	1.896107175446772993e+41
4.887200000000302680e+01	5.752135362303716049e+42	1.849427557652106887e+41
4.891900000000168802e+01	5.757327909658587168e+42	1.858780004268376658e+41
4.892900000000372529e+01	5.755528650557934301e+42	1.862417527558038129e+41
4.895599999999831198e+01	5.679727658533479007e+42	1.797078031889143207e+41
4.895900000000256114e+01	5.676870297897942534e+42	1.798486395647342530e+41
4.900299999999697320e+01	5.685858719280671289e+42	1.831458156275887175e+41
4.987200000000302680e+01	5.645813808779492753e+42	1.786760793738185334e+41
4.991900000000168802e+01	5.650599284685391993e+42	1.795695372839783197e+41
4.992900000000372529e+01	5.648415811401500123e+42	1.799963646733989420e+41
4.995599999999831198e+01	5.574711203762685822e+42	1.737156610803043530e+41
4.995900000000256114e+01	5.571764914427773146e+42	1.738420763598245176e+41
5.000299999999697320e+01	5.579518973294201044e+42	1.768692442444305611e+41
5.087200000000302680e+01	5.540939097797250449e+42	1.726146529072214665e+41
5.091900000000168802e+01	5.545335450579679841e+42	1.734680048947462717e+41
5.092900000000372529e+01	5.542753551666682423e+42	1.739463994872710909e+41
5.095599999999831198e+01	5.471195391788080021e+42	1.679127596596057705e+41
5.095900000000256114e+01	5.468168487208625755e+42	1.680245772408236652e+41
5.100299999999697320e+01	5.474787876588020695e+42	1.708004105789072219e+41
5.187200000000302680e+01	5.439191388117456459e+42	1.668665615166901101e+41
5.191900000000168802e+01	5.443224007382290845e+42	1.676818429462841475e+41
5.192900000000372529e+01	5.440254860078509587e+42	1.681970899610583262e+41
5.195599999999831198e+01	5.370765875984504119e+42	1.623970262087678600e+41
5.195900000000256114e+01	5.367666758719336701e+42	1.624948841914922349e+41
5.200299999999697320e+01	5.373266497542362159e+42	1.650395694828891742e+41
5.287200000000302680e+01	5.340393478311085275e+42	1.613993257087025175e+41
5.291900000000168802e+01	5.344085038824942000e+42	1.621784080107780139e+41
5.292900000000372529e+01	5.340722304837663881e+42	1.627242121666923587e+41
5.295599999999831198e+01	5.273232229423348120e+42	1.571458059684311512e+41
5.295900000000256114e+01	5.270068686173706431e+42	1.572302927540823174e+41
5.300299999999697320e+01	5.274752120411567755e+42	1.595621473410722018e+41
5.387200000000302680e+01	5.244430387311608209e+42	1.561957845358210892e+41
5.391900000000168802e+01	5.247801644300129117e+42	1.569403699948884973e+41
5.392900000000372529e+01	5.244066088258103173e+42	1.575043843531998506e+41
5.395599999999831198e+01	5.178507559209913268e+42	1.521372876886943447e+41
5.395900000000256114e+01	5.175286612911798080e+42	1.522089726241981525e+41
5.400299999999697320e+01	5.179146980640404589e+42	1.543447849418804976e+41
5.487200000000302680e+01	5.151406764038746874e+42	1.512487215373423854e+41
5.491900000000168802e+01	5.154477697553562002e+42	1.519604559569641538e+41
5.492900000000372529e+01	5.150469348331404005e+42	1.525136774128850733e+41
5.495599999999831198e+01	5.086767129501320422e+42	1.473492261490950033e+41
5.495900000000256114e+01	5.083494231875924748e+42	1.474087579686195417e+41
5.500299999999697320e+01	5.086616375551500848e+42	1.493642979092090249e+41
5.587200000000302680e+01	5.061215783744305752e+42	1.465155815898899485e+41
5.591900000000168802e+01	5.064003760740026453e+42	1.471960159215729993e+41
5.592900000000372529e+01	5.059730351031478461e+42	1.477365250884307876e+41
5.595599999999831198e+01	4.998113701301256206e+42	1.427848044966501361e+41
5.595900000000256114e+01	4.994794037199390175e+42	1.428329184307494325e+41
5.600299999999697320e+01	4.997264069134127161e+42	1.446287534445896911e+41
5.687200000000302680e+01	4.973978260316797754e+42	1.420058061018912895e+41
5.691900000000168802e+01	4.976500314163514503e+42	1.426563720632242554e+41
5.692900000000372529e+01	4.971970711430224022e+42	1.431827451846890959e+41
5.695599999999831198e+01	4.917232716128045477e+42	1.387275269552842546e+41
5.695900000000256114e+01	4.913871443517560642e+42	1.387672152461815989e+41
5.700299999999697320e+01	4.915863980691564242e+42	1.404736249183123429e+41
5.787200000000302680e+01	4.894412605581004475e+42	1.380478973420123975e+41
5.791900000000168802e+01	4.896709772059860973e+42	1.386713238591478691e+41
5.792900000000372529e+01	4.891947035334314999e+42	1.391877971149949924e+41
5.795599999999831198e+01	4.842991540922321096e+42	1.351559952582698906e+41
5.795900000000256114e+01	4.839593086964111446e+42	1.351895232280329562e+41
5.800299999999697320e+01	4.841191611980389293e+42	1.368160895816026453e+41
5.887200000000302680e+01	4.821602042895811965e+42	1.345828388791140737e+41
5.891900000000168802e+01	4.823710593076019323e+42	1.351817828994794053e+41
5.892900000000372529e+01	4.818735276864931455e+42	1.356923013514060870e+41
5.895599999999831198e+01	4.774680280572590909e+42	1.320225839795787880e+41
5.895900000000256114e+01	4.771248194985357273e+42	1.320519230586837014e+41
5.900299999999697320e+01	4.772526356029887004e+42	1.336075831415030082e+41
5.987200000000302680e+01	4.754508208419996116e+42	1.315384479621535399e+41
5.991900000000168802e+01	4.756458687997961992e+42	1.321153292375885506e+41
5.992900000000372529e+01	4.751288668758082917e+42	1.326232699937292406e+41
5.995599999999831198e+01	4.711462998777055452e+42	1.292673691391549581e+41
5.995900000000256114e+01	4.708000144058979442e+42	1.292941115153403549e+41
6.000299999999697320e+01	4.709020057037919708e+42	1.307867671968125702e+41
6.087200000000302680e+01	4.692226625640597083e+42	1.288497323498955753e+41
6.091900000000168802e+01	4.694044600415239719e+42	1.294067342231093379e+41
6.092900000000372529e+01	4.688838106500287553e+42	1.298913584758398134e+41
6.095599999999831198e+01	4.652653539907856359e+42	1.268079102159813633e+41
6.095900000000256114e+01	4.649161210374647806e+42	1.268333532577607532e+41
6.100299999999697320e+01	4.649971258529599858e+42	1.282697496106322359e+41
6.187200000000302680e+01	4.633495184639391470e+42	1.263913940339851356e+41
6.191900000000168802e+01	4.635197684650620696e+42	1.269301947856402919e+41
6.192900000000372529e+01	4.630438204776776260e+42	1.273208916433676656e+41
6.195599999999831198e+01	4.597452938856222354e+42	1.244823424458382683e+41
6.195900000000256114e+01	4.593928376816395275e+42	1.245073231758456599e+41
6.200299999999697320e+01	4.594552671406278428e+42	1.258922107412006840e+41
6.287200000000302680e+01	4.578336377918998090e+42	1.240668223015827234e+41
6.291900000000168802e+01	4.579935577624984794e+42	1.245890482808500549e+41
6.292900000000372529e+01	4.575591547939709763e+42	1.249005861303466132e+41
6.295599999999831198e+01	4.544361785162817612e+42	1.222147400701506510e+41
6.295900000000256114e+01	4.540803222457552794e+42	1.222394293026844839e+41
6.300299999999697320e+01	4.541311910201602764e+42	1.237648852695143020e+41
6.387200000000302680e+01	4.525312644677088005e+42	1.219855432792640486e+41
6.391900000000168802e+01	4.526819315242247858e+42	1.224917673178384876e+41
6.392900000000372529e+01	4.522723476548065263e+42	1.227558473474181805e+41
6.395599999999831198e+01	4.488173695317351071e+42	1.198991661249085018e+41
6.395900000000256114e+01	4.484588979008767938e+42	1.199214186040330944e+41
6.400299999999697320e+01	4.485098233183886714e+42	1.223508611809983909e+41
6.487200000000302680e+01	4.469316051228769400e+42	1.206043092918917099e+41
6.491900000000168802e+01	4.470739606330900365e+42	1.210916387006303729e+41
6.492900000000372529e+01	4.466400074305259756e+42	1.213813032057432170e+41
6.495599999999831198e+01	4.428341863094523395e+42	1.183172449274655015e+41
6.495900000000256114e+01	4.424767861250361808e+42	1.183351771711874264e+41
6.500299999999697320e+01	4.425267714625863911e+42	1.218931370481933803e+41
6.587200000000302680e+01	4.409680338781469756e+42	1.201599480955157968e+41
6.591900000000168802e+01	4.411037634277919736e+42	1.206254943206198979e+41
6.592900000000372529e+01	4.406522398825344765e+42	1.209375145174922929e+41
6.595599999999831198e+01	4.364699757667352350e+42	1.176105278523032830e+41
6.595900000000256114e+01	4.361177509119487165e+42	1.176225106875112982e+41
6.600299999999697320e+01	4.361799696792772884e+42	1.225844569330523463e+41
6.687200000000302680e+01	4.346572516076641414e+42	1.208573136865844830e+41
6.691900000000168802e+01	4.347884228322167279e+42	1.212981711402501228e+41
6.692900000000372529e+01	4.343224113902485755e+42	1.216375162026348452e+41
6.695599999999831198e+01	4.297272436291559242e+42	1.179651421029407345e+41
6.695900000000256114e+01	4.293846722307420265e+42	1.179698953442790691e+41
6.700299999999697320e+01	4.294999361675235233e+42	1.246855526436410416e+41
6.787200000000302680e+01	4.281160450919666630e+42	1.230268365655332969e+41
6.791900000000168802e+01	4.282452382714989229e+42	1.234400018537383306e+41
6.792900000000372529e+01	4.277579524437362472e+42	1.238309525090314185e+41
6.795599999999831198e+01	4.226919619279746725e+42	1.196872180130269205e+41
6.795900000000256114e+01	4.223638269658877368e+42	1.196841360267087504e+41
6.800299999999697320e+01	4.225649190968881380e+42	1.273708209219445620e+41
6.887200000000302680e+01	4.213091560946996541e+42	1.257728304297564073e+41
6.891900000000168802e+01	4.214361780132976008e+42	1.261562905572480801e+41
6.892900000000372529e+01	4.209331469808343221e+42	1.265985764699711453e+41
6.895599999999831198e+01	4.153611000400320203e+42	1.218937239228720865e+41
6.895900000000256114e+01	4.150493225815182445e+42	1.218820397208089724e+41
6.900299999999697320e+01	4.152033746627970375e+42	1.271295495529739239e+41
6.987200000000302680e+01	4.140936149301523404e+42	1.256523321666003251e+41
6.991900000000168802e+01	4.142100938725281628e+42	1.260023076133470169e+41
6.992900000000372529e+01	4.136963586630963955e+42	1.264550065419001597e+41
6.995599999999831198e+01	4.078433052815614015e+42	1.214432159028923815e+41
6.995900000000256114e+01	4.075414025435592711e+42	1.214220177402112610e+41
7.000299999999697320e+01	4.076096226463681145e+42	1.248591458184377427e+41
7.087200000000302680e+01	4.066258883660797562e+42	1.235099938214364087e+41
7.091900000000168802e+01	4.067207171292531584e+42	1.237921925915451456e+41
7.092900000000372529e+01	4.062525363756118215e+42	1.241512104377701744e+41
7.095599999999831198e+01	4.007570940618468781e+42	1.193881520842072830e+41
7.095900000000256114e+01	4.004602944541885971e+42	1.193589338007155206e+41
7.100299999999697320e+01	4.004638342167574664e+42	1.215162630295388592e+41
7.187200000000302680e+01	3.995099920303904314e+42	1.202201593726744611e+41
7.191900000000168802e+01	3.995850776953354840e+42	1.204466848962763478e+41
7.192900000000372529e+01	3.991527882239170306e+42	1.207242372712650327e+41
7.195599999999831198e+01	3.940228038246595559e+42	1.162797288676731557e+41
7.195900000000256114e+01	3.937352380757710931e+42	1.162388782069561895e+41
7.200299999999697320e+01	3.936986941880419627e+42	1.176693682360017777e+41
7.287200000000302680e+01	3.927767352408052680e+42	1.164351741346462583e+41
7.291900000000168802e+01	3.928345714170821025e+42	1.166154505746927788e+41
7.292900000000372529e+01	3.924271277774868354e+42	1.168299300129115592e+41
7.295599999999831198e+01	3.876501954432608507e+42	1.127254272465874564e+41
7.295900000000256114e+01	3.873993245659323392e+42	1.126587592112009467e+41
7.300299999999697320e+01	3.873226163707685765e+42	1.140067200443959447e+41
7.387200000000302680e+01	3.864296542557135829e+42	1.128314784257860021e+41
7.391900000000168802e+01	3.864732492204201295e+42	1.129721188345730857e+41
7.392900000000372529e+01	3.860706858291420813e+42	1.131527552528013880e+41
7.395599999999831198e+01	3.816131685665738131e+42	1.093621378021776159e+41
7.395900000000256114e+01	3.813954894684611936e+42	1.092760098548953301e+41
7.400299999999697320e+01	3.812812043002486133e+42	1.105459534560359696e+41
7.487200000000302680e+01	3.804146621409736319e+42	1.094264587851872862e+41
7.491900000000168802e+01	3.804486470279641648e+42	1.095484794594564834e+41
7.492900000000372529e+01	3.800511672181303508e+42	1.096991599101378366e+41
7.495599999999831198e+01	3.758829493110888031e+42	1.061975007844184083e+41
7.495900000000256114e+01	3.756804269196553217e+42	1.061030085687356172e+41
7.500299999999697320e+01	3.755312201860046314e+42	1.072991102926099415e+41
7.587200000000302680e+01	3.746887634189421668e+42	1.062320406983698955e+41
7.591900000000168802e+01	3.747239428893348032e+42	1.064242599882224790e+41
7.592900000000372529e+01	3.743322913187134499e+42	1.065486034798548610e+41
7.595599999999831198e+01	3.704235288366635183e+42	1.033072652431773961e+41
7.595900000000256114e+01	3.701717007174608568e+42	1.032311637783130699e+41
7.600299999999697320e+01	3.699917038146312098e+42	1.043577891279327694e+41
7.687200000000302680e+01	3.691706635320195304e+42	1.033380471696355862e+41
7.691900000000168802e+01	3.692044744145131206e+42	1.036027782235784565e+41
7.692900000000372529e+01	3.688197003407422952e+42	1.037038501462199224e+41
7.695599999999831198e+01	3.651444289161330139e+42	1.006939523027626301e+41
7.695900000000256114e+01	3.648393289561001198e+42	1.006368768537327541e+41
7.700299999999697320e+01	3.646325149368908004e+42	1.016983147597830611e+41
7.787200000000302680e+01	3.638304784272984228e+42	1.007211449632289633e+41
7.791900000000168802e+01	3.638603628509524234e+42	1.010610940981327958e+41
7.792900000000372529e+01	3.634273845071043422e+42	1.011843356973268011e+41
7.795599999999831198e+01	3.599621274753421314e+42	9.837576315090287493e+40
7.795900000000256114e+01	3.596000707770890038e+42	9.833838905534702420e+40
7.800299999999697320e+01	3.593711424214271423e+42	9.933921045318093531e+40
7.887200000000302680e+01	3.585858109458988039e+42	9.839912831498979918e+40
7.891900000000168802e+01	3.586095572115828247e+42	9.881757493208562086e+40
7.892900000000372529e+01	3.579604045978671610e+42	9.909184711944738157e+40
7.895599999999831198e+01	3.546830495375458633e+42	9.644604939276344832e+40
7.895900000000256114e+01	3.542625654408287707e+42	9.642859663410052630e+40
7.900299999999697320e+01	3.540246758235221614e+42	9.734487166314756899e+40
7.987200000000302680e+01	3.532538725916310120e+42	9.643426782787362173e+40
7.991900000000168802e+01	3.532703736168895306e+42	9.693567296517693788e+40
7.992900000000372529e+01	3.527866084750445468e+42	9.706944514798950637e+40
7.995599999999831198e+01	3.496817208945228979e+42	9.458017383361630625e+40
7.995900000000256114e+01	3.492020602347402482e+42	9.458172566339715923e+40
8.000299999999697320e+01	3.489673832463032403e+42	9.537264468392486944e+40
8.087200000000302680e+01	3.482099951343927631e+42	9.449200033674326588e+40
8.091900000000168802e+01	3.482156519801289506e+42	9.508028388643428659e+40
8.092900000000372529e+01	3.477372008202413588e+42	9.519805174624429760e+40
8.095599999999831198e+01	3.447905351779717187e+42	9.285077945259878181e+40
8.095900000000256114e+01	3.442481228186365783e+42	9.287176418444074484e+40
8.100299999999697320e+01	3.439801663904730634e+42	9.370510437939860709e+40
8.187200000000302680e+01	3.432334603541122464e+42	9.284837169015503097e+40
8.192900000000372529e+01	3.427705923577735252e+42	9.294011177832605448e+40
8.195599999999831198e+01	3.399939591833630009e+42	9.075530265058643564e+40
8.195900000000256114e+01	3.393949631352592823e+42	9.079013824226108064e+40
8.200299999999697320e+01	3.390829768848914966e+42	9.166164991391750230e+40
8.287200000000302680e+01	3.383531102588700342e+42	9.083791111407918882e+40
8.292900000000372529e+01	3.379070396506250854e+42	9.090768296478014582e+40
8.295599999999831198e+01	3.352854005105286778e+42	8.886798160462642319e+40
8.295900000000256114e+01	3.346790592515223396e+42	8.889763234130484321e+40
8.300299999999697320e+01	3.343214823322640236e+42	8.980521384676365141e+40
8.387200000000302680e+01	3.336066875243360434e+42	8.901151454361266518e+40
8.392900000000372529e+01	3.331642286986830620e+42	8.906910534943835914e+40
8.395599999999831198e+01	3.306638584678060196e+42	8.714722539616257419e+40
8.395900000000256114e+01	3.300511107657417561e+42	8.717186511726039599e+40
8.400299999999697320e+01	3.296468322392884707e+42	8.811253211222145429e+40
8.487200000000302680e+01	3.289458574599692253e+42	8.734637725477632940e+40
8.492900000000372529e+01	3.284777305943937027e+42	8.740833192419706935e+40
8.495599999999831198e+01	3.259994288223812067e+42	8.553682153253581634e+40
8.495900000000256114e+01	3.253816355729397123e+42	8.555596042279167217e+40
8.500299999999697320e+01	3.249295855833812193e+42	8.652241595040450184e+40
8.587200000000302680e+01	3.242430901752363637e+42	8.578342946224815707e+40
8.592900000000372529e+01	3.237668414143789169e+42	8.584004005109020403e+40
8.595599999999831198e+01	3.213129051756260563e+42	8.402014701857447966e+40
8.595900000000256114e+01	3.206912541732442527e+42	8.403341265474201563e+40
8.600299999999697320e+01	3.201893060479382529e+42	8.502082091540842485e+40
8.687200000000302680e+01	3.195251276156825455e+42	8.431425817412820339e+40
8.692900000000372529e+01	3.188497940261796540e+42	8.445944766751359501e+40
8.695599999999831198e+01	3.164209769274949124e+42	8.268197637150704743e+40
8.695900000000256114e+01	3.157982667155773922e+42	8.268902608362942647e+40
8.700299999999697320e+01	3.152484035845665720e+42	8.369522814461178230e+40
8.787200000000302680e+01	3.146445713117943179e+42	8.304579499837379782e+40
8.792900000000372529e+01	3.139500707948005579e+42	8.318787472228676833e+40
8.795599999999831198e+01	3.115452672149454843e+42	8.144987200525118530e+40
8.795900000000256114e+01	3.109225815791339302e+42	8.145079862009912561e+40
8.800299999999697320e+01	3.103245118717735265e+42	8.247348757485826436e+40
8.887200000000302680e+01	3.097754272165428207e+42	8.187554163767856733e+40
8.892900000000372529e+01	3.091043635508802971e+42	8.199482587648669901e+40
8.895599999999831198e+01	3.067226491308218991e+42	8.029546116138748645e+40
8.895900000000256114e+01	3.060963669503724213e+42	8.029151786304575592e+40
8.900299999999697320e+01	3.054491502708803511e+42	8.132795403985547799e+40
8.992900000000372529e+01	3.049418839498818676e+42	8.137228034968363717e+40
8.995599999999831198e+01	3.025402661082226653e+42	7.965565154569703604e+40
8.995900000000256114e+01	3.018912775429708944e+42	7.965369945191202305e+40
9.000299999999697320e+01	3.012041568590267286e+42	8.073025631287832706e+40
9.092900000000372529e+01	3.006949089710175035e+42	8.077233174071796690e+40
9.095599999999831198e+01	2.982762130455113339e+42	7.903877601403503093e+40
9.095900000000256114e+01	2.976054923319506664e+42	7.903806492184712222e+40
9.100299999999697320e+01	2.968780808139998799e+42	8.015245781323352465e+40
9.192900000000372529e+01	2.963679053644030670e+42	8.019174377089434296e+40
9.195599999999831198e+01	2.939350653895224496e+42	7.844193393894018355e+40
9.195900000000256114e+01	2.932436364728942752e+42	7.844171716075616089e+40
9.200299999999697320e+01	2.924756382655565097e+42	7.959153838301254163e+40
9.295900000000256114e+01	2.917505346849606811e+42	7.961149400671979069e+40
9.395900000000256114e+01	2.909767670424358813e+42	7.964721938883842632e+40
9.495900000000256114e+01	2.901576902106532865e+42	7.969861097346109278e+40
9.595900000000256114e+01	2.893114730287753349e+42	7.976115505676393909e+40
9.695900000000256114e+01	2.884380992746967931e+42	7.983509666221260771e+40
9.795900000000256114e+01	2.875375506080029731e+42	7.992067365224093003e+40
9.895900000000256114e+01	2.866098112122678438e+42	8.001812427453425224e+40
9.995900000000256114e+01	2.856548753743590669e+42	8.012769875046916243e+40
1.009590000000025611e+02	2.846727174537339995e+42	8.024958657426584574e+40
1.019590000000025611e+02	2.836634182556023769e+42	8.038425476732536677e+40
1.029590000000025611e+02	2.826269363608179358e+42	8.053187308492631531e+40
1.039590000000025611e+02	2.815632895831148884e+42	8.069274700766671952e+40
1.049590000000025611e+02	2.804724989465110592e+42	8.086719563396798138e+40
1.059590000000025611e+02	2.793545988633781699e+42	8.105556750234186094e+40
1.069590000000025611e+02	2.782096260258909451e+42	8.125822804612885569e+40
1.079590000000025611e+02	2.770376378178405189e+42	8.147559232450129842e+40
1.089590000000025611e+02	2.758386946131246240e+42	8.170809358562451774e+40
1.099590000000025611e+02	2.746128725365142615e+42	8.195620210819638518e+40
1.109590000000025611e+02	2.733602637594968903e+42	8.222044741269281241e+40
1.119590000000025611e+02	2.720809784231847827e+42	8.250139900267255676e+40
1.129590000000025611e+02	2.707751400041425356e+42	8.279968145954919538e+40
1.139590000000025611e+02	2.694428965940356685e+42	8.311598409370901524e+40
1.149590000000025611e+02	2.680844176514452796e+42	8.345107033991584005e+40
1.159590000000025611e+02	2.666998983615941184e+42	8.380577846957784982e+40
1.169590000000025611e+02	2.652895636570142201e+42	8.418103820764937872e+40
1.179590000000025611e+02	2.638536635951246956e+42	8.457787408146679211e+40
1.189590000000025611e+02	2.623924889871200597e+42	8.499742382730239370e+40
1.199590000000025611e+02	2.609063621625822492e+42	8.544094797057398053e+40
1.209590000000025611e+02	2.593956484217570811e+42	8.590984462852048372e+40
1.219590000000025611e+02	2.578607640350856488e+42	8.640568458205896291e+40
1.229590000000025611e+02	2.563021680188333969e+42	8.693018809006076681e+40
1.239590000000025611e+02	2.547203734401546812e+42	8.748528184841643024e+40
1.249590000000025611e+02	2.531159622100841821e+42	8.807312882708633208e+40
1.259590000000025611e+02	2.514895798880730246e+42	8.869612870302643188e+40
1.269590000000025611e+02	2.498419403105834805e+42	8.935696290847773227e+40
1.279590000000025611e+02	2.481738510397159031e+42	9.005865024556955894e+40
1.289590000000025611e+02	2.464881862005962842e+42	9.080971668038647106e+40
1.299590000000025611e+02	2.447823646501553530e+42	9.160474633518897820e+40
1.309590000000025611e+02	2.430591490011530579e+42	9.245223133014984818e+40
1.319590000000025611e+02	2.413197882740870665e+42	9.335701820034995851e+40
1.329590000000025611e+02	2.395656774069957994e+42	9.432456808416582113e+40
1.339590000000025611e+02	2.377983590494117490e+42	9.536101853476604170e+40
1.349590000000025611e+02	2.360195669564655663e+42	9.647333610190551135e+40
1.359590000000025611e+02	2.342312372175511816e+42	9.766943528988216094e+40
1.369590000000025611e+02	2.324355652511181118e+42	9.895836027184624597e+40
1.379590000000025611e+02	2.306349781304512886e+42	1.003503182237287651e+41
