-6.000000000000000000e+00 1.736139257671455383e+01 2.134320075063877650e-02 4.746479738374900080e+03
-5.000000000000000000e+00 1.742074756266917746e+01 2.913397784424035658e-02 4.810159607929400408e+03
-5.000000000000000000e+00 1.683955907394559404e+01 3.069728801283212738e-02 7.503030499846599923e+03
-5.000000000000000000e+00 1.717631808469561250e+01 1.836369957891087132e-02 6.366384590269700311e+03
-5.000000000000000000e+00 1.738773666273604945e+01 2.108678294842107961e-02 4.746479738374900080e+03
-4.000000000000000000e+00 1.744776994303429163e+01 2.873490009334169273e-02 4.810159607929400408e+03
-4.000000000000000000e+00 1.689706786349856671e+01 3.030738898727926983e-02 7.503030499846599923e+03
-4.000000000000000000e+00 1.724722429849331107e+01 1.828294549695252610e-02 6.366384590269700311e+03
-4.000000000000000000e+00 1.742186371265491118e+01 2.084700604240826219e-02 4.746479738374900080e+03
-3.000000000000000000e+00 1.747479227792562639e+01 2.834712562572564917e-02 4.810159607929400408e+03
-3.000000000000000000e+00 1.695457665305153583e+01 2.992032883274502522e-02 7.503030499846599923e+03
-3.000000000000000000e+00 1.735639788117781279e+01 1.820462863790128089e-02 6.366384590269700311e+03
-3.000000000000000000e+00 1.749658964988531906e+01 2.062442446523375314e-02 4.746479738374900080e+03
-2.000000000000000000e+00 1.750181457207839486e+01 2.797102136338960529e-02 4.810159607929400408e+03
-2.000000000000000000e+00 1.701208544260450850e+01 2.953619955800970351e-02 7.503030499846599923e+03
-2.000000000000000000e+00 1.740796638649518613e+01 1.812878606835267165e-02 6.366384590269700311e+03
-2.000000000000000000e+00 1.747039257671455204e+01 2.041955628015682325e-02 4.746479738374900080e+03
-1.000000000000000000e+00 1.752883683022756500e+01 2.760696310316108557e-02 4.810159607929400408e+03
-1.000000000000000000e+00 1.706959423215748117e+01 2.915509749218238994e-02 7.503030499846599923e+03
-1.000000000000000000e+00 1.743083856866320858e+01 1.805545356847846478e-02 6.366384590269700311e+03
-1.000000000000000000e+00 1.747039257671455204e+01 2.023288262806121826e-02 4.746479738374900080e+03
0.000000000000000000e+00 1.755585905710785966e+01 2.725533451539013940e-02 4.810159607929400408e+03
0.000000000000000000e+00 1.712710302171045029e+01 2.877712347545113847e-02 7.503030499846599923e+03
0.000000000000000000e+00 1.745371075245051884e+01 1.798466596488543234e-02 6.366384590269700311e+03
0.000000000000000000e+00 1.747039257671455204e+01 2.006484793445553402e-02 4.746479738374900080e+03
0.000000000000000000e+00 1.748897978417191013e+01 2.018209787609882497e-02 6.155465981472800195e+03
0.000000000000000000e+00 1.758254538559595659e+01 2.691652594997650735e-02 4.810159607929400408e+03
0.000000000000000000e+00 1.718461181126342296e+01 2.840238305423163634e-02 7.503030499846599923e+03
0.000000000000000000e+00 1.747658293774063765e+01 1.791645753212139924e-02 6.366384590269700311e+03
0.000000000000000000e+00 1.747039257671455204e+01 1.991586238706526471e-02 4.746479738374900080e+03
0.000000000000000000e+00 1.748675596781609798e+01 1.994989409198384689e-02 6.155465981472800195e+03
1.000000000000000000e+00 1.756758358169887302e+01 2.659092654695285537e-02 4.810159607929400408e+03
1.000000000000000000e+00 1.724212060081639564e+01 2.803098668007787328e-02 7.503030499846599923e+03
1.000000000000000000e+00 1.749086353904307956e+01 1.785086201848328294e-02 6.366384590269700311e+03
1.000000000000000000e+00 1.747626514580337798e+01 1.978629828995160517e-02 4.746479738374900080e+03
1.000000000000000000e+00 1.748453215146028583e+01 1.972068736994363539e-02 6.155465981472800195e+03
2.000000000000000000e+00 1.755262175945406966e+01 2.627890381185294180e-02 4.810159607929400408e+03
2.000000000000000000e+00 1.729962939036936476e+01 2.766304991160443635e-02 7.503030499846599923e+03
2.000000000000000000e+00 1.746072534564491718e+01 1.778791224763429449e-02 6.366384590269700311e+03
2.000000000000000000e+00 1.751976565757415116e+01 1.967648241023373795e-02 4.746479738374900080e+03
2.000000000000000000e+00 1.748230833510447724e+01 1.949457938040852906e-02 6.155465981472800195e+03
3.000000000000000000e+00 1.753765992232382587e+01 2.598082114074759530e-02 4.810159607929400408e+03
3.000000000000000000e+00 1.735713817992233743e+01 2.729869361848168488e-02 7.503030499846599923e+03
3.000000000000000000e+00 1.748581434682040481e+01 1.772763926060411457e-02 6.366384590269700311e+03
3.000000000000000000e+00 1.754397816230029150e+01 1.958668691875183748e-02 4.746479738374900080e+03
3.000000000000000000e+00 1.748008451874866509e+01 1.927167543312202636e-02 6.155465981472800195e+03
4.000000000000000000e+00 1.752269807377033572e+01 2.569704221594505331e-02 4.810159607929400408e+03
4.000000000000000000e+00 1.741464696947531010e+01 2.693804418638885700e-02 7.503030499846599923e+03
4.000000000000000000e+00 1.745002897616793192e+01 1.767007245398481349e-02 6.366384590269700311e+03
4.000000000000000000e+00 1.748351019506496229e+01 1.951712863858287919e-02 4.746479738374900080e+03
4.000000000000000000e+00 1.747786070239285294e+01 1.905208452102352679e-02 6.155465981472800195e+03
5.000000000000000000e+00 1.750773621725570806e+01 2.542792902580208805e-02 4.810159607929400408e+03
5.000000000000000000e+00 1.747215575902827922e+01 2.658123372157784534e-02 7.503030499846599923e+03
5.000000000000000000e+00 1.748084104793928617e+01 1.761523964400704342e-02 6.366384590269700311e+03
5.000000000000000000e+00 1.743470590028717382e+01 1.946795997306732459e-02 4.746479738374900080e+03
5.000000000000000000e+00 1.747563688603704080e+01 1.883591935152049285e-02 6.155465981472800195e+03
6.000000000000000000e+00 1.749286978144376548e+01 2.517383970448581684e-02 4.810159607929400408e+03
6.000000000000000000e+00 1.752565534645009038e+01 2.622840025306740278e-02 7.503030499846599923e+03
6.000000000000000000e+00 1.751428715203572040e+01 1.756316683695504158e-02 6.366384590269700311e+03
6.000000000000000000e+00 1.738899405091616401e+01 1.943926660326846662e-02 4.746479738374900080e+03
6.000000000000000000e+00 1.747341306968123220e+01 1.862329636321001167e-02 6.155465981472800195e+03
7.000000000000000000e+00 1.747967505264461963e+01 2.493512268063461518e-02 4.810159607929400408e+03
7.000000000000000000e+00 1.750891965208782253e+01 2.587968502591380185e-02 7.503030499846599923e+03
7.000000000000000000e+00 1.747349256415895624e+01 1.751387828926891793e-02 6.366384590269700311e+03
7.000000000000000000e+00 1.736344122536329238e+01 1.943107009991896367e-02 4.746479738374900080e+03
7.000000000000000000e+00 1.747118925332542005e+01 1.841433572598415516e-02 6.155465981472800195e+03
8.000000000000000000e+00 1.746648032565205000e+01 2.471210575924784672e-02 4.810159607929400408e+03
8.000000000000000000e+00 1.749218395772555112e+01 2.553522571723979701e-02 7.503030499846599923e+03
8.000000000000000000e+00 1.741678692973398768e+01 1.746739648077578339e-02 6.366384590269700311e+03
8.000000000000000000e+00 1.733425387425382169e+01 1.944332230667461525e-02 4.746479738374900080e+03
8.000000000000000000e+00 1.746896543696960791e+01 1.820916132229255177e-02 6.155465981472800195e+03
9.000000000000000000e+00 1.745328560334137080e+01 2.450510308709407184e-02 4.810159607929400408e+03
9.000000000000000000e+00 1.747544826336327972e+01 2.519516443699270497e-02 7.503030499846599923e+03
9.000000000000000000e+00 1.755650760027772250e+01 1.742374204866244461e-02 6.366384590269700311e+03
9.000000000000000000e+00 1.729604812136618364e+01 1.947591114617822777e-02 4.746479738374900080e+03
9.000000000000000000e+00 1.723161668814378444e+01 3.148430519700495117e-02 8.668363561034300801e+03
9.000000000000000000e+00 1.746674162061379576e+01 1.800790070723029893e-02 6.155465981472800195e+03
1.000000000000000000e+01 1.743935622877895852e+01 2.431441516015134946e-02 4.810159607929400408e+03
1.000000000000000000e+01 1.745871256900100832e+01 2.485965004097683353e-02 7.503030499846599923e+03
1.000000000000000000e+01 1.746643179458726891e+01 1.738293349652738490e-02 6.366384590269700311e+03
1.000000000000000000e+01 1.732606267980772330e+01 1.952865536559580950e-02 4.746479738374900080e+03
1.000000000000000000e+01 1.725681830104700509e+01 3.117372245614603854e-02 8.668363561034300801e+03
1.000000000000000000e+01 1.746451780425798717e+01 1.781068504498012003e-02 6.155465981472800195e+03
1.100000000000000000e+01 1.740389910575234111e+01 2.414031809801739023e-02 4.810159607929400408e+03
1.100000000000000000e+01 1.744197687463873692e+01 2.452883833164358485e-02 7.503030499846599923e+03
1.100000000000000000e+01 1.738281850719539889e+01 1.734498768435369098e-02 6.366384590269700311e+03
1.100000000000000000e+01 1.724771233803422632e+01 1.960130738452832075e-02 4.746479738374900080e+03
1.100000000000000000e+01 1.728201991395022574e+01 3.087143094881037234e-02 8.668363561034300801e+03
1.100000000000000000e+01 1.746229398790217502e+01 1.761764901905401789e-02 6.155465981472800195e+03
1.200000000000000000e+01 1.736844199460076865e+01 2.398303977750738600e-02 4.810159607929400408e+03
1.200000000000000000e+01 1.742524118027646551e+01 2.420289224563720171e-02 7.503030499846599923e+03
1.200000000000000000e+01 1.733762129822424924e+01 1.730992022988320916e-02 6.366384590269700311e+03
1.200000000000000000e+01 1.726420935453127470e+01 1.969355858008517771e-02 4.746479738374900080e+03
1.200000000000000000e+01 1.730722152685344994e+01 3.057767391349209760e-02 8.668363561034300801e+03
1.200000000000000000e+01 1.746007017154636287e+01 1.742893071371942951e-02 6.155465981472800195e+03
1.300000000000000000e+01 1.733298489681252263e+01 2.384278038953002374e-02 4.810159607929400408e+03
1.300000000000000000e+01 1.740850548591419411e+01 2.388198202440561940e-02 7.503030499846599923e+03
1.300000000000000000e+01 1.729242408963759559e+01 1.727774543566886270e-02 6.366384590269700311e+03
1.300000000000000000e+01 1.728070637102831952e+01 1.980504728727306221e-02 4.746479738374900080e+03
1.300000000000000000e+01 1.733081220368652708e+01 3.029269786845314658e-02 8.668363561034300801e+03
1.300000000000000000e+01 1.745752830518899756e+01 1.724467146384757107e-02 6.155465981472800195e+03
1.400000000000000000e+01 1.729752781387595917e+01 2.371971702940393542e-02 4.810159607929400408e+03
1.400000000000000000e+01 1.739176979155192271e+01 2.356628536373700858e-02 7.503030499846599923e+03
1.400000000000000000e+01 1.725796305393844676e+01 1.724847641022348235e-02 6.366384590269700311e+03
1.400000000000000000e+01 1.729018105735012156e+01 1.993536728798319183e-02 4.746479738374900080e+03
1.400000000000000000e+01 1.730567206439654271e+01 3.001675155525120042e-02 8.668363561034300801e+03
1.400000000000000000e+01 1.745000365547441490e+01 1.706501512289972447e-02 6.155465981472800195e+03
1.500000000000000000e+01 1.726207074727951962e+01 2.361400176085547142e-02 4.810159607929400408e+03
1.500000000000000000e+01 1.737503409718965131e+01 2.325598753761449686e-02 7.503030499846599923e+03
1.500000000000000000e+01 1.729229305011559248e+01 1.722212502507210197e-02 6.366384590269700311e+03
1.500000000000000000e+01 1.725672656978779074e+01 2.008407277140391786e-02 4.746479738374900080e+03
1.500000000000000000e+01 1.728053192510656189e+01 2.975008398228009068e-02 8.668363561034300801e+03
1.500000000000000000e+01 1.744247900575983223e+01 1.689010656011490433e-02 6.155465981472800195e+03
1.600000000000000000e+01 1.722661369851173419e+01 2.352575987340662853e-02 4.810159607929400408e+03
1.600000000000000000e+01 1.735829840282737990e+01 2.295128149124386896e-02 7.503030499846599923e+03
1.600000000000000000e+01 1.732662304649478457e+01 1.719870181640283102e-02 6.366384590269700311e+03
1.600000000000000000e+01 1.715553903886235787e+01 2.025068209969245470e-02 4.746479738374900080e+03
1.600000000000000000e+01 1.725539178581658106e+01 2.949294519549612928e-02 8.668363561034300801e+03
1.600000000000000000e+01 1.743495435604524957e+01 1.672009285778116791e-02 6.155465981472800195e+03
1.700000000000000000e+01 1.719115666906123607e+01 2.345508837306932437e-02 4.810159607929400408e+03
1.700000000000000000e+01 1.734156270846511205e+01 2.265236789760799452e-02 7.503030499846599923e+03
1.700000000000000000e+01 1.736095304301584719e+01 1.717821604976002559e-02 6.366384590269700311e+03
1.700000000000000000e+01 1.705435150793692500e+01 2.043468381807085274e-02 4.746479738374900080e+03
1.700000000000000000e+01 1.723025164652660024e+01 2.924558596908594793e-02 8.668363561034300801e+03
1.700000000000000000e+01 1.742756536533911671e+01 1.655512340004708371e-02 6.155465981472800195e+03
1.800000000000000000e+01 1.715569966041676153e+01 2.340205474231037489e-02 4.810159607929400408e+03
1.800000000000000000e+01 1.732828437574406877e+01 2.235945513438966636e-02 7.503030499846599923e+03
1.800000000000000000e+01 1.739315058994472452e+01 1.716067571436574735e-02 6.366384590269700311e+03
1.800000000000000000e+01 1.695316397701149214e+01 2.063554380027078985e-02 4.746479738374900080e+03
1.800000000000000000e+01 1.720511150723661942e+01 2.900825700792294265e-02 8.668363561034300801e+03
1.800000000000000000e+01 1.742069925450048373e+01 1.639534909589970141e-02 6.155465981472800195e+03
1.900000000000000000e+01 1.712024267406717826e+01 2.336669600012813638e-02 4.810159607929400408e+03
1.900000000000000000e+01 1.732705254524394789e+01 2.207275332989341865e-02 7.503030499846599923e+03
1.900000000000000000e+01 1.740268466012787130e+01 1.714608740268259296e-02 6.366384590269700311e+03
1.900000000000000000e+01 1.687903352626946685e+01 2.085271083347986151e-02 4.746479738374900080e+03
1.900000000000000000e+01 1.718389215715352947e+01 2.878120807626767877e-02 8.668363561034300801e+03
1.900000000000000000e+01 1.741147513628456167e+01 1.624092146084319191e-02 6.155465981472800195e+03
2.000000000000000000e+01 1.708478571150147118e+01 2.334901808648483582e-02 4.810159607929400408e+03
2.000000000000000000e+01 1.732582071474382346e+01 2.179246778755813269e-02 7.503030499846599923e+03
2.000000000000000000e+01 1.741221873027538436e+01 1.713445608404283796e-02 6.366384590269700311e+03
2.000000000000000000e+01 1.692651127107648179e+01 2.108562086692827159e-02 4.746479738374900080e+03
2.000000000000000000e+01 1.718579194342757432e+01 2.856468236011460576e-02 8.668363561034300801e+03
2.000000000000000000e+01 1.739048922079159709e+01 1.609198958671069143e-02 6.155465981472800195e+03
2.100000000000000000e+01 1.704932877420876736e+01 2.334899558766420635e-02 4.810159607929400408e+03
2.100000000000000000e+01 1.732458888424370258e+01 2.151880979639966482e-02 7.503030499846599923e+03
2.100000000000000000e+01 1.741718335991642519e+01 1.712578533932761216e-02 6.366384590269700311e+03
2.100000000000000000e+01 1.696088451085737603e+01 2.133370063379745954e-02 4.746479738374900080e+03
2.100000000000000000e+01 1.718769172970161918e+01 2.835890791167441569e-02 8.668363561034300801e+03
2.100000000000000000e+01 1.736950330529863606e+01 1.594869479505840390e-02 6.155465981472800195e+03
2.200000000000000000e+01 1.701387186367833948e+01 2.336657181079054846e-02 4.810159607929400408e+03
2.200000000000000000e+01 1.732335705374357815e+01 2.125199805351693505e-02 7.503030499846599923e+03
2.200000000000000000e+01 1.739605004449615322e+01 1.712007720154069476e-02 6.366384590269700311e+03
2.200000000000000000e+01 1.692645909924918612e+01 2.159637234525162153e-02 4.746479738374900080e+03
2.200000000000000000e+01 1.718959151597566404e+01 2.816410702403895905e-02 8.668363561034300801e+03
2.200000000000000000e+01 1.734851738980567504e+01 1.581117739928297392e-02 6.155465981472800195e+03
2.300000000000000000e+01 1.697841498139960947e+01 2.340165920705828545e-02 4.810159607929400408e+03
2.300000000000000000e+01 1.732212522324345372e+01 2.099225845110480257e-02 7.503030499846599923e+03
2.300000000000000000e+01 1.737491672887366434e+01 1.711733181935362266e-02 6.366384590269700311e+03
2.300000000000000000e+01 1.689203368764099977e+01 2.187305565377381175e-02 4.746479738374900080e+03
2.300000000000000000e+01 1.719149130224970534e+01 2.798049722133344117e-02 8.668363561034300801e+03
2.300000000000000000e+01 1.732753147431271046e+01 1.567957748779911370e-02 6.155465981472800195e+03
2.400000000000000000e+01 1.694670154524843397e+01 2.345414013403755021e-02 4.810159607929400408e+03
2.400000000000000000e+01 1.732089339274333284e+01 2.073982378575600291e-02 7.503030499846599923e+03
2.400000000000000000e+01 1.735349421739650921e+01 1.711754790733708079e-02 6.366384590269700311e+03
2.400000000000000000e+01 1.685760827603280987e+01 2.216317473141005828e-02 4.746479738374900080e+03
2.400000000000000000e+01 1.719339108852375020e+01 2.780829023251742832e-02 8.668363561034300801e+03
2.400000000000000000e+01 1.730654555881974943e+01 1.555403439115428214e-02 6.155465981472800195e+03
2.500000000000000000e+01 1.696711661027577733e+01 2.352386686186164200e-02 4.810159607929400408e+03
2.500000000000000000e+01 1.731966156224320841e+01 2.049493338239354034e-02 7.503030499846599923e+03
2.500000000000000000e+01 1.733063949883283428e+01 1.712072258454751250e-02 6.366384590269700311e+03
2.500000000000000000e+01 1.682318286442462352e+01 2.246616209466834740e-02 4.746479738374900080e+03
2.500000000000000000e+01 1.719529087479779506e+01 2.764769094063645322e-02 8.668363561034300801e+03
2.500000000000000000e+01 1.728555964332678840e+01 1.543468611230164669e-02 6.155465981472800195e+03
2.600000000000000000e+01 1.698753170788611655e+01 2.361066051140079877e-02 4.810159607929400408e+03
2.600000000000000000e+01 1.731842973174308753e+01 2.025783262522176664e-02 7.503030499846599923e+03
2.600000000000000000e+01 1.730778477991581710e+01 1.712685102044976537e-02 6.366384590269700311e+03
2.600000000000000000e+01 1.678875745281643361e+01 2.278146135148235649e-02 4.746479738374900080e+03
2.600000000000000000e+01 1.719719066107183991e+01 2.749889631715803778e-02 8.668363561034300801e+03
2.600000000000000000e+01 1.726507929804090580e+01 1.532166872251033117e-02 6.155465981472800195e+03
2.700000000000000000e+01 1.700345468531951454e+01 2.371431554543117909e-02 4.810159607929400408e+03
2.700000000000000000e+01 1.731719790124296310e+01 2.002877238858997988e-02 7.503030499846599923e+03
2.700000000000000000e+01 1.728768341408611775e+01 1.713592696155190678e-02 6.366384590269700311e+03
2.700000000000000000e+01 1.675884748991193263e+01 2.310852950088247704e-02 4.746479738374900080e+03
2.700000000000000000e+01 1.719909044734588477e+01 2.736209435205860449e-02 8.668363561034300801e+03
2.700000000000000000e+01 1.725163920653389837e+01 1.521511435936580975e-02 6.155465981472800195e+03
2.800000000000000000e+01 1.696841115927561816e+01 2.383460001784553153e-02 4.810159607929400408e+03
2.800000000000000000e+01 1.731596607074284222e+01 1.980800836121598268e-02 7.503030499846599923e+03
2.800000000000000000e+01 1.728330757679078999e+01 1.714794256902681807e-02 6.366384590269700311e+03
2.800000000000000000e+01 1.675513941642465809e+01 2.344683626283125544e-02 4.746479738374900080e+03
2.800000000000000000e+01 1.720099023361992607e+01 2.723746299128248713e-02 8.668363561034300801e+03
2.800000000000000000e+01 1.723819911502689095e+01 1.511514746226592064e-02 6.155465981472800195e+03
2.900000000000000000e+01 1.693336766962388751e+01 2.397125257741725482e-02 4.810159607929400408e+03
2.900000000000000000e+01 1.731473424024271779e+01 1.959580025819352561e-02 7.503030499846599923e+03
2.900000000000000000e+01 1.727893173900798018e+01 1.716288801374404177e-02 6.366384590269700311e+03
2.900000000000000000e+01 1.675143134293738001e+01 2.379586151010858533e-02 4.746479738374900080e+03
2.900000000000000000e+01 1.720289001989397093e+01 2.712516909394042594e-02 8.668363561034300801e+03
2.900000000000000000e+01 1.722475902351988353e+01 1.502188768491106129e-02 6.155465981472800195e+03
3.000000000000000000e+01 1.689832421747242819e+01 2.412399081765497291e-02 4.810159607929400408e+03
3.000000000000000000e+01 1.731346452101652034e+01 1.939241091644982110e-02 7.503030499846599923e+03
3.000000000000000000e+01 1.727455590069670777e+01 1.718075207772242971e-02 6.366384590269700311e+03
3.000000000000000000e+01 1.674772326945010548e+01 2.415510204131470981e-02 4.746479738374900080e+03
3.000000000000000000e+01 1.720478980616801579e+01 2.702536742213941870e-02 8.668363561034300801e+03
3.000000000000000000e+01 1.721131893201287610e+01 1.493545015201501111e-02 6.155465981472800195e+03
3.100000000000000000e+01 1.686328080392957318e+01 2.429251516597857874e-02 4.810159607929400408e+03
3.100000000000000000e+01 1.731140902255814140e+01 1.919810486365916904e-02 7.503030499846599923e+03
3.100000000000000000e+01 1.727018006181599219e+01 1.720152228855382701e-02 6.366384590269700311e+03
3.100000000000000000e+01 1.674401519596282739e+01 2.452407351627188675e-02 4.746479738374900080e+03
3.100000000000000000e+01 1.720668959244206064e+01 2.693819967668169280e-02 8.668363561034300801e+03
3.100000000000000000e+01 1.719787884050586868e+01 1.485594479519467166e-02 6.155465981472800195e+03
3.200000000000000000e+01 1.682823743010387219e+01 2.447651134720393168e-02 4.810159607929400408e+03
3.200000000000000000e+01 1.730935352409976247e+01 1.901314616479702832e-02 7.503030499846599923e+03
3.200000000000000000e+01 1.726580422232483869e+01 1.722518494709513251e-02 6.366384590269700311e+03
3.200000000000000000e+01 1.674030712247555286e+01 2.490231103888030165e-02 4.746479738374900080e+03
3.200000000000000000e+01 1.720858937871610195e+01 2.686379359182410054e-02 8.668363561034300801e+03
3.200000000000000000e+01 1.718443874899886126e+01 1.478347569121653271e-02 6.155465981472800195e+03
3.300000000000000000e+01 1.679319409710411648e+01 2.467565284977504131e-02 4.810159607929400408e+03
3.300000000000000000e+01 1.730729802564138708e+01 1.883779828116330726e-02 7.503030499846599923e+03
3.300000000000000000e+01 1.725246212343633800e+01 1.725172515702635273e-02 6.366384590269700311e+03
3.300000000000000000e+01 1.672703888969421016e+01 2.528936948115971528e-02 4.746479738374900080e+03
3.300000000000000000e+01 1.721048916499014680e+01 2.680226210204649656e-02 8.668363561034300801e+03
3.300000000000000000e+01 1.717221069718415194e+01 1.471814040978127250e-02 6.155465981472800195e+03
3.400000000000000000e+01 1.675976769749457773e+01 2.488960335369638094e-02 4.810159607929400408e+03
3.400000000000000000e+01 1.730524252718300815e+01 1.867232301707652531e-02 7.503030499846599923e+03
3.400000000000000000e+01 1.722024890883416859e+01 1.728112669032583204e-02 6.366384590269700311e+03
3.400000000000000000e+01 1.667865717464587760e+01 2.568482251924312024e-02 4.746479738374900080e+03
3.400000000000000000e+01 1.721238895126419166e+01 2.675370259315458521e-02 8.668363561034300801e+03
3.400000000000000000e+01 1.717537388913238772e+01 1.466002664067719320e-02 6.155465981472800195e+03
3.500000000000000000e+01 1.674330940864677331e+01 2.511801431831256828e-02 4.810159607929400408e+03
3.500000000000000000e+01 1.730318702872462922e+01 1.851697905182705939e-02 7.503030499846599923e+03
3.500000000000000000e+01 1.727127985686900047e+01 1.731337159204889009e-02 6.366384590269700311e+03
3.500000000000000000e+01 1.663027545959754505e+01 2.608826132573651910e-02 4.746479738374900080e+03
3.500000000000000000e+01 1.721428873753823652e+01 2.671819624914883312e-02 8.668363561034300801e+03
3.500000000000000000e+01 1.717853708108062705e+01 1.460920552882132538e-02 6.155465981472800195e+03
3.600000000000000000e+01 1.672685116352818468e+01 2.536051731398843156e-02 4.810159607929400408e+03
3.600000000000000000e+01 1.730113153026625383e+01 1.837202037655300338e-02 7.503030499846599923e+03
3.600000000000000000e+01 1.732133682830288279e+01 1.734844017944500716e-02 6.366384590269700311e+03
3.600000000000000000e+01 1.658987878389852000e+01 2.649929637282723294e-02 4.746479738374900080e+03
3.600000000000000000e+01 1.721618852381228137e+01 2.669580750503202857e-02 8.668363561034300801e+03
3.600000000000000000e+01 1.718170027302886282e+01 1.456573821669162293e-02 6.155465981472800195e+03
3.700000000000000000e+01 1.670224492610322287e+01 2.561673816911615859e-02 4.810159607929400408e+03
3.700000000000000000e+01 1.730330969738699309e+01 1.823769463978806155e-02 7.503030499846599923e+03
3.700000000000000000e+01 1.736404319495886028e+01 1.738631155692569458e-02 6.366384590269700311e+03
3.700000000000000000e+01 1.657829448520696758e+01 2.691755639287085958e-02 4.746479738374900080e+03
3.700000000000000000e+01 1.721808831008632268e+01 2.668658361426702944e-02 8.668363561034300801e+03
3.700000000000000000e+01 1.718486346497710215e+01 1.452967716670829079e-02 6.155465981472800195e+03
3.800000000000000000e+01 1.665020582403710137e+01 2.588629959070400458e-02 4.810159607929400408e+03
3.800000000000000000e+01 1.731926979713757930e+01 1.811424001747036217e-02 7.503030499846599923e+03
3.800000000000000000e+01 1.740674956078935764e+01 1.742696361671857916e-02 6.366384590269700311e+03
3.800000000000000000e+01 1.656671018651541161e+01 2.734268680420907580e-02 4.746479738374900080e+03
3.800000000000000000e+01 1.721998809636036754e+01 2.669055433782480807e-02 8.668363561034300801e+03
3.800000000000000000e+01 1.718802665692533793e+01 1.450106576780888987e-02 6.155465981472800195e+03
3.900000000000000000e+01 1.660860613447777823e+01 2.616882054310300243e-02 4.810159607929400408e+03
3.900000000000000000e+01 1.733563327180648983e+01 1.800188188764159300e-02 7.503030499846599923e+03
3.900000000000000000e+01 1.743595796072808213e+01 1.747037325771919405e-02 6.366384590269700311e+03
3.900000000000000000e+01 1.655512588782385919e+01 2.777435106002511256e-02 4.746479738374900080e+03
3.900000000000000000e+01 1.722188788263441239e+01 2.670773175980238265e-02 8.668363561034300801e+03
3.900000000000000000e+01 1.719118984887357726e+01 1.447993800263242675e-02 6.155465981472800195e+03
4.000000000000000000e+01 1.660195567545111572e+01 2.646390804367048516e-02 4.810159607929400408e+03
4.000000000000000000e+01 1.735334717554981765e+01 1.790081615533901938e-02 7.503030499846599923e+03
4.000000000000000000e+01 1.740762240357817703e+01 1.751651633690214094e-02 6.366384590269700311e+03
4.000000000000000000e+01 1.654354158913230322e+01 2.821223034365202831e-02 4.746479738374900080e+03
4.000000000000000000e+01 1.722329202955062399e+01 2.673811022801074119e-02 8.668363561034300801e+03
4.000000000000000000e+01 1.719119863939072701e+01 1.446631817896747510e-02 6.155465981472800195e+03
4.100000000000000000e+01 1.659530526252972749e+01 2.677114435539916168e-02 4.810159607929400408e+03
4.100000000000000000e+01 1.737106107929314192e+01 1.781118948855730383e-02 7.503030499846599923e+03
4.100000000000000000e+01 1.737928684551229352e+01 1.756536754526749622e-02 6.366384590269700311e+03
4.100000000000000000e+01 1.653195729044075080e+01 2.865602294293434493e-02 4.746479738374900080e+03
4.100000000000000000e+01 1.721968471184900196e+01 2.678165844762384409e-02 8.668363561034300801e+03
4.100000000000000000e+01 1.718148279420532631e+01 1.446021907242231105e-02 6.155465981472800195e+03
4.200000000000000000e+01 1.658865489563739004e+01 2.709011450473626861e-02 4.810159607929400408e+03
4.200000000000000000e+01 1.738034461255853103e+01 1.773312970995880380e-02 7.503030499846599923e+03
4.200000000000000000e+01 1.735271540353867792e+01 1.761690072142639910e-02 6.366384590269700311e+03
4.200000000000000000e+01 1.652037299174919838e+01 2.910544359197744096e-02 4.746479738374900080e+03
4.200000000000000000e+01 1.721607739414738347e+01 2.683830328253666853e-02 8.668363561034300801e+03
4.200000000000000000e+01 1.721894098818528462e+01 1.446163866801197101e-02 6.155465981472800195e+03
4.300000000000000000e+01 1.658200457469817835e+01 2.742041136927322528e-02 4.810159607929400408e+03
4.300000000000000000e+01 1.736263679160428097e+01 1.766674838776656487e-02 7.503030499846599923e+03
4.300000000000000000e+01 1.733576124379361971e+01 1.767108882916934923e-02 6.366384590269700311e+03
4.300000000000000000e+01 1.650878869305764240e+01 2.956022279253828211e-02 4.746479738374900080e+03
4.300000000000000000e+01 1.721247007644576144e+01 2.690795002574598513e-02 8.668363561034300801e+03
4.300000000000000000e+01 1.725639918216524649e+01 1.447056388738411810e-02 6.155465981472800195e+03
4.400000000000000000e+01 1.657535429963641604e+01 2.776163693429094942e-02 4.810159607929400408e+03
4.400000000000000000e+01 1.734492897065003447e+01 1.761213909502246794e-02 7.503030499846599923e+03
4.400000000000000000e+01 1.731880708304927552e+01 1.772790383032792072e-02 6.366384590269700311e+03
4.400000000000000000e+01 1.649720439436608999e+01 3.002010612525926256e-02 4.746479738374900080e+03
4.400000000000000000e+01 1.721531824935996013e+01 2.699048766831029997e-02 8.668363561034300801e+03
4.400000000000000000e+01 1.728505601447104922e+01 1.448697170074470832e-02 6.155465981472800195e+03
4.500000000000000000e+01 1.656870407037671811e+01 2.811340334755716569e-02 4.810159607929400408e+03
4.500000000000000000e+01 1.732722114969578442e+01 1.756937769300978905e-02 7.503030499846599923e+03
4.500000000000000000e+01 1.730127934792916022e+01 1.778731698602638994e-02 6.366384590269700311e+03
4.500000000000000000e+01 1.648562009567453401e+01 3.048485355917675971e-02 4.746479738374900080e+03
4.500000000000000000e+01 1.724259844656620899e+01 2.708578493211804758e-02 8.668363561034300801e+03
4.500000000000000000e+01 1.728537766130282805e+01 1.451082836370994750e-02 6.155465981472800195e+03
4.600000000000000000e+01 1.656205388684395885e+01 2.847533378476178184e-02 4.810159607929400408e+03
4.600000000000000000e+01 1.730951332874153437e+01 1.753852173026944697e-02 7.503030499846599923e+03
4.600000000000000000e+01 1.727780730612820292e+01 1.784929891315234496e-02 6.366384590269700311e+03
4.600000000000000000e+01 1.647403579698298159e+01 3.095423876638393745e-02 4.746479738374900080e+03
4.600000000000000000e+01 1.726987864377245785e+01 2.719368556357203495e-02 8.668363561034300801e+03
4.600000000000000000e+01 1.728569930813460331e+01 1.454208868216797304e-02 6.155465981472800195e+03
4.700000000000000000e+01 1.655540374896329325e+01 2.884706313946841516e-02 4.810159607929400408e+03
4.700000000000000000e+01 1.729180550778728431e+01 1.751960984625157078e-02 7.503030499846599923e+03
4.700000000000000000e+01 1.725433526324994560e+01 1.791381954948896571e-02 6.366384590269700311e+03
4.700000000000000000e+01 1.646245149829142562e+01 3.142804844736241110e-02 4.746479738374900080e+03
4.700000000000000000e+01 1.729715884097870671e+01 2.731401825728252061e-02 8.668363561034300801e+03
4.700000000000000000e+01 1.728503545150924126e+01 1.458069800811114501e-02 6.155465981472800195e+03
4.800000000000000000e+01 1.654875365666013920e+01 2.922823855227530201e-02 4.810159607929400408e+03
4.800000000000000000e+01 1.727634616771225495e+01 1.751266134903231575e-02 7.503030499846599923e+03
4.800000000000000000e+01 1.723666545183399279e+01 1.798084830882214560e-02 6.366384590269700311e+03
4.800000000000000000e+01 1.645456304651317936e+01 3.190608166658791267e-02 4.746479738374900080e+03
4.800000000000000000e+01 1.732443903818495556e+01 2.744659906250111400e-02 8.668363561034300801e+03
4.800000000000000000e+01 1.727765785258235809e+01 1.462659182949564360e-02 6.155465981472800195e+03
4.900000000000000000e+01 1.654210360986019168e+01 2.961851979440927041e-02 4.810159607929400408e+03
4.900000000000000000e+01 1.727481446819174238e+01 1.751767217604775773e-02 7.503030499846599923e+03
4.900000000000000000e+01 1.724357158769467802e+01 1.805035395168693574e-02 6.366384590269700311e+03
4.900000000000000000e+01 1.645993217402996578e+01 3.238814840712436749e-02 4.746479738374900080e+03
4.900000000000000000e+01 1.735171923539120442e+01 2.759123248333002557e-02 8.668363561034300801e+03
4.900000000000000000e+01 1.727028025365547137e+01 1.467969444121115102e-02 6.155465981472800195e+03
5.000000000000000000e+01 1.653545360848941570e+01 3.001757952080255296e-02 4.810159607929400408e+03
5.000000000000000000e+01 1.727328276867122980e+01 1.753460858000133529e-02 7.503030499846599923e+03
5.000000000000000000e+01 1.725047772240609945e+01 1.812230437070982622e-02 6.366384590269700311e+03
5.000000000000000000e+01 1.646530130154675220e+01 3.287406804441580371e-02 4.746479738374900080e+03
5.000000000000000000e+01 1.736459998807670146e+01 2.774771261098558581e-02 8.668363561034300801e+03
5.000000000000000000e+01 1.726209721031111499e+01 1.473992176057027821e-02 6.155465981472800195e+03
5.100000000000000000e+01 1.652880365247404981e+01 3.042510340749348535e-02 4.810159607929400408e+03
5.100000000000000000e+01 1.727175106915071723e+01 1.756341588062926284e-02 7.503030499846599923e+03
5.100000000000000000e+01 1.725609608099920678e+01 1.819666704693848058e-02 6.366384590269700311e+03
5.100000000000000000e+01 1.646840600732308602e+01 3.336367024172461754e-02 4.746479738374900080e+03
5.100000000000000000e+01 1.727575563269946102e+01 2.791582387519387851e-02 8.668363561034300801e+03
5.100000000000000000e+01 1.724920286879884301e+01 1.480718182567072015e-02 6.155465981472800195e+03
5.200000000000000000e+01 1.652215374174058837e+01 3.084079018754440349e-02 4.810159607929400408e+03
5.200000000000000000e+01 1.727021936963020465e+01 1.760402060959837325e-02 7.503030499846599923e+03
5.200000000000000000e+01 1.725441704703263923e+01 1.827340902836232725e-02 6.366384590269700311e+03
5.200000000000000000e+01 1.646426075777906561e+01 3.385679348123635940e-02 4.746479738374900080e+03
5.200000000000000000e+01 1.718691127732221702e+01 2.809534149341304243e-02 8.668363561034300801e+03
5.200000000000000000e+01 1.723630852728657104e+01 1.488137454207236719e-02 6.155465981472800195e+03
5.300000000000000000e+01 1.651550387621581706e+01 3.126435159889535964e-02 4.810159607929400408e+03
5.300000000000000000e+01 1.726868767010969563e+01 1.765633117293127427e-02 7.503030499846599923e+03
5.300000000000000000e+01 1.725273801185416644e+01 1.835249676314469960e-02 6.366384590269700311e+03
5.300000000000000000e+01 1.646011550823504521e+01 3.435328338538540249e-02 4.746479738374900080e+03
5.300000000000000000e+01 1.710951411594874116e+01 2.828603353999812123e-02 8.668363561034300801e+03
5.300000000000000000e+01 1.722341418577429550e+01 1.496239344901372989e-02 6.155465981472800195e+03
5.400000000000000000e+01 1.651204516367024411e+01 3.169551224837875714e-02 4.810159607929400408e+03
5.400000000000000000e+01 1.726715597058918306e+01 1.772023868027886376e-02 7.503030499846599923e+03
5.400000000000000000e+01 1.725355335806786172e+01 1.843389644339429173e-02 6.366384590269700311e+03
5.400000000000000000e+01 1.645597025869102481e+01 3.485299419176067504e-02 4.746479738374900080e+03
5.400000000000000000e+01 1.710872509906377914e+01 2.848765908992378221e-02 8.668363561034300801e+03
5.400000000000000000e+01 1.721051984426202353e+01 1.505012657693495341e-02 6.155465981472800195e+03
5.500000000000000000e+01 1.652485336298246210e+01 3.213400648112015728e-02 4.810159607929400408e+03
5.500000000000000000e+01 1.726562427106867048e+01 1.779561792367376910e-02 7.503030499846599923e+03
5.500000000000000000e+01 1.726629271707605184e+01 1.851757388882729893e-02 6.366384590269700311e+03
5.500000000000000000e+01 1.645182500914700441e+01 3.535578853166728569e-02 4.746479738374900080e+03
5.500000000000000000e+01 1.710793608217882067e+01 2.869996384612706966e-02 8.668363561034300801e+03
5.500000000000000000e+01 1.719762550274975155e+01 1.514445709487000774e-02 6.155465981472800195e+03
5.600000000000000000e+01 1.653766160721039213e+01 3.257957381235847272e-02 4.810159607929400408e+03
5.600000000000000000e+01 1.726409257154815791e+01 1.788232848579307879e-02 7.503030499846599923e+03
5.600000000000000000e+01 1.727903207481870496e+01 1.860349428318648288e-02 6.366384590269700311e+03
5.600000000000000000e+01 1.644767975960298401e+01 3.586153696191617807e-02 4.746479738374900080e+03
5.600000000000000000e+01 1.710714706529385865e+01 2.892268847193408057e-02 8.668363561034300801e+03
5.600000000000000000e+01 1.718473116123747602e+01 1.524526395918164405e-02 6.155465981472800195e+03
5.700000000000000000e+01 1.655046989621751052e+01 3.303196484222676449e-02 4.810159607929400408e+03
5.700000000000000000e+01 1.726256087202764533e+01 1.798021595576894047e-02 7.503030499846599923e+03
5.700000000000000000e+01 1.728749739057795409e+01 1.869162266762944280e-02 6.366384590269700311e+03
5.700000000000000000e+01 1.643562436255008663e+01 3.637011750835125734e-02 4.746479738374900080e+03
5.700000000000000000e+01 1.710635804840889662e+01 2.915557112615546620e-02 8.668363561034300801e+03
5.700000000000000000e+01 1.717183681972520404e+01 1.535242255647846846e-02 6.155465981472800195e+03
5.800000000000000000e+01 1.656327822986758136e+01 3.349094206443004040e-02 4.810159607929400408e+03
5.800000000000000000e+01 1.726102917250713276e+01 1.808911322938996577e-02 7.503030499846599923e+03
5.800000000000000000e+01 1.727774179467958504e+01 1.878192381611869244e-02 6.366384590269700311e+03
5.800000000000000000e+01 1.639326584001536347e+01 3.688141300883825829e-02 4.746479738374900080e+03
5.800000000000000000e+01 1.710556903152393460e+01 2.939834847628283038e-02 8.668363561034300801e+03
5.800000000000000000e+01 1.716030021427942387e+01 1.546580532873047253e-02 6.155465981472800195e+03
5.900000000000000000e+01 1.657095110944910843e+01 3.395627952380200765e-02 4.810159607929400408e+03
5.900000000000000000e+01 1.725949747298662018e+01 1.820884187008718277e-02 7.503030499846599923e+03
5.900000000000000000e+01 1.726798619747342656e+01 1.887436195793769714e-02 6.366384590269700311e+03
5.900000000000000000e+01 1.635090731748064030e+01 3.739530804784049062e-02 4.746479738374900080e+03
5.900000000000000000e+01 1.710478001463897257e+01 2.965075664901678162e-02 8.668363561034300801e+03
5.900000000000000000e+01 1.715599913901060702e+01 1.558528026217346173e-02 6.155465981472800195e+03
6.000000000000000000e+01 1.655390198210294272e+01 3.442775768899464933e-02 4.810159607929400408e+03
6.000000000000000000e+01 1.725796577346611116e+01 1.833921350732467190e-02 7.503030499846599923e+03
6.000000000000000000e+01 1.725932310828295257e+01 1.896890130320620302e-02 6.366384590269700311e+03
6.000000000000000000e+01 1.631961004804401227e+01 3.791169283926247580e-02 4.746479738374900080e+03
6.000000000000000000e+01 1.710399099775401410e+01 2.991253211451797012e-02 8.668363561034300801e+03
6.000000000000000000e+01 1.715169806374179018e+01 1.571070826633699444e-02 6.155465981472800195e+03
6.100000000000000000e+01 1.653685289891848953e+01 3.490515631823764425e-02 4.810159607929400408e+03
6.100000000000000000e+01 1.725643407394559858e+01 1.848003124997226604e-02 7.503030499846599923e+03
6.100000000000000000e+01 1.725906758960245924e+01 1.906550602691429314e-02 6.366384590269700311e+03
6.100000000000000000e+01 1.632045954542472899e+01 3.843046220944257990e-02 4.746479738374900080e+03
6.100000000000000000e+01 1.710320198086905208e+01 3.018341250208210480e-02 8.668363561034300801e+03
6.100000000000000000e+01 1.714739698847296978e+01 1.584194828942925640e-02 6.155465981472800195e+03
6.200000000000000000e+01 1.651980385969735110e+01 3.538826397068470936e-02 4.810159607929400408e+03
6.200000000000000000e+01 1.725490237442508601e+01 1.863109109359362484e-02 7.503030499846599923e+03
6.200000000000000000e+01 1.725881206958165137e+01 1.916414005978463869e-02 6.366384590269700311e+03
6.200000000000000000e+01 1.632130904280544570e+01 3.895151405769389091e-02 4.746479738374900080e+03
6.200000000000000000e+01 1.710241296398409006e+01 3.046313734608189008e-02 8.668363561034300801e+03
6.200000000000000000e+01 1.714309591320415294e+01 1.597885870893044416e-02 6.155465981472800195e+03
6.300000000000000000e+01 1.650245594686245454e+01 3.587687936311268616e-02 4.810159607929400408e+03
6.300000000000000000e+01 1.725419418582166742e+01 1.879218329874017199e-02 7.503030499846599923e+03
6.300000000000000000e+01 1.725855654821119245e+01 1.926476743472595871e-02 6.366384590269700311e+03
6.300000000000000000e+01 1.632215854018616241e+01 3.947475130147230782e-02 4.746479738374900080e+03
6.300000000000000000e+01 1.710162394709912803e+01 3.075144876208393135e-02 8.668363561034300801e+03
6.300000000000000000e+01 1.713879483793533609e+01 1.612129785848145230e-02 6.155465981472800195e+03
6.400000000000000000e+01 1.648295685252168141e+01 3.637080999467795506e-02 4.810159607929400408e+03
6.400000000000000000e+01 1.725935769700927480e+01 1.896309085789297383e-02 7.503030499846599923e+03
6.400000000000000000e+01 1.725645963700299390e+01 1.936735238523655880e-02 6.366384590269700311e+03
6.400000000000000000e+01 1.632300803756687912e+01 4.000008187109849872e-02 4.746479738374900080e+03
6.400000000000000000e+01 1.710083493021416956e+01 3.104809205393779803e-02 8.668363561034300801e+03
6.400000000000000000e+01 1.713449376266651925e+01 1.626912451608784893e-02 6.155465981472800195e+03
6.500000000000000000e+01 1.646345780154112504e+01 3.686986996944927736e-02 4.810159607929400408e+03
6.500000000000000000e+01 1.726452120819688218e+01 1.914358568026991100e-02 7.503030499846599923e+03
6.500000000000000000e+01 1.724739364171574607e+01 1.947185913228676249e-02 6.366384590269700311e+03
6.500000000000000000e+01 1.632385753494759584e+01 4.052741843453744330e-02 4.746479738374900080e+03
6.500000000000000000e+01 1.710004591332920754e+01 3.135281625344287643e-02 8.668363561034300801e+03
6.500000000000000000e+01 1.712777084369270142e+01 1.642219835034175804e-02 6.155465981472800195e+03
6.600000000000000000e+01 1.644461298205979460e+01 3.737388196780899036e-02 4.810159607929400408e+03
6.600000000000000000e+01 1.726968471938448602e+01 1.933343648376669929e-02 7.503030499846599923e+03
6.600000000000000000e+01 1.723832764505498361e+01 1.957825162515103648e-02 6.366384590269700311e+03
6.600000000000000000e+01 1.632470703232831255e+01 4.105667813751424228e-02 4.746479738374900080e+03
6.600000000000000000e+01 1.709925689644424551e+01 3.166537459480945477e-02 8.668363561034300801e+03
6.600000000000000000e+01 1.711023564981766754e+01 1.658037976685832957e-02 6.155465981472800195e+03
6.700000000000000000e+01 1.642843477020046805e+01 3.788267587762275679e-02 4.810159607929400408e+03
6.700000000000000000e+01 1.727484823057209340e+01 1.953241137339374600e-02 7.503030499846599923e+03
6.700000000000000000e+01 1.722839545304822195e+01 1.968649403134323933e-02 6.366384590269700311e+03
6.700000000000000000e+01 1.632129570292066489e+01 4.158778235393936762e-02 4.746479738374900080e+03
6.700000000000000000e+01 1.709846787955928349e+01 3.198552492668260000e-02 8.668363561034300801e+03
6.700000000000000000e+01 1.709270045594263010e+01 1.674352952254056989e-02 6.155465981472800195e+03
6.800000000000000000e+01 1.641225660107874873e+01 3.839608655915647401e-02 4.810159607929400408e+03
6.800000000000000000e+01 1.728001174175970078e+01 1.974027894972274835e-02 7.503030499846599923e+03
6.800000000000000000e+01 1.721557969619235351e+01 1.979655064288722219e-02 6.366384590269700311e+03
6.800000000000000000e+01 1.630006837756366522e+01 4.212065547010248462e-02 4.746479738374900080e+03
6.800000000000000000e+01 1.709767886267432146e+01 3.231303006487905999e-02 8.668363561034300801e+03
6.800000000000000000e+01 1.707516526206759622e+01 1.691151019060408225e-02 6.155465981472800195e+03
6.900000000000000000e+01 1.639607847448459665e+01 3.891395642576046116e-02 4.810159607929400408e+03
6.900000000000000000e+01 1.728517525294730461e+01 1.995680932026737409e-02 7.503030499846599923e+03
6.900000000000000000e+01 1.720276393794823022e+01 1.990838570053919676e-02 6.366384590269700311e+03
6.900000000000000000e+01 1.627884105220666200e+01 4.265522340636676568e-02 4.746479738374900080e+03
6.900000000000000000e+01 1.709688984578936299e+01 3.264765808931169994e-02 8.668363561034300801e+03
6.900000000000000000e+01 1.706203925627356455e+01 1.708418664385246213e-02 6.155465981472800195e+03
7.000000000000000000e+01 1.637990039020823474e+01 3.943613556960232081e-02 4.810159607929400408e+03
7.000000000000000000e+01 1.728586184328032616e+01 2.018177500808291877e-02 7.503030499846599923e+03
7.000000000000000000e+01 1.718994817831237043e+01 2.002196375969399200e-02 6.366384590269700311e+03
7.000000000000000000e+01 1.625761372684965878e+01 4.319141535214823802e-02 4.746479738374900080e+03
7.000000000000000000e+01 1.709610082890440097e+01 3.298918258874647402e-02 8.668363561034300801e+03
7.000000000000000000e+01 1.707740845106139105e+01 1.726142571024841949e-02 6.155465981472800195e+03
7.100000000000000000e+01 1.636372234804011683e+01 3.996248143136896247e-02 4.810159607929400408e+03
7.100000000000000000e+01 1.726137687198683679e+01 2.041495030929430313e-02 7.503030499846599923e+03
7.100000000000000000e+01 1.717713241728128537e+01 2.013724975912747558e-02 6.366384590269700311e+03
7.100000000000000000e+01 1.623638640149265910e+01 4.372916388578589053e-02 4.746479738374900080e+03
7.100000000000000000e+01 1.709531181201943895e+01 3.333738285717036814e-02 8.668363561034300801e+03
7.100000000000000000e+01 1.709277764584921755e+01 1.744309537594810125e-02 6.155465981472800195e+03
7.200000000000000000e+01 1.634754434777098098e+01 4.049285847779150738e-02 4.810159607929400408e+03
7.200000000000000000e+01 1.723689190069335098e+01 2.065610973475670228e-02 7.503030499846599923e+03
7.200000000000000000e+01 1.716431665485148983e+01 2.025420904006402373e-02 6.366384590269700311e+03
7.200000000000000000e+01 1.621515907613565588e+01 4.426840479397804728e-02 4.746479738374900080e+03
7.200000000000000000e+01 1.709068817150469499e+01 3.369204404113965157e-02 8.668363561034300801e+03
7.200000000000000000e+01 1.710405421230433731e+01 1.762906633078810750e-02 6.155465981472800195e+03
7.300000000000000000e+01 1.633136638919178907e+01 4.102713788787425153e-02 4.810159607929400408e+03
7.300000000000000000e+01 1.721240692939986161e+01 2.090503179707688466e-02 7.503030499846599923e+03
7.300000000000000000e+01 1.714969181097447759e+01 2.037280736287661390e-02 6.366384590269700311e+03
7.300000000000000000e+01 1.619393175077865266e+01 4.480907690145762012e-02 4.746479738374900080e+03
7.300000000000000000e+01 1.705767542663804548e+01 3.405295356344744534e-02 8.668363561034300801e+03
7.300000000000000000e+01 1.709039767423675826e+01 1.781921142355293378e-02 6.155465981472800195e+03
7.400000000000000000e+01 1.631518847209376943e+01 4.156519724847442671e-02 4.810159607929400408e+03
7.400000000000000000e+01 1.718792195810637580e+01 2.116150015029720499e-02 7.503030499846599923e+03
7.400000000000000000e+01 1.712876357916752923e+01 2.049301082558366641e-02 6.366384590269700311e+03
7.400000000000000000e+01 1.617270442542165299e+01 4.535112191034300355e-02 4.746479738374900080e+03
7.400000000000000000e+01 1.702466268177139597e+01 3.441989451921353277e-02 8.668363561034300801e+03
7.400000000000000000e+01 1.707674113616917566e+01 1.801340419242069071e-02 6.155465981472800195e+03
7.500000000000000000e+01 1.629901059626839199e+01 4.210692025973974267e-02 4.810159607929400408e+03
7.500000000000000000e+01 1.716343698681288998e+01 2.142530404921100945e-02 7.503030499846599923e+03
7.500000000000000000e+01 1.710783534595279676e+01 2.061478577117711181e-02 6.366384590269700311e+03
7.500000000000000000e+01 1.615147710006464976e+01 4.589448424859830789e-02 4.746479738374900080e+03
7.500000000000000000e+01 1.699164993690474645e+01 3.479265431343340348e-02 8.668363561034300801e+03
7.500000000000000000e+01 1.706168425662065147e+01 1.821152113362015448e-02 6.155465981472800195e+03
7.600000000000000000e+01 1.628283276150737890e+01 4.265219645070024435e-02 4.810159607929400408e+03
7.600000000000000000e+01 1.714840686243088186e+01 2.169623867831653452e-02 7.503030499846599923e+03
7.600000000000000000e+01 1.709018537524915970e+01 2.073809897887391590e-02 6.366384590269700311e+03
7.600000000000000000e+01 1.613024977470764654e+01 4.643911092710090865e-02 4.746479738374900080e+03
7.600000000000000000e+01 1.695863719203809339e+01 3.517102651243706607e-02 8.668363561034300801e+03
7.600000000000000000e+01 1.704142233420898123e+01 1.841344119269869642e-02 6.155465981472800195e+03
7.700000000000000000e+01 1.626665496760270102e+01 4.320092090523859618e-02 4.810159607929400408e+03
7.700000000000000000e+01 1.716520943223568096e+01 2.197409854631298190e-02 7.503030499846599923e+03
7.700000000000000000e+01 1.708131476901082024e+01 2.086291762196202867e-02 6.366384590269700311e+03
7.700000000000000000e+01 1.610902244935064687e+01 4.698495140479977406e-02 4.746479738374900080e+03
7.700000000000000000e+01 1.692562444717144388e+01 3.555481085474108960e-02 8.668363561034300801e+03
7.700000000000000000e+01 1.702116041179731099e+01 1.861904464612850960e-02 6.155465981472800195e+03
7.800000000000000000e+01 1.625047721434656722e+01 4.375299399847903947e-02 4.810159607929400408e+03
7.800000000000000000e+01 1.718201200204048007e+01 2.225867038685194407e-02 7.503030499846599923e+03
7.800000000000000000e+01 1.704507175094631677e+01 2.098920901477338563e-02 6.366384590269700311e+03
7.800000000000000000e+01 1.608779512399364364e+01 4.753195746149647960e-02 4.746479738374900080e+03
7.800000000000000000e+01 1.689261170230479436e+01 3.594381323518144877e-02 8.668363561034300801e+03
7.800000000000000000e+01 1.700089848938563719e+01 1.882821506602134001e-02 6.155465981472800195e+03
7.900000000000000000e+01 1.623429950153144219e+01 4.430832114362802387e-02 4.810159607929400408e+03
7.900000000000000000e+01 1.719881457184527918e+01 2.254974593047993914e-02 7.503030499846599923e+03
7.900000000000000000e+01 1.700882873146903052e+01 2.111694062146249676e-02 6.366384590269700311e+03
7.900000000000000000e+01 1.606656779863664042e+01 4.808008307781799773e-02 4.746479738374900080e+03
7.900000000000000000e+01 1.685959895743814485e+01 3.633784566550690015e-02 8.668363561034300801e+03
7.900000000000000000e+01 1.697905341741779850e+01 1.904083963092272069e-02 6.155465981472800195e+03
8.000000000000000000e+01 1.621812182895002152e+01 4.486681254914431233e-02 4.810159607929400408e+03
8.000000000000000000e+01 1.719785294939586962e+01 2.284712381715860857e-02 7.503030499846599923e+03
8.000000000000000000e+01 1.697258571057937360e+01 2.124608036646317977e-02 6.366384590269700311e+03
8.000000000000000000e+01 1.682658621257149179e+01 3.673672621439901670e-02 8.668363561034300801e+03
8.000000000000000000e+01 1.694919664921121338e+01 1.925680810128126141e-02 6.155465981472800195e+03
8.100000000000000000e+01 1.620194419639526018e+01 4.542838298610493014e-02 4.810159607929400408e+03
8.100000000000000000e+01 1.711705006725481937e+01 2.315060381610343013e-02 7.503030499846599923e+03
8.100000000000000000e+01 1.693634268827775813e+01 2.137659668044527769e-02 6.366384590269700311e+03
8.100000000000000000e+01 1.679357346770484227e+01 3.714027892969981592e-02 8.668363561034300801e+03
8.100000000000000000e+01 1.691933988100462827e+01 1.947601129821927707e-02 6.155465981472800195e+03
8.200000000000000000e+01 1.617712140139117238e+01 4.599295154837252514e-02 4.810159607929400408e+03
8.200000000000000000e+01 1.705260303182624071e+01 2.345997891817656195e-02 7.503030499846599923e+03
8.200000000000000000e+01 1.692374413316460391e+01 2.150845850478833379e-02 6.366384590269700311e+03
8.200000000000000000e+01 1.676056072283819276e+01 3.754833374536600821e-02 8.668363561034300801e+03
8.200000000000000000e+01 1.688948311279804315e+01 1.969834325146836013e-02 6.155465981472800195e+03
8.300000000000000000e+01 1.612461946899448506e+01 4.656043910629750066e-02 4.810159607929400408e+03
8.300000000000000000e+01 1.704023465475788157e+01 2.377504488052172363e-02 7.503030499846599923e+03
8.300000000000000000e+01 1.672754797797154325e+01 3.796072637549326861e-02 8.668363561034300801e+03
8.300000000000000000e+01 1.685962634459145804e+01 1.992370155579674049e-02 6.155465981472800195e+03
8.400000000000000000e+01 1.607211757603536029e+01 4.713076573801569524e-02 4.810159607929400408e+03
8.400000000000000000e+01 1.702786627768951888e+01 2.409559981342302218e-02 7.503030499846599923e+03
8.400000000000000000e+01 1.669453523310489018e+01 3.837729819752806054e-02 8.668363561034300801e+03
8.400000000000000000e+01 1.682976957638487292e+01 2.015198732982454929e-02 6.155465981472800195e+03
8.500000000000000000e+01 1.601961572233244624e+01 4.770385469686650587e-02 4.810159607929400408e+03
8.500000000000000000e+01 1.701549790062115974e+01 2.442144846061190810e-02 7.503030499846599923e+03
8.500000000000000000e+01 1.666152248823824067e+01 3.879789612658832848e-02 8.668363561034300801e+03
8.500000000000000000e+01 1.679991280817828425e+01 2.038310516451737400e-02 6.155465981472800195e+03
8.600000000000000000e+01 1.596711390770462557e+01 4.827963279760617149e-02 4.810159607929400408e+03
8.600000000000000000e+01 1.700312952355280061e+01 2.475240273891360018e-02 7.503030499846599923e+03
8.600000000000000000e+01 1.662850974337159116e+01 3.922237248263994031e-02 8.668363561034300801e+03
8.600000000000000000e+01 1.677005603997169914e+01 2.061696306289230451e-02 6.155465981472800195e+03
8.700000000000000000e+01 1.591461213197101721e+01 4.885803024638867009e-02 4.810159607929400408e+03
8.700000000000000000e+01 1.699076114648444147e+01 2.508828166369509935e-02 7.503030499846599923e+03
8.700000000000000000e+01 1.659549699850494164e+01 3.965058485205787825e-02 8.668363561034300801e+03
8.700000000000000000e+01 1.674019927176511402e+01 2.085347237233415446e-02 6.155465981472800195e+03
8.800000000000000000e+01 1.585119150642099761e+01 4.943898046002918184e-02 4.810159607929400408e+03
8.800000000000000000e+01 1.697403564265088249e+01 2.542891122087361649e-02 7.503030499846599923e+03
8.800000000000000000e+01 1.656248425363828858e+01 4.008239594498743535e-02 8.668363561034300801e+03
8.800000000000000000e+01 1.671034250355852890e+01 2.109254771079555404e-02 6.155465981472800195e+03
8.900000000000000000e+01 1.575603789962313961e+01 5.002241783031367850e-02 4.810159607929400408e+03
8.900000000000000000e+01 1.694464723915604409e+01 2.577412153533113065e-02 7.503030499846599923e+03
8.900000000000000000e+01 1.652947150877163907e+01 4.051767344970950285e-02 8.668363561034300801e+03
8.900000000000000000e+01 1.667469007388200097e+01 2.133410687050462176e-02 6.155465981472800195e+03
9.000000000000000000e+01 1.691525883566120925e+01 2.612374424557513744e-02 7.503030499846599923e+03
9.000000000000000000e+01 1.649645876390498955e+01 4.095628988511692409e-02 8.668363561034300801e+03
9.000000000000000000e+01 1.662174302093495726e+01 2.157806865455299053e-02 6.155465981472800195e+03
9.100000000000000000e+01 1.688587043216637085e+01 2.647761697718150134e-02 7.503030499846599923e+03
9.100000000000000000e+01 1.646344601903834004e+01 4.139812245223744441e-02 8.668363561034300801e+03
9.100000000000000000e+01 1.656879596798791709e+01 2.182435082877389257e-02 6.155465981472800195e+03
9.200000000000000000e+01 1.685648202867153245e+01 2.683558376691022596e-02 7.503030499846599923e+03
9.200000000000000000e+01 1.643043327417168697e+01 4.184305288564351549e-02 8.668363561034300801e+03
9.200000000000000000e+01 1.651584891504087338e+01 2.207287364099539198e-02 6.155465981472800195e+03
9.300000000000000000e+01 1.682408415853554473e+01 2.719749488384112790e-02 7.503030499846599923e+03
9.300000000000000000e+01 1.639742052930503746e+01 4.229096730546147431e-02 8.668363561034300801e+03
9.400000000000000000e+01 1.678101636121737172e+01 2.756320592233714104e-02 7.503030499846599923e+03
9.400000000000000000e+01 1.636440778443838795e+01 4.274175607060549248e-02 8.668363561034300801e+03
9.500000000000000000e+01 1.673794856389919872e+01 2.793257680543203766e-02 7.503030499846599923e+03
9.500000000000000000e+01 1.633139503957173844e+01 4.319531363375644223e-02 8.668363561034300801e+03
9.600000000000000000e+01 1.669488076658102571e+01 2.830547293522666166e-02 7.503030499846599923e+03
9.600000000000000000e+01 1.629838229470508537e+01 4.365153839853537499e-02 8.668363561034300801e+03
9.700000000000000000e+01 1.665181296926285270e+01 2.868176519463609339e-02 7.503030499846599923e+03
9.700000000000000000e+01 1.626536954983843586e+01 4.411033257924303758e-02 8.668363561034300801e+03
9.800000000000000000e+01 1.660874517194467970e+01 2.906132975306912822e-02 7.503030499846599923e+03
9.800000000000000000e+01 1.623235680497178635e+01 4.457160206347143827e-02 8.668363561034300801e+03
9.900000000000000000e+01 1.656567737462650669e+01 2.944404787223937198e-02 7.503030499846599923e+03
9.900000000000000000e+01 1.619934406010513683e+01 4.503525627784055879e-02 8.668363561034300801e+03
1.000000000000000000e+02 1.652260957730833013e+01 2.982980571331313169e-02 7.503030499846599923e+03
1.000000000000000000e+02 1.616633131523848377e+01 4.550120805704583465e-02 8.668363561034300801e+03
1.010000000000000000e+02 1.647954177999015712e+01 3.021849414639842663e-02 7.503030499846599923e+03
1.010000000000000000e+02 1.613331857037183426e+01 4.596937351638608754e-02 8.668363561034300801e+03
1.020000000000000000e+02 1.643647398267198412e+01 3.061000856319759031e-02 7.503030499846599923e+03
1.020000000000000000e+02 1.610030582550518474e+01 4.643967192787037956e-02 8.668363561034300801e+03
1.030000000000000000e+02 1.639340618535381111e+01 3.100424869349269197e-02 7.503030499846599923e+03
1.030000000000000000e+02 1.606729308063853523e+01 4.691202559998696592e-02 8.668363561034300801e+03
1.040000000000000000e+02 1.635033838803563810e+01 3.140111842600940700e-02 7.503030499846599923e+03
1.040000000000000000e+02 1.603428033577188216e+01 4.738635976118067000e-02 8.668363561034300801e+03
1.050000000000000000e+02 1.630727059071746510e+01 3.180052563408135302e-02 7.503030499846599923e+03
1.050000000000000000e+02 1.600126759090523265e+01 4.786260244705973360e-02 8.668363561034300801e+03
1.060000000000000000e+02 1.626420279339929209e+01 3.220238200642252385e-02 7.503030499846599923e+03
1.070000000000000000e+02 1.622113499608111908e+01 3.260660288325589046e-02 7.503030499846599923e+03
1.080000000000000000e+02 1.617806719876294608e+01 3.301310709793917053e-02 7.503030499846599923e+03
1.090000000000000000e+02 1.613499940144477307e+01 3.342181682419738398e-02 7.503030499846599923e+03
1.100000000000000000e+02 1.609193160412659651e+01 3.383265742899334294e-02 7.503030499846599923e+03
1.110000000000000000e+02 1.604886380680842350e+01 3.424555733102444682e-02 7.503030499846599923e+03
1.120000000000000000e+02 1.600579600949025050e+01 3.466044786482111451e-02 7.503030499846599923e+03
1.130000000000000000e+02 1.596272821217207749e+01 3.507726315034752351e-02 7.503030499846599923e+03
1.140000000000000000e+02 1.591966041485390448e+01 3.549593996803093732e-02 7.503030499846599923e+03
1.150000000000000000e+02 1.587659261753573148e+01 3.591641763908268170e-02 7.503030499846599923e+03
1.160000000000000000e+02 1.583352482021755847e+01 3.633863791097854956e-02 7.503030499846599923e+03
