1.053759601754732656e+14
1.662092168911826875e+14
1.980791424777219062e+14
5.492367163767845625e+14
6.277635454692510000e+14
6.602698403699427500e+14
6.482814281906785000e+14
6.400407850307927500e+14
6.203674646444946250e+14
6.429781822388686250e+14
7.016001335360415000e+14
7.216913724655608750e+14
7.030362072591978750e+14
7.167773515455745000e+14
7.232784772566915000e+14
7.528355468045428750e+14
7.750918888055842500e+14
8.007414401058617500e+14
8.240585633254412500e+14
8.545986393841896250e+14
8.835217571180160000e+14
9.109905856737838750e+14
9.382913714617608750e+14
9.660227999648837500e+14
9.936690970900900000e+14
1.024137600073916375e+15
1.021565905657082500e+15
1.038572377105602500e+15
1.064541765550951125e+15
1.088645168637050875e+15
1.087663637855022500e+15
1.085183310308000625e+15
1.093624747608617875e+15
1.097440928450557875e+15
1.124055955020247125e+15
1.153123430085010250e+15
1.169435533780661250e+15
1.181725853680187250e+15
1.182187369682883500e+15
1.163155849801872000e+15
1.209712852021562750e+15
1.203927484588795250e+15
1.202274075003834500e+15
1.244582935607275250e+15
1.243440311836362500e+15
1.242747585143769000e+15
1.241776369506990250e+15
1.256041198219451750e+15
1.260907781214431000e+15
1.275731275959673750e+15
1.291436276339739250e+15
1.306861000739880000e+15
1.358385324434582500e+15
1.348697152105962250e+15
1.331617714236906250e+15
1.276114057426783000e+15
1.322418003741891500e+15
1.325773945560812750e+15
1.304708808144898250e+15
1.369237031368053000e+15
1.354574585666308000e+15
1.304405332330984250e+15
1.259935778941193000e+15
1.226648363989133750e+15
1.173973800772001250e+15
1.122677224758773500e+15
1.124931727908698125e+15
1.121991266028071250e+15
1.106230187853579250e+15
1.107989241678959875e+15
1.107974564285362625e+15
1.103975480930985625e+15
1.095773097552263375e+15
1.067893150346048750e+15
1.036862895996090750e+15
1.013309275193129625e+15
9.969484906767565000e+14
9.807688528292291250e+14
9.648623131344398750e+14
9.492313193313713750e+14
9.338775444716220000e+14
9.188015563693591250e+14
9.040031721350763750e+14
8.894813622654045000e+14
8.752344995727172500e+14
8.656076414003657500e+14
8.565008279647228750e+14
8.475847271390645000e+14
8.388492466553097500e+14
8.302835432024826250e+14
8.218776905662966250e+14
8.136225582912447500e+14
8.055097546157286250e+14
7.975316390160511250e+14
7.896812025694458750e+14
7.819521087827647500e+14
7.743385266285085000e+14
7.668351792200128750e+14
7.594372675732537500e+14
7.521404226438173750e+14
7.449406694796737500e+14
7.378343745502298750e+14
7.308182685595663750e+14
7.238893448581758750e+14
7.170448783670080000e+14
7.102823801838318750e+14
7.035995649341440000e+14
6.969943661793205000e+14
6.904648939753846250e+14
6.840093803060815000e+14
6.776262343029745000e+14
6.713139965824462500e+14
6.650712917637788750e+14
6.588968845721825000e+14
6.527896101632228750e+14
6.467483950851232500e+14
6.407722241362101250e+14
6.348601930135623750e+14
6.290114094545082500e+14
6.232250618099123750e+14
6.175004095942021250e+14
6.118366965516210000e+14
6.062332633171561250e+14
6.006894651587970000e+14
5.952046834093207500e+14
5.897783478609755000e+14
5.844098848284016250e+14
5.790987762651423750e+14
5.738445165919168750e+14
5.686466053100426250e+14
5.635045851747532500e+14
5.584179874911773750e+14
5.533863878388918750e+14
5.484093465226755000e+14
5.434864675812306250e+14
5.386173307225633125e+14
5.338015496239796875e+14
5.290387575790813750e+14
5.243285653209948750e+14
5.196706144897986875e+14
5.150645547992246250e+14
5.105100435906593125e+14
5.060067172361770000e+14
5.015542578460645000e+14
4.971523403992972500e+14
4.928006422493151250e+14
4.884988252021706250e+14
4.842466139277363125e+14
4.800436724075613125e+14
4.758897162256749375e+14
4.717844448190603125e+14
4.677275632233576875e+14
4.637188024735541875e+14
4.597578582111900000e+14
4.558444746700590625e+14
4.519783713000379375e+14
4.481592755161277500e+14
4.443869249846752500e+14
4.406610729735851875e+14
4.369814427093345000e+14
4.333478073522508750e+14
4.297599021896105625e+14
4.262174905964189375e+14
4.227203204849300625e+14
4.192681710518591250e+14
4.158607997787696250e+14
4.124979700573771875e+14
4.091794578603490625e+14
4.059050320731187500e+14
4.026744654143912500e+14
3.994875358723886250e+14
3.963440187297528750e+14
3.932436741067354375e+14
3.901862887145120625e+14
3.871716275303768125e+14
3.841994564600290625e+14
3.812695367607598125e+14
3.783816223412783750e+14
3.755354647458760625e+14
3.727308118370730000e+14
3.699673792897143750e+14
3.672449075323589375e+14
3.645630818582028750e+14
3.619216187397301875e+14
3.593201681327545000e+14
3.567584075129215000e+14
3.542359659025499375e+14
3.517524730218748125e+14
3.494058644383895625e+14
3.471497057406301875e+14
3.449239747132691250e+14
3.427293037365833750e+14
3.405652916753995625e+14
3.384315170719255625e+14
3.360255576238100625e+14
3.335423078479848750e+14
3.311033325807913125e+14
3.287075797208190000e+14
3.263543172410726250e+14
3.240427605131991250e+14
3.217720592138720000e+14
3.184089667190856875e+14
3.146988253110977500e+14
3.110206315706692500e+14
3.073765616498188750e+14
3.033629103696173750e+14
2.991242672417094375e+14
2.948685181608721875e+14
2.905910716499145625e+14
2.868718040401455625e+14
2.834188551194553125e+14
2.799969297174636250e+14
2.766100845669376562e+14
2.749605932322427812e+14
2.738083903378910000e+14
2.725506114187851875e+14
2.714317637769414688e+14
2.704474858337902188e+14
2.695961607719575938e+14
2.670379425251515625e+14
2.637082413592150625e+14
2.586360348973611562e+14
2.523674948934199688e+14
2.487658175430478438e+14
2.455126180238060625e+14
2.406310257844678125e+14
2.361667217048979375e+14
2.323275600139100625e+14
2.304771105422887188e+14
2.295557545256786562e+14
2.285795098036411562e+14
2.275613099465117188e+14
2.265047769124765312e+14
2.253992292810835000e+14
2.216222945479175312e+14
2.177535327416520312e+14
2.129720329210540938e+14
2.072750843239039375e+14
2.015792052803983125e+14
1.958859440638099062e+14
1.908136193739126875e+14
1.868144540120200938e+14
1.838110874616721562e+14
1.808544440785018750e+14
1.779584265229190312e+14
1.752856893384085312e+14
1.762168311337210625e+14
1.786466846797192500e+14
1.812882516256881250e+14
1.843730376428879062e+14
1.877946972520671875e+14
1.912059168762278125e+14
1.915146035042738750e+14
1.917265691292685000e+14
1.852134864968009688e+14
1.774804158030042500e+14
1.747077353351575312e+14
1.720458835082356562e+14
1.694284280284481875e+14
1.668589575466386875e+14
1.643362910158395938e+14
1.618593041788103438e+14
1.602128009857273750e+14
1.584832630891072812e+14
1.567318383836718125e+14
1.549576306631610938e+14
1.531608799655783125e+14
1.513417262678352812e+14
1.498053488522312500e+14
1.488152685463021250e+14
1.454304913365426562e+14
1.419413600089920938e+14
1.385370331912118125e+14
1.352212102286187031e+14
1.319522983988427031e+14
1.326914728174474062e+14
1.347051344982375469e+14
1.357574613764042344e+14
1.363186036598134688e+14
1.364265467798355156e+14
1.347047475097850312e+14
1.331213556312891094e+14
1.318467122304411562e+14
1.305978417934128125e+14
1.293295165223371250e+14
1.280451309936607031e+14
1.322889066314388750e+14
1.306450635302573594e+14
1.292217164287661250e+14
1.276480358469880625e+14
1.261199449270480156e+14
1.249544622971139688e+14
1.240839267831993750e+14
1.233595814333754219e+14
1.212705575578561562e+14
1.181201178487826875e+14
1.151034006014647656e+14
1.122093266933452969e+14
1.094283134637759219e+14
1.067516218145695625e+14
1.041712971105897344e+14
1.016801054817268438e+14
1.012116310804400781e+14
1.016433649388277656e+14
1.022305709875710000e+14
1.028626179775714844e+14
1.035104992391773594e+14
9.419975412247771875e+13
9.499579913533725000e+13
9.557856247186515625e+13
9.646493802193264062e+13
9.714194067041323438e+13
9.778281074658360938e+13
9.857210397104904688e+13
9.935551460975239062e+13
9.987643589394142188e+13
1.009156300195847344e+14
1.016922905113988750e+14
1.024666945181191875e+14
1.032388712240810469e+14
1.035875203167918594e+14
1.037381994891116875e+14
1.038447852582234062e+14
1.038981793479502812e+14
1.038969313088978594e+14
1.038398078032960000e+14
1.037256859228587812e+14
1.035535567037037969e+14
1.033225299811173438e+14
1.030318598472078281e+14
1.015628504224746719e+14
9.960301423163814062e+13
9.767592711118939062e+13
9.578350308033526562e+13
9.392520068482243750e+13
9.210047467023078125e+13
9.030877836712407812e+13
8.854957210121814062e+13
8.682232193830510938e+13
8.512649262054107812e+13
8.346155506413567188e+13
8.067260321095370312e+13
7.753482841068809375e+13
7.449559077375793750e+13
7.155213328116968750e+13
6.870127186347051562e+13
6.593990253812768750e+13
6.326499122749217188e+13
6.335571325655382031e+13
6.408689143461970312e+13
6.473754226603211719e+13
6.531724786566597656e+13
6.582605975206739844e+13
6.626477491920548438e+13
6.663432309407179688e+13
6.673640582962288281e+13
6.717202769970407812e+13
7.541669021786867188e+13
6.187659531640582031e+13
6.639839916720686719e+13
6.720992031358335938e+13
6.692297640230679688e+13
6.648164338610925000e+13
6.601166768331384375e+13
6.552693072560614062e+13
6.503444747861212500e+13
6.453422206736467188e+13
6.402593726539811719e+13
6.350918476766664062e+13
6.298353413677017969e+13
6.245876657803175000e+13
2.573940653909551875e+14
2.442891166119585000e+14
2.318362619617829688e+14
2.200026629974144688e+14
2.087571253105939062e+14
1.980700158510045000e+14
1.879131843695233125e+14
1.782598887713539688e+14
1.690847241787003125e+14
1.603635555123844375e+14
1.520734534104431562e+14
1.441926333103236250e+14
1.367003975289014688e+14
1.295770801819332031e+14
1.228039947911146250e+14
1.163633844330564531e+14
1.102383742900107500e+14
1.044129264669364375e+14
9.887179694374804688e+13
9.887179694373637500e+13
9.887179694372475000e+13
