1.572705406858215760e+01
1.635063235276622251e+01
1.666570565183404540e+01
1.705429175967096356e+01
1.667989397967164678e+01
1.646832273697735971e+01
1.618563972754208891e+01
1.723375547332486946e+01
1.669970565183404787e+01
1.645986931604625880e+01
1.720729175967096225e+01
1.696989397967164592e+01
1.679932273697735567e+01
1.659263972754209249e+01
1.719475547332486798e+01
1.698370565183404679e+01
1.685386931604625715e+01
1.732775547332486354e+01
1.709170565183404378e+01
1.688886931604625374e+01
1.728329175967096276e+01
1.712589397967164828e+01
1.698332273697735317e+01
1.722963235276622385e+01
1.681063972754208891e+01
1.710205406858216293e+01
1.725775547332486681e+01
1.713770565183404315e+01
1.696886931604625914e+01
1.730029175967096933e+01
1.720089397967164402e+01
1.706632273697735869e+01
1.693063972754209345e+01
1.731475547332486187e+01
1.719470565183404531e+01
1.706586931604625690e+01
1.732075547332486209e+01
1.724670565183404136e+01
1.711686931604625528e+01
1.736575547332486380e+01
1.725870565183404537e+01
1.711386931604625516e+01
1.732729175967096324e+01
1.723189397967164993e+01
1.714232273697735920e+01
1.699463972754208996e+01
1.731063235276622336e+01
1.729305406858216543e+01
1.731329175967096390e+01
1.722889397967164626e+01
1.707932273697735681e+01
1.697263972754209505e+01
1.726429175967096796e+01
1.722489397967164848e+01
1.706332273697735857e+01
1.691363972754209399e+01
1.727429175967096242e+01
1.704732273697735678e+01
1.687263972754209007e+01
1.727475547332486272e+01
1.722970565183404545e+01
1.700186931604625684e+01
1.723429175967096683e+01
1.721589397967164459e+01
1.700532273697735874e+01
1.689663972754209453e+01
1.720929175967096825e+01
1.720089397967164402e+01
1.713263235276622254e+01
1.708032273697735448e+01
1.692063972754209544e+01
1.719505406858216290e+01
1.717475547332486485e+01
1.721175547332486744e+01
1.721670565183404733e+01
1.703886931604625943e+01
1.713729175967096197e+01
1.719089397967164601e+01
1.699932273697735852e+01
1.690863972754209144e+01
1.712375547332487002e+01
1.718370565183404608e+01
1.696786931604625792e+01
1.714529175967096464e+01
1.720489397967164891e+01
1.702732273697735721e+01
1.692063972754209544e+01
1.725770565183404770e+01
1.716275547332486795e+01
1.723370565183404679e+01
1.700886931604625829e+01
1.715429175967096853e+01
1.720289397967165002e+01
1.700232273697735863e+01
1.694963972754208825e+01
1.712729175967096751e+01
1.723989397967164905e+01
1.704432273697735312e+01
1.694163972754209269e+01
1.714475547332486371e+01
1.724870565183404736e+01
1.702486931604625653e+01
1.707829175967096802e+01
1.720689397967164425e+01
1.701463235276622044e+01
1.704632273697735911e+01
1.692763972754209334e+01
1.724505406858216006e+01
1.701175547332486815e+01
1.718670565183404975e+01
1.698486931604625738e+01
1.703329175967096631e+01
1.718389397967164811e+01
1.704632273697735911e+01
1.692963972754209578e+01
1.697929175967096782e+01
1.719489397967164734e+01
1.703832273697735999e+01
1.690863235276621879e+01
1.692663972754209567e+01
1.718705406858216378e+01
1.692529175967096933e+01
1.719289397967164845e+01
1.702832273697735488e+01
1.692363972754209200e+01
1.690175547332486516e+01
1.707970565183404688e+01
1.681063235276621981e+01
1.718005406858216588e+01
1.686775547332486980e+01
1.718170565183404719e+01
1.704386931604625133e+01
1.683529175967096592e+01
1.715789397967164831e+01
1.705232273697735934e+01
1.696963972754209138e+01
1.683129175967096458e+01
1.717889397967164911e+01
1.707032273697736002e+01
1.699363972754208874e+01
1.679629175967096799e+01
1.712189397967164695e+01
1.702932273697735965e+01
1.697663972754209283e+01
1.678775547332486795e+01
1.712770565183404514e+01
1.700586931604625818e+01
1.708689397967165036e+01
1.701832273697735687e+01
1.671875547332486533e+01
1.708470565183404233e+01
1.696586931604625548e+01
1.668629175967096501e+01
1.711189397967164894e+01
1.701532273697736031e+01
1.693563972754209246e+01
1.676975547332486727e+01
1.715170565183404605e+01
1.708086931604625747e+01
1.662163235276622331e+01
1.668875547332486420e+01
1.711570565183404113e+01
1.701786931604625508e+01
1.669929175967096668e+01
1.709689397967164837e+01
1.702832273697735488e+01
1.693563972754209246e+01
1.670075547332486821e+01
1.713870565183404437e+01
1.703986931604625710e+01
1.670029175967096791e+01
1.709289397967164703e+01
1.696532273697735604e+01
1.699563972754208763e+01
1.658163235276622061e+01
1.664675547332486616e+01
1.709670565183404634e+01
1.700486931604625696e+01
1.666229175967096765e+01
1.699789397967165172e+01
1.704732273697735678e+01
1.694363972754209158e+01
1.663829175967096674e+01
1.706289397967164589e+01
1.702032273697735931e+01
1.696663972754209482e+01
1.661029175967096450e+01
1.705289397967164788e+01
1.701032273697735775e+01
1.695863972754209215e+01
1.659475547332486656e+01
1.709370565183404267e+01
1.702286931604625764e+01
1.658629175967096714e+01
1.704189397967164865e+01
1.699932273697735852e+01
1.696163972754209226e+01
1.656675547332486431e+01
1.646763235276622339e+01
1.659129175967096614e+01
1.706389397967164356e+01
1.700732273697735764e+01
1.694663972754209169e+01
1.658375547332486732e+01
1.707370565183404665e+01
1.702486931604625653e+01
1.698889397967165138e+01
1.693432273697735724e+01
1.655029175967096577e+01
1.703289397967164476e+01
1.698732273697735806e+01
1.694463972754209280e+01
1.651829175967096575e+01
1.700889397967164385e+01
1.697732273697736005e+01
1.693763972754209135e+01
1.705805406858216600e+01
1.648829175967096461e+01
1.700489397967164962e+01
1.696332273697736071e+01
1.690063972754209232e+01
1.637063235276622564e+01
1.702905406858216253e+01
1.641229175967096410e+01
1.695189397967164879e+01
1.691432273697736122e+01
1.689463972754208854e+01
1.630463235276622314e+01
1.695789397967164902e+01
1.691232273697735522e+01
1.638929175967096441e+01
1.693989397967164479e+01
1.689232273697735920e+01
1.689163972754209198e+01
1.698470565183404446e+01
1.620775547332486255e+01
1.692070565183404796e+01
1.682686931604625613e+01
1.630229175967096822e+01
1.685789397967165115e+01
1.689132273697735442e+01
1.685763972754208950e+01
1.620329175967096802e+01
1.686589397967164317e+01
1.689832273697735943e+01
1.683463972754209337e+01
1.614229175967096808e+01
1.679689397967165121e+01
1.680732273697736190e+01
1.678563972754209388e+01
1.614529175967096464e+01
1.675689397967164496e+01
1.676332273697735786e+01
1.672763972754209405e+01
1.607175547332486687e+01
1.679670565183404918e+01
1.675786931604625707e+01
1.608429175967096469e+01
1.673889397967165138e+01
1.676032273697735420e+01
1.674363972754209229e+01
1.676405406858215841e+01
1.587963235276622598e+01
1.601829175967096219e+01
1.677989397967164464e+01
1.669032273697735747e+01
1.671563972754209360e+01
1.591129175967096998e+01
1.666089397967164842e+01
1.664432273697735809e+01
1.660863972754209072e+01
1.573629175967096394e+01
1.658789397967164803e+01
1.658932273697735837e+01
1.659163972754209482e+01
1.650389397967164840e+01
1.651732273697735920e+01
1.573129175967096671e+01
1.647489397967164493e+01
1.656032273697735846e+01
1.658563972754209459e+01
1.547863235276622440e+01
1.560129175967096771e+01
1.644289397967164845e+01
1.645632273697735926e+01
1.641963972754209067e+01
1.537675547332486303e+01
1.629570565183404796e+01
1.626486931604625497e+01
1.412275547332486880e+01
1.527670565183404605e+01
1.510986931604625738e+01
1.408075547332486366e+01
1.514070565183404327e+01
1.493586931604625789e+01
1.399770565183404258e+01
1.294875547332486931e+01
1.398970565183404346e+01
1.357686931604625613e+01
1.282263235276622204e+01
1.380605406858215822e+01
1.293075547332486686e+01
1.376270565183404493e+01
1.348686931604625627e+01
1.376605406858216263e+01
1.360905406858216082e+01
1.356405406858215912e+01
1.285863235276622696e+01
1.338586931604625718e+01
1.346105406858216291e+01
1.261863235276622319e+01
1.357505406858216013e+01
1.354089397967164388e+01
1.341605406858216121e+01
1.267763235276622247e+01
1.351389397967164996e+01
1.340005406858216297e+01
1.326489397967164763e+01
1.323705406858216271e+01
1.277575547332486749e+01
1.325070565183404270e+01
1.262163235276622508e+01
1.267875547332486263e+01
1.336570565183404646e+01
1.310986931604625561e+01
1.270075547332486465e+01
1.318570565183404852e+01
1.302386931604625531e+01
1.312205406858215895e+01
1.270675547332486843e+01
1.313170565183404648e+01
1.294186931604625634e+01
1.307405406858215891e+01
1.257063235276622315e+01
1.250463235276622243e+01
1.295005406858216013e+01
1.243863235276622525e+01
1.235875547332486768e+01
1.306670565183404520e+01
1.287286931604625728e+01
1.292905406858215933e+01
1.235663235276622451e+01
1.296905406858216026e+01
1.238075547332486437e+01
1.304770565183404685e+01
1.290686931604625798e+01
1.247875547332486690e+01
1.225463235276622420e+01
1.282805406858216024e+01
1.240775547332486894e+01
1.286470565183404702e+01
1.276586931604625264e+01
1.243475547332486286e+01
1.240675547332486772e+01
1.248270565183404379e+01
1.279686931604625677e+01
1.250905406858216118e+01
1.244175547332486431e+01
1.244570565183404653e+01
1.263086931604625818e+01
1.243105406858216178e+01
1.245305406858216024e+01
1.220275547332486710e+01
1.239770565183404649e+01
1.272386931604625815e+01
1.231805406858216223e+01
1.210463235276622562e+01
1.205475547332486563e+01
1.219870565183404310e+01
1.266186931604625698e+01
1.219305406858216223e+01
1.223705406858216094e+01
1.223470565183404801e+01
1.256186931604625912e+01
1.212705406858216328e+01
1.179263235276622446e+01
1.198970565183404702e+01
1.239486931604625752e+01
1.198770565183404813e+01
1.184570565183404867e+01
1.719329175967097001e+01
1.708429175967096469e+01
1.708129175967096813e+01
1.648729175967096694e+01
1.645429175967096569e+01
1.423429175967096505e+01
1.406529175967096279e+01
1.266429175967096477e+01
1.221829175967096859e+01
1.192829175967096589e+01
1.121629175967096437e+01
1.128729175967096765e+01
1.063329175967096774e+01
1.706189397967164822e+01
1.716589397967165098e+01
1.711789397967164916e+01
1.706989397967164379e+01
1.705889397967165166e+01
1.674389397967164328e+01
1.661489397967164905e+01
1.615889397967164953e+01
1.582489397967164990e+01
1.517289397967164710e+01
1.321189397967164680e+01
1.314889397967164797e+01
1.281989397967165090e+01
1.263389397967164385e+01
1.220989397967164791e+01
1.207089397967164679e+01
1.191889397967164577e+01
1.196189397967164680e+01
1.124089397967165027e+01
1.113489397967164862e+01
1.090189397967164808e+01
1.039189397967164652e+01
1.040489397967164820e+01
1.704432273697735312e+01
1.705132273697736167e+01
1.705032273697735334e+01
1.701532273697736031e+01
1.665632273697735855e+01
1.619832273697736014e+01
1.528432273697736044e+01
1.317232273697736211e+01
1.225932273697736186e+01
1.193932273697736157e+01
1.107132273697735947e+01
1.126232273697736197e+01
1.063932273697735731e+01
1.694663972754209169e+01
1.693063972754209345e+01
1.696963972754209138e+01
1.697663972754209283e+01
1.675263972754209263e+01
1.593963972754209557e+01
1.319863972754209414e+01
1.292063972754209367e+01
1.242663972754209389e+01
1.195563972754209026e+01
1.172263972754209327e+01
1.176563972754209431e+01
1.133563972754209637e+01
1.147563972754208983e+01
