-5.519000000000232831e+00
-5.472000000001571607e+00
-4.611000000004423782e+00
-4.565999999998894054e+00
-4.561000000001513399e+00
-4.558000000004540198e+00
-4.552000000003317837e+00
-4.421999999998661224e+00
-4.421000000002095476e+00
-4.419999999998253770e+00
-3.544999999998253770e+00
-3.539000000004307367e+00
-3.537000000003899913e+00
-3.531999999999243300e+00
-3.175000000002910383e+00
-3.173999999999068677e+00
-3.173000000002502929e+00
-2.989999999997962732e+00
-2.989000000001396984e+00
-2.988000000004831236e+00
-2.546000000002095476e+00
-2.540000000000873115e+00
-2.537000000003899913e+00
-2.529999999998835847e+00
-2.529000000002270099e+00
-2.474000000001979060e+00
-2.226999999998952262e+00
-2.226000000002386514e+00
-2.224999999998544808e+00
-1.544999999998253770e+00
-1.539000000004307367e+00
-1.531999999999243300e+00
-1.531000000002677552e+00
-1.310000000004947651e+00
-1.309000000001105946e+00
-1.308000000004540198e+00
-2.090000000025611371e-01
-2.079999999987194315e-01
-2.070000000021536835e-01
0.000000000000000000e+00
9.999999965657480061e-04
2.000000000407453626e-03
4.579999999987194315e-01
4.609999999956926331e-01
4.680000000007566996e-01
4.740000000019790605e-01
4.769999999989522621e-01
5.270000000018626451e-01
1.457999999998719431e+00
1.460999999995692633e+00
1.468999999997322448e+00
1.472999999998137355e+00
2.485000000000582077e+00
2.489999999997962732e+00
2.495999999999185093e+00
2.498999999996158294e+00
3.458999999995285179e+00
3.466999999996914994e+00
3.474000000001979060e+00
3.997999999999592546e+00
3.998999999996158294e+00
4.000000000000000000e+00
4.461999999999534339e+00
4.462999999996100087e+00
4.470999999997729901e+00
4.474000000001979060e+00
5.458999999995285179e+00
5.466000000000349246e+00
5.470000000001164153e+00
5.472000000001571607e+00
5.474999999998544808e+00
5.533999999999650754e+00
5.756000000001222361e+00
6.019999999996798579e+00
6.021000000000640284e+00
6.021999999997206032e+00
7.462999999996100087e+00
7.468000000000756700e+00
7.472000000001571607e+00
7.476999999998952262e+00
7.817999999999301508e+00
7.818999999995867256e+00
7.819999999999708962e+00
8.495999999999185093e+00
8.502999999996973202e+00
8.506000000001222361e+00
8.510999999998603016e+00
9.144999999996798579e+00
9.167999999997846317e+00
9.169000000001688022e+00
9.169999999998253770e+00
9.462999999996100087e+00
9.470999999997729901e+00
9.472000000001571607e+00
9.478999999999359716e+00
1.046399999999994179e+01
1.046699999999691499e+01
1.047200000000157161e+01
1.047599999999511056e+01
1.097799999999551801e+01
1.097899999999935972e+01
1.097999999999592546e+01
1.146299999999610009e+01
1.146899999999732245e+01
1.147099999999772990e+01
1.147200000000157161e+01
1.147699999999895226e+01
1.151199999999516876e+01
1.270199999999749707e+01
1.270300000000133878e+01
1.270399999999790452e+01
1.346699999999691499e+01
1.347200000000157161e+01
1.347400000000197906e+01
1.348099999999976717e+01
1.446600000000034925e+01
1.447200000000157161e+01
1.447400000000197906e+01
1.447899999999935972e+01
1.447999999999592546e+01
1.450699999999778811e+01
1.554599999999481952e+01
1.554999999999563443e+01
1.555700000000069849e+01
1.555999999999767169e+01
1.580799999999726424e+01
1.580900000000110595e+01
1.747099999999772990e+01
1.750299999999697320e+01
1.900299999999697320e+01
1.900400000000081491e+01
1.900499999999738066e+01
1.954699999999866122e+01
1.955299999999988358e+01
1.955599999999685679e+01
1.956100000000151340e+01
2.055099999999947613e+01
2.055500000000029104e+01
2.055799999999726424e+01
2.056399999999848660e+01
2.152399999999761349e+01
2.153199999999924330e+01
2.153399999999965075e+01
2.154000000000087311e+01
2.207200000000011642e+01
2.207299999999668216e+01
2.207400000000052387e+01
2.254699999999866122e+01
2.254899999999906868e+01
2.261699999999837019e+01
2.261799999999493593e+01
2.261899999999877764e+01
2.352599999999802094e+01
2.353199999999924330e+01
2.353499999999621650e+01
2.354000000000087311e+01
2.408599999999569263e+01
2.408699999999953434e+01
2.408799999999610009e+01
2.446499999999650754e+01
2.575299999999697320e+01
2.575400000000081491e+01
2.575499999999738066e+01
2.652599999999802094e+01
2.653199999999924330e+01
2.653600000000005821e+01
2.654000000000087311e+01
2.710699999999633292e+01
2.710800000000017462e+01
2.710899999999674037e+01
2.752700000000186265e+01
2.753199999999924330e+01
2.753699999999662396e+01
2.754000000000087311e+01
2.850899999999819556e+01
2.902700000000186265e+01
2.902799999999842839e+01
2.902899999999499414e+01
2.952700000000186265e+01
2.953399999999965075e+01
2.953800000000046566e+01
2.954000000000087311e+01
3.052999999999883585e+01
3.053199999999924330e+01
3.054000000000087311e+01
3.054400000000168802e+01
3.152899999999499414e+01
3.153199999999924330e+01
3.153699999999662396e+01
3.154499999999825377e+01
3.164099999999598367e+01
3.164199999999982538e+01
3.164299999999639113e+01
3.252899999999499414e+01
3.253399999999965075e+01
3.254000000000087311e+01
3.254200000000128057e+01
3.311400000000139698e+01
3.347799999999551801e+01
3.353099999999540159e+01
3.353199999999924330e+01
3.354000000000087311e+01
3.354499999999825377e+01
3.406799999999930151e+01
3.406899999999586726e+01
3.406999999999970896e+01
3.451999999999679858e+01
3.452199999999720603e+01
3.452999999999883585e+01
3.453600000000005821e+01
3.454099999999743886e+01
3.454400000000168802e+01
3.552999999999883585e+01
3.553399999999965075e+01
3.553899999999703141e+01
3.554400000000168802e+01
3.651299999999901047e+01
3.752799999999842839e+01
3.753600000000005821e+01
3.754099999999743886e+01
3.754599999999481952e+01
3.947599999999511056e+01
3.951399999999557622e+01
4.149599999999918509e+01
4.150099999999656575e+01
4.150299999999697320e+01
4.150800000000162981e+01
4.249199999999837019e+01
4.249699999999575084e+01
4.250000000000000000e+01
4.256300000000192085e+01
4.256599999999889405e+01
4.257400000000052387e+01
4.257600000000093132e+01
4.305700000000069849e+01
4.499599999999918509e+01
4.499699999999575084e+01
4.499799999999959255e+01
4.653600000000005821e+01
4.654000000000087311e+01
4.654599999999481952e+01
4.655199999999604188e+01
4.753499999999621650e+01
4.754000000000087311e+01
4.754400000000168802e+01
4.755299999999988358e+01
4.953600000000005821e+01
4.953899999999703141e+01
4.954699999999866122e+01
4.954999999999563443e+01
5.053399999999965075e+01
5.054200000000128057e+01
5.054699999999866122e+01
5.054899999999906868e+01
5.097499999999854481e+01
5.097599999999511056e+01
5.097699999999895226e+01
5.153499999999621650e+01
5.154000000000087311e+01
5.154299999999784632e+01
5.155099999999947613e+01
5.245399999999790452e+01
5.247599999999511056e+01
5.253600000000005821e+01
5.254299999999784632e+01
5.254400000000168802e+01
5.254899999999906868e+01
5.353699999999662396e+01
5.354000000000087311e+01
5.354400000000168802e+01
5.355099999999947613e+01
5.453699999999662396e+01
5.454200000000128057e+01
5.454499999999825377e+01
5.454799999999522697e+01
5.550200000000040745e+01
5.550499999999738066e+01
5.553399999999965075e+01
5.554099999999743886e+01
5.554499999999825377e+01
5.554999999999563443e+01
5.648999999999796273e+01
5.653699999999662396e+01
5.653800000000046566e+01
5.654599999999481952e+01
5.655099999999947613e+01
5.805099999999947613e+01
5.805199999999604188e+01
5.805299999999988358e+01
7.002300000000104774e+01
7.002399999999761349e+01
7.002500000000145519e+01
7.964499999999679858e+01
7.964600000000064028e+01
7.964699999999720603e+01
1.827649999999994179e+02
1.887529999999969732e+02
1.887549999999973807e+02
1.887569999999977881e+02
1.957940000000016880e+02
1.958399999999965075e+02
1.997839999999996508e+02
1.997849999999962165e+02
1.997860000000000582e+02
1.998389999999999418e+02
2.037849999999962165e+02
2.077889999999970314e+02
2.078199999999997090e+02
2.090109999999986030e+02
2.137940000000016880e+02
2.138269999999974971e+02
2.158549999999959255e+02
2.168539999999993597e+02
2.177629999999990105e+02
2.178039999999964493e+02
2.188189999999958673e+02
2.198029999999998836e+02
2.208240000000005239e+02
2.227770000000018626e+02
2.228110000000015134e+02
2.228119999999980791e+02
2.228189999999958673e+02
2.285709999999962747e+02
2.285740000000005239e+02
2.285769999999974971e+02
2.345489999999990687e+02
2.345499999999956344e+02
2.345509999999994761e+02
2.357929999999978463e+02
2.405400000000008731e+02
2.405429999999978463e+02
2.405469999999986612e+02
2.407220000000015716e+02
2.407509999999965657e+02
2.426779999999998836e+02
2.427459999999991851e+02
2.447429999999949359e+02
2.465270000000018626e+02
2.465279999999984284e+02
2.465289999999949941e+02
2.466569999999992433e+02
2.467399999999979627e+02
2.487109999999956926e+02
2.487969999999986612e+02
2.487979999999952270e+02
2.487989999999990687e+02
2.505829999999987194e+02
2.507370000000009895e+02
2.507609999999986030e+02
2.565910000000003492e+02
2.565919999999969150e+02
2.565930000000007567e+02
2.632399999999979627e+02
2.647079999999987194e+02
2.647109999999956926e+02
2.647129999999961001e+02
2.686909999999988941e+02
2.695479999999952270e+02
2.695489999999990687e+02
2.695499999999956344e+02
2.707399999999979627e+02
2.727649999999994179e+02
2.743169999999954598e+02
2.743179999999993015e+02
2.743189999999958673e+02
2.746939999999958673e+02
2.766569999999992433e+02
2.806569999999992433e+02
2.806579999999958090e+02
2.806589999999996508e+02
2.816389999999955762e+02
2.836509999999980209e+02
2.854769999999989523e+02
2.854779999999955180e+02
2.876299999999973807e+02
2.877139999999999418e+02
3.024229999999952270e+02
3.024239999999990687e+02
3.045199999999967986e+02
3.073499999999985448e+02
2.557999999997264240e+00
5.547999999995226972e+00
9.547999999995226972e+00
3.455799999999726424e+01
3.759799999999813735e+01
6.354799999999522697e+01
6.755799999999726424e+01
2.148580000000001746e+02
2.508879999999990105e+02
2.818479999999981374e+02
3.357079999999987194e+02
3.426379999999990105e+02
3.655579999999972642e+02
-1.391999999999825377e+00
5.547999999995226972e+00
2.358799999999610009e+01
2.756799999999930151e+01
3.056799999999930151e+01
5.155799999999726424e+01
5.357800000000133878e+01
5.857800000000133878e+01
6.055799999999726424e+01
6.755799999999726424e+01
2.309380000000019209e+02
2.359279999999998836e+02
2.508779999999969732e+02
2.628479999999981374e+02
2.818479999999981374e+02
2.868479999999981374e+02
2.888079999999972642e+02
2.968179999999993015e+02
3.357180000000007567e+02
3.515679999999993015e+02
3.525879999999961001e+02
3.655679999999993015e+02
3.846179999999949359e+02
9.547999999995226972e+00
2.358799999999610009e+01
3.056799999999930151e+01
3.758799999999610009e+01
5.357800000000133878e+01
5.857800000000133878e+01
6.354799999999522697e+01
2.148679999999949359e+02
2.868479999999981374e+02
3.146979999999966822e+02
3.515679999999993015e+02
3.546779999999998836e+02
3.866080000000001746e+02
-1.391999999999825377e+00
2.567999999999301508e+00
2.757800000000133878e+01
3.455799999999726424e+01
5.155799999999726424e+01
6.055799999999726424e+01
2.309380000000019209e+02
2.359279999999998836e+02
2.628580000000001746e+02
2.887979999999952270e+02
2.968179999999993015e+02
3.247580000000016298e+02
3.426379999999990105e+02
3.525879999999961001e+02
