2.270794566606588281e+13
7.489158634352224609e+12
7.997284458780135742e+12
9.389847367662835938e+12
9.839480554431099609e+12
6.815121556516304688e+12
8.916536268499089844e+12
8.418762699230232422e+12
7.933831602707405273e+12
7.840528902472458008e+12
8.053869511952138672e+12
7.961494438488724609e+12
7.629283752233991211e+12
7.585673721340209961e+12
7.546711257973321289e+12
7.595039602790249023e+12
7.626629090828191406e+12
7.711584618573689453e+12
7.819211918282135742e+12
7.961463593022567383e+12
8.114387773267706055e+12
8.284200271804873047e+12
8.453591645461448242e+12
8.637300369299580078e+12
8.833435858896279297e+12
9.068541697625353516e+12
9.079596663584728516e+12
9.188499302151298828e+12
9.344101546894947266e+12
9.522722527579269531e+12
9.549201661336748047e+12
9.579845975683921875e+12
9.768698271114960938e+12
9.839151810521804688e+12
1.008736577949106055e+13
1.030527123266161133e+13
1.046209649455731641e+13
1.062160032453319922e+13
1.065641338587571484e+13
1.065820780112560156e+13
1.103675547188302734e+13
1.104445105328343164e+13
1.109065675346450391e+13
1.150397454946309961e+13
1.162263253103385547e+13
1.175622022297228711e+13
1.189958939549842969e+13
1.214624118491335156e+13
1.237663897978058398e+13
1.269098324557236719e+13
1.303429552532777930e+13
1.339714898589965625e+13
1.399482459970790234e+13
1.416419820131735938e+13
1.429538990878532227e+13
1.403878830203638867e+13
1.482050740560408984e+13
1.508235861113602148e+13
1.512137131510350000e+13
1.617126343897625000e+13
1.655514362730789258e+13
1.615189937279706445e+13
1.597413782852282617e+13
1.595821726739348047e+13
1.577951214386893750e+13
1.562327498277899805e+13
1.625312626379497852e+13
1.688201149227081641e+13
1.737903670197067578e+13
1.792804544192664453e+13
1.844959456676237109e+13
1.893492138257053516e+13
1.937495207799305859e+13
1.935923099808950391e+13
1.927066460398937109e+13
1.933555544293512891e+13
1.951818739230085938e+13
1.969348908326264062e+13
1.986270238770206250e+13
2.002567362879655859e+13
2.018230300236102734e+13
2.033252392202844531e+13
2.047630409003968750e+13
2.061363314528912109e+13
2.074452535089041016e+13
2.095900245650528906e+13
2.117542750282576172e+13
2.138750091332255469e+13
2.159483234909359766e+13
2.179702039359506250e+13
2.199369107625821875e+13
2.218449300839057422e+13
2.236910412708116797e+13
2.254722686429736719e+13
2.271859039838102734e+13
2.288294858401037500e+13
2.304008230591201953e+13
2.318979548426126172e+13
2.333191711451942188e+13
2.346629775940398438e+13
2.359280939369734766e+13
2.371134599192208203e+13
2.382182032793514844e+13
2.392416420544131641e+13
2.401832698364461719e+13
2.410427407487381250e+13
2.418198687957414844e+13
2.425146161350905469e+13
2.431270822639597656e+13
2.436574865878623438e+13
2.441061678477374219e+13
2.444735755355837891e+13
2.447602723884070703e+13
2.449669030480550000e+13
2.450942062866172656e+13
2.451430031135763672e+13
2.451141702919666406e+13
2.450086869041873828e+13
2.448275722767628125e+13
2.445718952706486328e+13
2.442428050328465625e+13
2.438414700679849609e+13
2.433691206458555078e+13
2.428270271668846875e+13
2.422164755813450781e+13
2.415388076180607422e+13
2.407953660373157812e+13
2.399875400253084375e+13
2.391167528656123828e+13
2.381843982160714844e+13
2.371919399290453906e+13
2.361408173346656250e+13
2.350325106042512500e+13
2.338684863484812500e+13
2.326502359549598438e+13
2.313792403288214844e+13
2.300569945876517578e+13
2.286850099191413672e+13
2.272647780238554688e+13
2.257977940422834766e+13
2.242855596614925391e+13
2.227295747734513672e+13
2.211313292073819531e+13
2.194923199707470312e+13
2.178140268197228125e+13
2.160979497623598047e+13
2.143455284506395703e+13
2.125582671173562891e+13
2.107376113640376562e+13
2.088850332938906641e+13
2.070019736846021094e+13
2.050898769114878906e+13
2.031501920517475391e+13
2.011843352486128125e+13
1.991937470834331641e+13
1.971798291859394922e+13
1.951440181794605859e+13
1.930877032421166797e+13
1.910122953527148047e+13
1.889191789861533594e+13
1.868097648307058984e+13
1.846854324186235547e+13
1.825475752835468359e+13
1.803975836751896484e+13
1.782368391343682031e+13
1.760667186679696094e+13
1.738886295206408398e+13
1.717039355684636328e+13
1.695140505827465820e+13
1.673203622914740039e+13
1.651242700672977539e+13
1.629271817454582617e+13
1.607305211528487891e+13
1.585357046489273047e+13
1.563441684365935352e+13
1.541573582246554102e+13
1.519767249703314648e+13
1.498037482493004688e+13
1.476399060877921875e+13
1.454866964433942773e+13
1.433456179539785742e+13
1.412182086532145898e+13
1.391060013346046094e+13
1.370105397585910938e+13
1.349333938485635547e+13
1.328761264865688477e+13
1.308403203140908008e+13
1.288275578596113477e+13
1.268337041190875586e+13
1.248629827520820117e+13
1.229207830613885352e+13
1.210088730795722266e+13
1.191287098983696680e+13
1.172817350336085547e+13
1.154770236005618359e+13
1.137159838318202344e+13
1.119943692418722266e+13
1.103115353413120898e+13
1.086669091837039844e+13
1.070599178094126953e+13
1.054899769585101562e+13
1.036268356919963672e+13
1.016873620359786719e+13
9.978825153862193359e+12
9.792961123686884766e+12
9.605533092404109375e+12
9.420000287617816406e+12
9.238199021551404297e+12
9.059937244495951172e+12
8.889148257980162109e+12
8.723369900708937500e+12
8.561057914853836914e+12
8.402257862441150391e+12
8.287678517566155273e+12
8.185330975344557617e+12
8.081153744517360352e+12
7.982281593239279297e+12
7.888559519628995117e+12
7.799910436569076172e+12
7.652386131008640625e+12
7.486351474209760742e+12
7.314714089567048828e+12
7.139389434741375000e+12
7.007208101964761719e+12
6.895527813041873047e+12
6.784204373292043945e+12
6.666927184656859375e+12
6.546614269392510742e+12
6.441023847670054688e+12
6.341595098688771484e+12
6.245328527786558594e+12
6.152460230838128906e+12
6.063026835240878906e+12
5.976815863084517578e+12
5.858264459648098633e+12
5.744763648166364258e+12
5.606165601185396484e+12
5.443087943268164062e+12
5.283913887569580078e+12
5.128597951149585938e+12
4.981554103232348633e+12
4.871051281738191406e+12
4.795428107738012695e+12
4.723618083563605469e+12
4.655877613665389648e+12
4.594836673132743164e+12
4.603300722491294922e+12
4.649558165402297852e+12
4.690296072081470703e+12
4.738219021777610352e+12
4.795888883955912109e+12
4.858400154064166016e+12
4.884973563343750977e+12
4.912151449139988281e+12
4.825051108346778320e+12
4.724279275403527344e+12
4.695450404524919922e+12
4.664847587584698242e+12
4.637256651150495117e+12
4.612646859824763672e+12
4.590890093340569336e+12
4.571865270397334961e+12
4.599391355766515625e+12
4.631767129152362305e+12
4.668000704401777344e+12
4.708113473006849609e+12
4.752154482518711914e+12
4.800169965024423828e+12
4.858699911890637695e+12
4.930839547211321289e+12
4.904913847120879883e+12
4.860425844455908203e+12
4.817691797129636719e+12
4.776752673334596680e+12
4.742570400019602539e+12
4.829576012496812500e+12
4.942269606751592773e+12
5.022014612214435547e+12
5.112336210560156250e+12
5.204232118650758789e+12
5.242494676893958984e+12
5.280033632321350586e+12
5.324047421195966797e+12
5.368894623844464844e+12
5.413584470438785156e+12
5.458100500826091797e+12
6.308756226307468750e+12
6.249326000307739258e+12
6.200973897856911133e+12
6.171671545521912109e+12
6.151706711100422852e+12
6.177842244361296875e+12
6.262357397181237305e+12
6.824872638858347656e+12
6.798842391396008789e+12
6.653825178131797852e+12
6.516020304604675781e+12
6.384909375854206055e+12
6.260040694873353516e+12
6.141001517832284180e+12
6.027411621470383789e+12
5.918924900762297852e+12
5.950970966002081055e+12
6.054320382403534180e+12
6.167065300365904297e+12
6.284317852061220703e+12
6.404815869251655273e+12
6.395638692480271484e+12
6.505321901881784180e+12
6.606559611976601562e+12
6.777143811714033203e+12
6.951241183031446289e+12
7.174170083080443359e+12
7.311256162932067383e+12
7.451303249357861328e+12
7.579120738552099609e+12
7.741233017833905273e+12
7.891289520403686523e+12
8.044865567131567383e+12
8.202061343597438477e+12
8.333498191433125000e+12
8.454011314382353516e+12
8.574033083773706055e+12
8.692819410078143555e+12
8.810112167693257812e+12
8.925649997664000000e+12
9.039164089171693359e+12
9.150377188099599609e+12
9.259006054077976562e+12
9.364760672012333984e+12
9.342029397874714844e+12
9.262891113153021484e+12
9.184876325757451172e+12
9.108155221539064453e+12
9.032703051812955078e+12
8.958495847272681641e+12
8.885509011900937500e+12
8.813719686191960938e+12
8.743105028207028320e+12
8.673642136973361328e+12
8.605309091971357422e+12
8.445309578456062500e+12
8.254649759610784180e+12
8.069602495762736328e+12
7.890121112890380859e+12
7.716123746673203125e+12
7.547537154490788086e+12
7.384297035186335938e+12
7.455363481218869141e+12
7.582011555091764648e+12
7.703657774809078125e+12
7.820926454219557617e+12
7.933556480799922852e+12
8.041365119493400391e+12
8.144185589850974609e+12
8.221143478891624023e+12
8.334484917689241211e+12
9.991204809131611328e+12
1.042179080464838867e+13
1.152144579246236133e+13
1.191425465068617578e+13
1.207959925485986914e+13
1.222326248931861133e+13
1.236518470958828320e+13
1.250750502535392969e+13
1.265131366623064258e+13
1.279652234658310352e+13
1.294297236680088867e+13
1.309046491468701562e+13
1.323881319070776758e+13
1.338986412328777734e+13
7.912674318114857812e+13
7.607613148917765625e+13
7.314699788154378125e+13
7.033438767393628906e+13
6.763358482360678906e+13
6.504008638336365625e+13
6.254960733832997656e+13
6.015804064988772656e+13
5.786147677588427344e+13
5.565616666401375000e+13
5.353856996146629688e+13
5.150526125928065625e+13
4.955297629788488281e+13
4.767863491774015625e+13
4.587924480855847656e+13
4.415198610228542969e+13
4.249414228492517969e+13
4.090315079780242188e+13
3.937653172213629688e+13
3.384827601811429428e-09
3.361253659658584426e-09
