3.999999999942959403e+04
3.523278191038567456e+04
3.220206714694479888e+04
1.159632933279651297e+04
1.065824524935980298e+04
1.038155057096427663e+04
1.051449192991639393e+04
1.051743605952418875e+04
1.071550495388149648e+04
1.034697071275780945e+04
9.676696690009803206e+03
9.382301923173945397e+03
9.522014330407375382e+03
9.428035944149607531e+03
9.386607326850304162e+03
9.134271650433742252e+03
8.883372371143979763e+03
8.623064907416890492e+03
8.417856824426140520e+03
8.171912489038470994e+03
7.952514081565683227e+03
7.787155146034975587e+03
7.641863968343285705e+03
7.502982300064813899e+03
7.364810133129796668e+03
7.233672838914694694e+03
7.191888860443131307e+03
7.053300974714209588e+03
6.948119503601794349e+03
6.870744929916399087e+03
6.853407201945039560e+03
6.859294544604182192e+03
6.822607124464806475e+03
6.781737295000501945e+03
6.677269671034453495e+03
6.584579342406226715e+03
6.516353494569560098e+03
6.460295014936827101e+03
6.458303556300707896e+03
6.462033797959667936e+03
6.322172020471989526e+03
6.317268667157362870e+03
6.300574596353264496e+03
6.171306065351956022e+03
6.152558345215164991e+03
6.131824116463641076e+03
6.111618197852846606e+03
6.060224148215850619e+03
6.017000894928109119e+03
5.958006562997876244e+03
5.900087075327805906e+03
5.845537666289186745e+03
5.704249885754507886e+03
5.686354077791960663e+03
5.683097028482357928e+03
5.761679405919682722e+03
5.629406493801965553e+03
5.564855297346648513e+03
5.505475670476299456e+03
5.291936983988784959e+03
5.255362363707340592e+03
5.243508600343618127e+03
5.195224953418239238e+03
5.121529984745287038e+03
5.068599351974192359e+03
5.012014888766339027e+03
4.877392251879447031e+03
4.753230856226567994e+03
4.648927758858457310e+03
4.602713310251654548e+03
4.568109074004117247e+03
4.537444131888474658e+03
4.510830228517696014e+03
4.525955264021174116e+03
4.545250624279748081e+03
4.563542627933440599e+03
4.582054215905824094e+03
4.600864588839599492e+03
4.619812491995518940e+03
4.638885570716961411e+03
4.658071735725827239e+03
4.677359945343507206e+03
4.696739728763153835e+03
4.716201529008026228e+03
4.735736371929884626e+03
4.746461977586735884e+03
4.756415348079965042e+03
4.766215599259731789e+03
4.775872985961323138e+03
4.785400510582928291e+03
4.794810266722925007e+03
4.804113601390321492e+03
4.813321119885907137e+03
4.822442565007361736e+03
4.831486985755635033e+03
4.840462562895129849e+03
4.849376910162684908e+03
4.858236893991223042e+03
4.867048736308165644e+03
4.875818079388449405e+03
4.884550007132186693e+03
4.893249133102209271e+03
4.901919489246387457e+03
4.910564744399684059e+03
4.919188113239139966e+03
4.927792444836776667e+03
4.936380271006245493e+03
4.944953738616161900e+03
4.953514693769604492e+03
4.962064813575157132e+03
4.970605427048830279e+03
4.979137618456937162e+03
4.987662357900469033e+03
4.996180303246774201e+03
5.004692006918820880e+03
5.013197826707257263e+03
5.021698022153064812e+03
5.030192575483036308e+03
5.038681491686955269e+03
5.047164570477888446e+03
5.055641425678067208e+03
5.064111762814614849e+03
5.072575001005855484e+03
5.081030537436035047e+03
5.089477703486556493e+03
5.097915679686474505e+03
5.106343680833557301e+03
5.114760733292157056e+03
5.123165824529414749e+03
5.131557928866845032e+03
5.139935868433763062e+03
5.148298505023066355e+03
5.156644527496970113e+03
5.164972684734108043e+03
5.173281544854901767e+03
5.181569765526760420e+03
5.189835861122845927e+03
5.198078251293241919e+03
5.206295439523616551e+03
5.214485785927301549e+03
5.222647602246674069e+03
5.230779151333870686e+03
5.238878768407455937e+03
5.246944576706872795e+03
5.254974706490478638e+03
5.262967260108667688e+03
5.270920391275766633e+03
5.278831948467212897e+03
5.286700031875875538e+03
5.294522485618776955e+03
5.302297202945244862e+03
5.310022029510654647e+03
5.317694663697481701e+03
5.325312942609341917e+03
5.332874449399648256e+03
5.340376859230498667e+03
5.347817775861608425e+03
5.355194728352316815e+03
5.362505138051517861e+03
5.369746542779879746e+03
5.376916193327137080e+03
5.384011505068230690e+03
5.391029705116185141e+03
5.397968070875463127e+03
5.404823665423410603e+03
5.411593627525386182e+03
5.418275019559845532e+03
5.424864783118219748e+03
5.431359847240117233e+03
5.437757059585164825e+03
5.444053178996476163e+03
5.450244904491715715e+03
5.456328958377893287e+03
5.462301823121274538e+03
5.468160024574616727e+03
5.473899985688625748e+03
5.479518055092036775e+03
5.485010522384399337e+03
5.490373565012282597e+03
5.495603251982078291e+03
5.500695719473485951e+03
5.505646794009437144e+03
5.510452496350160800e+03
5.515108477010247043e+03
5.519610643851638088e+03
5.523954537786959918e+03
5.528135829897369149e+03
5.532149995514982947e+03
5.535749145900952499e+03
5.539043327187808245e+03
5.542170889346611148e+03
5.545120562582606908e+03
5.547888077340601740e+03
5.550469123241634406e+03
5.557090145991184727e+03
5.564458282960368706e+03
5.571508169600461770e+03
5.578235267591125194e+03
5.584633236563340688e+03
5.590696704401753777e+03
5.596421427181428044e+03
5.613643592474822071e+03
5.635111777118893770e+03
5.656746037426821204e+03
5.678528288707318097e+03
5.700831730332180996e+03
5.724132091301748915e+03
5.747940543074771085e+03
5.772319503228848589e+03
5.794214653196357176e+03
5.815087774318885749e+03
5.836126321810171248e+03
5.857290882386223529e+03
5.857084591524401731e+03
5.849449205522787452e+03
5.842287065838941999e+03
5.833479954096288566e+03
5.823066623529935896e+03
5.811063996917830991e+03
5.828751369055532450e+03
5.858892214129503373e+03
5.899259952980078197e+03
5.948185882070505613e+03
5.971490645426383708e+03
5.987923126054623935e+03
6.014330425549216670e+03
6.041004867809939242e+03
6.066099085196128726e+03
6.075409593911199408e+03
6.078034087509563506e+03
6.080867486434995044e+03
6.083766175352066966e+03
6.086704074806855715e+03
6.089877139721010280e+03
6.128533392342752450e+03
6.168442040689030364e+03
6.221082114981708401e+03
6.287991651696816007e+03
6.358241260756318297e+03
6.432083866072625824e+03
6.501845010061453650e+03
6.557094677450977542e+03
6.596830583215887600e+03
6.636885479842881978e+03
6.676965549426154212e+03
6.713141518001218174e+03
6.652270020468306029e+03
6.559524592518189820e+03
6.472305085120110562e+03
6.382015621344935425e+03
6.287895173510955829e+03
6.198198583834782767e+03
6.189725584702025117e+03
6.182835660516952885e+03
6.278914660273068876e+03
6.398170632287738044e+03
6.423689878590213084e+03
6.451777080680249128e+03
6.479922831712300649e+03
6.508038511943878802e+03
6.536126080042678950e+03
6.564186623285937458e+03
6.579541831896136500e+03
6.594790322060624931e+03
6.609441004368218273e+03
6.623466514419090345e+03
6.636819855722535976e+03
6.649462907709888896e+03
6.652111386823431531e+03
6.637647298176997538e+03
6.691420311965974179e+03
6.756118680734713053e+03
6.821668291962393596e+03
6.887929462527644318e+03
6.953120070419844524e+03
6.902872137502648911e+03
6.823135732038485912e+03
6.773677082500164033e+03
6.726950006301073699e+03
6.686458084610642800e+03
6.694772682414545670e+03
6.701937300002812663e+03
6.699665217882098659e+03
6.696609801613618401e+03
6.694213271682650884e+03
6.692417002196196336e+03
6.534195165786386497e+03
6.565808486733006248e+03
6.590492915233880012e+03
6.611953682896843020e+03
6.630471309488036241e+03
6.630527307414584357e+03
6.607228877561756235e+03
6.570777414993378443e+03
6.598979010022193506e+03
6.681084113410412101e+03
6.762808945898870661e+03
6.844230512098203690e+03
6.925412778387531034e+03
7.006423790091998853e+03
7.087334793075253401e+03
7.168219717718287029e+03
7.163031949660241480e+03
7.118428142573360674e+03
7.068035438644004898e+03
7.016625817098985863e+03
6.965423348299395002e+03
7.281852267037629645e+03
7.224772430533190345e+03
7.178029553003020737e+03
7.100738057361342726e+03
7.030739079995916654e+03
6.949387294655180995e+03
6.894548725544377703e+03
6.840859260374837504e+03
6.798125360946884939e+03
6.736352414815308293e+03
6.685476039101090464e+03
6.635478994983040138e+03
6.586333014309889222e+03
6.550339433518646729e+03
6.520518067451313982e+03
6.492181621093946887e+03
6.465601753241361621e+03
6.440789180084199870e+03
6.417752178648397603e+03
6.396500566937947951e+03
6.377045915491433334e+03
6.359401678116268158e+03
6.343582653756574473e+03
6.364123328635697362e+03
6.401168425577068774e+03
6.438785954626076091e+03
6.476901847511344386e+03
6.515525299358718257e+03
6.554666117592558294e+03
6.594334674501886184e+03
6.634541619053394243e+03
6.675297925764837601e+03
6.716615232601422576e+03
6.758505542166953092e+03
6.869845455907424366e+03
7.013192906117715211e+03
7.163530876922822245e+03
7.321383698989400727e+03
7.487361551705566853e+03
7.662144079425344898e+03
7.846491212880347121e+03
7.810766555472516302e+03
7.722870557621162334e+03
7.642531757175825987e+03
7.568484723272713381e+03
7.500290243232606372e+03
7.437517203294703904e+03
7.379782860224518117e+03
7.340066332450147456e+03
7.277986226177410572e+03
6.663145390315455188e+03
7.344142111069325438e+03
7.016281987424617910e+03
6.913690560126003220e+03
6.870325584003398944e+03
6.836082348037517477e+03
6.803720380532669878e+03
6.772442359406772084e+03
6.741849839150675507e+03
6.711943648299788947e+03
6.682743638299715712e+03
6.654277158275020156e+03
6.626569071161394277e+03
6.599066878303141493e+03
3.556217005011907531e+03
3.613942111658519934e+03
3.673637472728935791e+03
3.735410824726778628e+03
3.799378272425472915e+03
3.865665140630364476e+03
3.934406933401898641e+03
4.005750416965484419e+03
4.079854845403513536e+03
4.156893351676136263e+03
4.237054530692194930e+03
4.320544246214092709e+03
4.407587699553682796e+03
4.498431805571202858e+03
4.593347930784945675e+03
4.692635059889100376e+03
4.796623471253429670e+03
4.905679019817584049e+03
5.020208148204136705e+03
4.997417987830572201e+03
4.974621760400158564e+03
