2.807518209317869946e+02
7.294659695352712561e+02
6.275203124692625352e+02
5.675900002001773146e+02
4.440504409799626160e+02
3.937669701295635036e+02
2.166385648442574450e+02
2.693194137668650114e+02
2.819923456945340376e+02
2.660624888145743512e+02
2.309524062948232483e+02
1.923517258081702153e+02
1.639259599872626723e+02
1.630701213418689122e+02
1.642724497319326815e+02
1.302358093619812962e+02
1.401092733813603957e+02
1.289546491297488444e+02
1.324354248335685611e+02
1.361515371783510773e+02
1.400471876322838796e+02
1.294988070467854584e+02
1.120677618634278332e+02
9.840300991602083513e+01
8.737366326579440567e+01
8.056953821687245920e+01
8.346672531233272707e+01
8.517545951217651634e+01
8.206815766399527945e+01
7.922328834875898451e+01
7.673541975015498906e+01
7.666736213909608466e+01
7.648567736309611576e+01
7.612563945763221795e+01
7.537173892962567834e+01
7.458365986420710669e+01
7.359312553534145707e+01
7.273060265943968261e+01
7.183126521865830227e+01
7.056813221582648055e+01
6.784247478962771538e+01
6.467591038259112679e+01
6.221505845645997113e+01
6.085906123596141271e+01
5.839205270099080280e+01
5.648605443227944534e+01
5.615165358060023237e+01
5.607485992623761462e+01
5.566157803535870130e+01
5.586888159583355673e+01
5.613344426974096280e+01
5.624680485940595531e+01
5.652173631106848717e+01
5.689116869553440381e+01
5.737792825739235525e+01
5.763702896946639243e+01
5.811807808706083023e+01
6.000894176735941699e+01
6.205843854449533836e+01
6.419874254621613829e+01
6.478120762920895004e+01
6.594117447369548302e+01
6.707893198214628683e+01
6.794618824326812501e+01
6.779123032160833873e+01
6.727622278464107808e+01
6.646092289052724311e+01
6.683095024664744699e+01
6.724562647690768813e+01
6.761812636488323847e+01
6.774391709243465698e+01
6.793463137392575391e+01
6.823249009775507545e+01
6.847420826384818326e+01
6.816906837153675269e+01
6.776391000672710163e+01
6.723373139030283596e+01
6.747544215271622647e+01
6.786935542103455532e+01
6.912937009335372807e+01
7.045148481139709418e+01
7.181117175516305906e+01
7.289188185936312436e+01
7.295582419198574087e+01
7.348578164730928108e+01
7.416708427566736361e+01
1.019810154158777920e+02
1.074188277354133305e+02
1.108594293100847921e+02
1.105416967657744607e+02
1.088065448697517041e+02
1.071804827075096114e+02
1.056491059007354636e+02
1.042054313890975266e+02
1.023005084691639581e+02
9.848351972757573947e+01
2.718412844135333444e+02
2.605418284943114031e+02
2.501696088609668891e+02
4.776272746298877610e+04
4.844606916104640550e+04
4.913964026216710772e+04
4.984339813646826951e+04
5.055726032432609645e+04
5.128134886096947594e+04
5.201561593329974858e+04
5.276004618625176226e+04
5.351472759393927845e+04
5.427970562201024586e+04
5.505503284504626936e+04
5.584071741680100240e+04
5.663682784321200597e+04
9.284338620254401349e+02
9.368017825350800649e+02
9.486962730861639557e+02
9.604266752492179648e+02
9.722337879662528621e+02
9.840990277017488097e+02
9.960215556045112635e+02
1.007999393745941120e+03
1.020030735333604980e+03
1.032113793268530799e+03
1.044246953046468661e+03
