-7.985000000000582077e+00	1.449759381921492207e+42	inf
-7.131999999997788109e+00	4.391710518976626856e+43	inf
-6.985000000000582077e+00	3.913124679968206083e+43	2.044644714469406213e+45
-6.199999999997089617e+00	4.518516381973846088e+43	7.795425303323651499e+44
-6.131999999997788109e+00	5.073204769101265045e+43	8.133461863492237151e+44
-6.119999999995343387e+00	5.631383164018202529e+43	9.097256551363109324e+44
-5.985000000000582077e+00	5.206942159379055591e+43	8.163050576406835885e+44
-5.199999999997089617e+00	5.513839673998739433e+43	6.571105691458324890e+44
-5.131999999997788109e+00	5.831717933992654126e+43	6.709628065668832787e+44
-5.119999999995343387e+00	6.201414977451030148e+43	6.707436973781755124e+44
-4.985000000000582077e+00	5.894765804736078177e+43	6.340932413789185787e+44
-4.199999999997089617e+00	6.101121152546364914e+43	5.530286569269563759e+44
-4.131999999997788109e+00	6.326831504754842224e+43	5.616208910505405771e+44
-4.119999999995343387e+00	6.601224850845984973e+43	5.673224631808772906e+44
-4.079999999994470272e+00	6.665743642551015252e+43	5.488831131694038662e+44
-4.016999999999825377e+00	6.741053603261291289e+43	5.370030324695700667e+44
-4.013999999995576218e+00	6.821301114195307925e+43	5.040893351603127277e+44
-3.985000000000582077e+00	6.585675077458729003e+43	4.885009107739790252e+44
-3.199999999997089617e+00	6.730471268316793147e+43	4.461913743896953244e+44
-3.131999999997788109e+00	6.899017428225460279e+43	4.524520283830247271e+44
-3.119999999995343387e+00	7.107877185641447239e+43	4.597008494217683855e+44
-3.079999999994470272e+00	7.158265480198801941e+43	4.486290668352377248e+44
-3.021999999997206032e+00	7.211248523278920375e+43	4.412042358031650938e+44
-3.016999999999825377e+00	7.268867929310012518e+43	4.352129417533326766e+44
-3.013999999995576218e+00	7.330491006138836246e+43	4.172406367436436954e+44
-2.985000000000582077e+00	7.149222155926060015e+43	4.081442809688707676e+44
-2.199999999997089617e+00	7.257640574760303993e+43	3.816184813407763381e+44
-2.131999999997788109e+00	7.393472676497687597e+43	3.843476849150113311e+44
-2.119999999995343387e+00	7.559842477359146774e+43	3.917992474516743905e+44
-2.079999999994470272e+00	7.599240743582353591e+43	3.840143675377065255e+44
-2.021999999997206032e+00	7.641228742511453852e+43	3.792401292274881677e+44
-2.016999999999825377e+00	7.687929221770796932e+43	3.754282218850680886e+44
-2.013999999995576218e+00	7.737062501400304141e+43	3.630978581741515468e+44
-1.985000000000582077e+00	7.598663083505186115e+43	3.566773778943145021e+44
-1.199999999997089617e+00	7.681359026879325218e+43	3.371852631870295641e+44
-1.131999999997788109e+00	7.794677185808242960e+43	3.397311187526579538e+44
-1.119999999995343387e+00	7.936117617511149397e+43	3.435876974630466542e+44
-1.079999999994470272e+00	7.966238356302191786e+43	3.375439228672155717e+44
-1.021999999997206032e+00	8.000390358857357236e+43	3.341386013143510699e+44
-1.016999999999825377e+00	8.039467720219053034e+43	3.314715433785907742e+44
-1.013999999995576218e+00	8.079648836728903476e+43	3.223715860468932400e+44
-9.850000000005820766e-01	7.975064109533289999e+43	3.174476083087465999e+44
-1.999999999970896170e-01	8.035207726273822850e+43	3.016084541321013237e+44
-1.319999999977881089e-01	8.132281410797692913e+43	3.040305493239930357e+44
-1.199999999953433871e-01	8.254271289227868743e+43	3.069374460138832408e+44
-7.999999999447027221e-02	8.275900409254212720e+43	3.020015548125126585e+44
-2.199999999720603228e-02	8.304189771937094650e+43	2.994133559561196754e+44
-1.699999999982537702e-02	8.337698228752039878e+43	2.974298301218105697e+44
-1.399999999557621777e-02	8.371191118401356471e+43	2.904255764412167507e+44
1.499999999941792339e-02	8.293178005480277651e+43	2.864346148196104593e+44
8.000000000029103830e-01	8.332878271670161862e+43	2.730471917247920163e+44
8.680000000022118911e-01	8.417936937283149941e+43	2.747033880904596017e+44
8.800000000046566129e-01	8.525042602265115625e+43	2.770375994644942127e+44
9.200000000055297278e-01	8.550198998229101921e+43	2.746446429985869281e+44
9.780000000027939677e-01	8.573921505774559407e+43	2.725783280247491433e+44
9.830000000001746230e-01	8.603221753688508135e+43	2.710290494633226950e+44
9.860000000044237822e-01	8.631486073351973515e+43	2.654155459623436400e+44
1.014999999999417923e+00	8.574001296629069497e+43	2.620775428829955854e+44
1.800000000002910383e+00	8.608730675627877504e+43	2.520705883167166434e+44
1.868000000002211891e+00	8.684562954598694034e+43	2.534091467822936725e+44
1.880000000004656613e+00	8.780427875255504369e+43	2.553391354325548912e+44
1.920000000005529728e+00	8.802187266943780254e+43	2.532836612125033890e+44
1.978000000002793968e+00	8.822196229888010979e+43	2.515716850986518738e+44
1.983000000000174623e+00	8.848195099423999400e+43	2.503152500659365683e+44
1.986000000004423782e+00	8.871840619655696645e+43	2.456019855730763293e+44
2.014999999999417923e+00	8.830216033699270762e+43	2.427534280754853913e+44
2.800000000002910383e+00	8.846027005922710609e+43	2.335108197706992412e+44
2.868000000002211891e+00	8.910713451787750063e+43	2.336433651779892544e+44
2.880000000004656613e+00	8.996058040198874203e+43	2.348624396180435915e+44
2.920000000005529728e+00	9.014707329364576567e+43	2.330920486788581480e+44
2.978000000002793968e+00	9.031569421685580187e+43	2.316626567376377008e+44
2.983000000000174623e+00	9.054808010620838120e+43	2.306417168019240607e+44
2.986000000004423782e+00	9.072056752143763841e+43	2.264307546031581117e+44
3.014999999999417923e+00	9.043323586772030064e+43	2.239977505405565719e+44
3.800000000002910383e+00	9.039863649192065475e+43	2.156334847391888488e+44
3.868000000002211891e+00	9.097614959214169075e+43	2.157078628959492986e+44
3.880000000004656613e+00	9.175344344864708698e+43	2.168678858315663862e+44
3.920000000005529728e+00	9.191186639454459097e+43	2.153286052791684311e+44
3.978000000002793968e+00	9.205422670022548340e+43	2.141180983892071537e+44
3.983000000000174623e+00	9.226404130396023147e+43	2.132774364833470863e+44
3.986000000004423782e+00	9.237379390131991303e+43	2.095177263317765875e+44
4.014999999999417923e+00	9.218823978726765137e+43	2.074271676961117241e+44
4.800000000002910383e+00	9.224343368249983143e+43	2.013118568525053578e+44
4.868000000002211891e+00	9.276351148528031311e+43	2.013376778283157806e+44
4.880000000004656613e+00	9.343319290406455445e+43	2.016305490700198118e+44
4.920000000005529728e+00	9.356548204194805755e+43	2.002653376354536513e+44
4.978000000002793968e+00	9.368505982949654814e+43	1.992220054300399256e+44
4.983000000000174623e+00	9.387589874618559499e+43	1.985196656551743796e+44
4.986000000004423782e+00	9.392130220033885322e+43	1.951020659871368770e+44
5.014999999999417923e+00	9.381311027676360622e+43	1.933077941411485770e+44
5.800000000002910383e+00	9.375612287755811180e+43	1.878644412941814700e+44
5.868000000002211891e+00	9.422679526010999159e+43	1.878671979465127951e+44
5.880000000004656613e+00	9.479519092806038231e+43	1.877141851183006310e+44
5.920000000005529728e+00	9.490311358850803318e+43	1.864999294419467414e+44
5.978000000002793968e+00	9.500324004727721917e+43	1.855942681899906368e+44
5.983000000000174623e+00	9.517802535638598452e+43	1.850057998508165824e+44
5.986000000004423782e+00	9.515888252348537582e+43	1.819146184875032760e+44
6.014999999999417923e+00	9.511091426280564807e+43	1.803823405806537570e+44
6.800000000002910383e+00	9.493161887737298681e+43	1.755247953643946678e+44
6.868000000002211891e+00	9.535995724514671640e+43	1.755181172780163265e+44
6.880000000004656613e+00	9.598146273838971081e+43	1.774545928819138227e+44
6.920000000005529728e+00	9.606682247324403708e+43	1.763569979696990747e+44
6.978000000002793968e+00	9.615049718961645402e+43	1.755520771060302169e+44
6.983000000000174623e+00	9.631250718592068224e+43	1.750399516650586414e+44
6.986000000004423782e+00	9.622660153779784228e+43	1.722346339524786297e+44
7.014999999999417923e+00	9.622392497539219033e+43	1.709149519319076715e+44
7.800000000002910383e+00	9.592110267727076856e+43	1.665872256525258090e+44
7.868000000002211891e+00	9.631506606053756982e+43	1.665515825973395458e+44
7.880000000004656613e+00	9.689681803213927325e+43	1.681762745474136713e+44
7.920000000005529728e+00	9.696070644192454922e+43	1.671851896000037184e+44
7.978000000002793968e+00	9.703018081098591321e+43	1.664655512992213689e+44
7.983000000000174623e+00	9.718121901338702285e+43	1.660175567185536349e+44
7.986000000004423782e+00	9.702737967826417370e+43	1.634951227520661868e+44
8.014999999999417923e+00	9.705902619899616525e+43	1.623707865155306973e+44
8.800000000002910383e+00	9.663435684667015705e+43	1.585677212187391924e+44
8.868000000002211891e+00	9.699849369951310163e+43	1.585123171329234133e+44
8.880000000004656613e+00	9.754367235443479813e+43	1.598783687471253162e+44
8.920000000005529728e+00	9.758718691523060109e+43	1.589845813991077180e+44
8.978000000002793968e+00	9.764449874072634030e+43	1.583370710965963329e+44
8.983000000000174623e+00	9.778608885386275887e+43	1.579431509105086771e+44
8.986000000004423782e+00	9.756364276065791192e+43	1.556985637833911147e+44
9.014999999999417923e+00	9.762060433233714011e+43	1.547537167371053659e+44
9.800000000002910383e+00	9.707651811864573463e+43	1.514620726750769637e+44
9.868000000002211891e+00	9.741473711713413051e+43	1.513929696112370139e+44
9.880000000004656613e+00	9.792621885092823281e+43	1.525415083827086145e+44
9.920000000005529728e+00	9.795048536940012196e+43	1.517366112878067903e+44
9.978000000002793968e+00	9.799748507183661725e+43	1.511501030721397967e+44
9.983000000000174623e+00	9.813091308457971321e+43	1.508017128638255394e+44
9.986000000004423782e+00	9.783979165229430292e+43	1.488278586744973144e+44
1.001499999999941792e+01	9.791471849063997938e+43	1.480473812498928040e+44
1.080000000000291038e+01	9.725445553874013404e+43	1.452471377438666957e+44
1.086800000000221189e+01	9.757009105985505838e+43	1.451681879691729658e+44
1.088000000000465661e+01	9.805050339994792076e+43	1.461317505131229597e+44
1.092000000000552973e+01	9.805668756633249410e+43	1.454079175801257770e+44
1.097800000000279397e+01	9.809505513111347448e+43	1.448728956968075876e+44
1.098300000000017462e+01	9.822140078137472586e+43	1.445629530621678159e+44
1.098600000000442378e+01	9.786221858002393656e+43	1.428502350772957509e+44
1.101499999999941792e+01	9.794916533312103276e+43	1.422194715179798424e+44
1.180000000000291038e+01	9.717678876581946103e+43	1.398846711259708215e+44
1.186800000000221189e+01	9.747216123327904498e+43	1.397948834113316876e+44
1.188000000000465661e+01	9.792391343693518010e+43	1.405994785142599012e+44
1.192000000000552973e+01	9.791322646977773340e+43	1.399495803524387325e+44
1.197800000000279397e+01	9.794448309766451376e+43	1.394579522224594793e+44
1.198300000000017462e+01	9.806299030587670534e+43	1.391679893104897207e+44
1.198600000000442378e+01	9.763716199986729622e+43	1.377046139918910771e+44
1.201499999999941792e+01	9.773136715141001122e+43	1.372092962690233007e+44
1.280000000000291038e+01	9.685186162776125543e+43	1.353094094748468854e+44
1.286800000000221189e+01	9.712945575478782822e+43	1.352111933714408222e+44
1.288000000000465661e+01	9.755475325202633202e+43	1.358783250550715217e+44
1.292000000000552973e+01	9.752845541274228660e+43	1.352955344496525923e+44
1.297800000000279397e+01	9.755397295326379695e+43	1.348403453045674937e+44
1.298300000000017462e+01	9.765352672068340854e+43	1.345019762496093660e+44
1.298600000000442378e+01	9.716361465121834879e+43	1.332741434347988727e+44
1.301499999999941792e+01	9.726129404304924191e+43	1.329007524786937356e+44
1.380000000000291038e+01	9.628113940585198563e+43	1.314019900020217279e+44
1.386800000000221189e+01	9.654223777185206146e+43	1.312926716113492596e+44
1.388000000000465661e+01	9.250145879430969039e+43	1.229291130282989882e+44
1.392000000000552973e+01	9.172291228591948007e+43	1.209797229413647469e+44
1.397800000000279397e+01	9.157458472215340368e+43	1.202588227389424159e+44
1.398300000000017462e+01	9.073878640043192738e+43	1.181427754985895082e+44
1.398600000000442378e+01	7.478595702553842531e+43	8.839156810592727721e+43
1.401499999999941792e+01	7.203701594524089689e+43	8.322537966931833204e+43
1.480000000000291038e+01	5.776744713094210430e+43	5.938634659949072281e+43
1.486800000000221189e+01	5.588073024591232498e+43	5.615656021290620626e+43
1.488000000000465661e+01	5.218779052005373139e+43	5.038277916991084016e+43
1.492000000000552973e+01	5.177150714387836787e+43	4.961609855633880559e+43
1.497800000000279397e+01	5.173378549571880900e+43	4.939569940039973894e+43
1.498300000000017462e+01	5.150218490160056291e+43	4.886647424121854076e+43
1.498600000000442378e+01	4.410492931897097555e+43	3.847954932219888390e+43
1.501499999999941792e+01	4.289476320393308933e+43	3.673146248925018311e+43
1.580000000000291038e+01	3.852959459261940785e+43	3.088395091986100860e+43
1.586800000000221189e+01	3.762436599043403762e+43	2.959809142614781100e+43
1.588000000000465661e+01	3.574801881706275270e+43	2.719451161824556069e+43
1.592000000000552973e+01	3.545879866904664147e+43	2.677729082338728467e+43
1.597800000000279397e+01	3.544629851461832692e+43	2.667941401561712028e+43
1.598300000000017462e+01	3.533633945487686820e+43	2.645109840136852491e+43
1.598600000000442378e+01	3.083588933130174228e+43	2.134595384501537915e+43
1.601499999999941792e+01	3.017018629821903200e+43	2.054442990808979214e+43
1.680000000000291038e+01	2.699963841491806061e+43	1.712283766160251051e+43
1.686800000000221189e+01	2.654896460531552148e+43	1.657625770260059319e+43
1.688000000000465661e+01	2.550937731008299444e+43	1.548396825142095242e+43
1.692000000000552973e+01	2.530931299736829783e+43	1.525221498019898264e+43
1.697800000000279397e+01	2.530561427864533161e+43	1.520451968881158729e+43
1.698300000000017462e+01	2.525015421835426307e+43	1.509709751193252476e+43
1.698600000000442378e+01	2.242834919239648947e+43	1.247152919717600136e+43
1.701499999999941792e+01	2.204567994619971803e+43	1.207970329576685490e+43
1.780000000000291038e+01	1.972358986464171662e+43	1.002759608870770145e+43
1.786800000000221189e+01	1.948988765976023352e+43	9.778854735280073318e+42
1.788000000000465661e+01	1.888659789987187215e+43	9.263514662606756930e+42
1.792000000000552973e+01	1.874547572045824729e+43	9.129683346683143505e+42
1.797800000000279397e+01	1.874452057566764354e+43	9.104306247930660692e+42
1.798300000000017462e+01	1.871535488771746489e+43	9.049944290567498919e+42
1.798600000000442378e+01	1.697574652745239610e+43	7.695569794026006753e+42
1.801499999999941792e+01	1.674659360827781468e+43	7.491282210185643047e+42
1.880000000000291038e+01	1.500521020822665251e+43	6.208556057952539467e+42
1.886800000000221189e+01	1.487913410649628523e+43	6.087166691293239671e+42
1.888000000000465661e+01	1.474687076684233077e+43	5.952505907735074596e+42
1.892000000000552973e+01	1.464453538464444090e+43	5.871178609367028831e+42
1.897800000000279397e+01	1.464452496313032087e+43	5.856354993849031286e+42
1.898300000000017462e+01	1.462743060895486642e+43	5.825609222537461094e+42
1.898600000000442378e+01	1.348242983546145716e+43	5.066026313581969398e+42
1.901499999999941792e+01	1.333571725145908653e+43	4.950133508540248784e+42
1.980000000000291038e+01	1.196473246396524675e+43	4.094756484205331687e+42
1.986800000000221189e+01	1.188519338573628882e+43	4.025959938330235274e+42
1.988000000000465661e+01	1.178915520396089755e+43	3.941124856375845584e+42
1.992000000000552973e+01	1.180256042415206509e+43	3.936149835940469205e+42
1.997800000000279397e+01	1.180362528468049409e+43	3.927513352909018373e+42
1.998300000000017462e+01	1.179355170520098482e+43	3.909316151718318749e+42
1.998600000000442378e+01	1.101369677838444128e+43	3.462854858459877526e+42
2.001499999999941792e+01	1.091727136745342369e+43	3.394130830161618158e+42
2.080000000000291038e+01	9.811918929446086051e+42	2.803387749738326796e+42
2.086800000000221189e+01	9.761540550806682367e+42	2.763186005518792875e+42
2.088000000000465661e+01	9.691879550789510065e+42	2.708651058874292178e+42
2.092000000000552973e+01	9.700139025550247298e+42	2.704280498896892805e+42
2.097800000000279397e+01	9.700921866966299360e+42	2.698738635393563174e+42
2.098300000000017462e+01	9.694920240472903194e+42	2.687556438158108396e+42
2.098600000000442378e+01	9.157000811881420466e+42	2.419181212441120628e+42
2.101499999999941792e+01	9.093050166542911449e+42	2.377378897860077596e+42
2.180000000000291038e+01	8.319010897540404704e+42	2.014485205461870427e+42
2.186800000000221189e+01	8.289035413929672755e+42	1.991021053573186041e+42
2.188000000000465661e+01	8.237080213996154148e+42	1.954268989782331732e+42
2.192000000000552973e+01	8.230016179844020048e+42	1.945635399805045821e+42
2.197800000000279397e+01	8.230271468762101646e+42	1.941763212189756389e+42
2.198300000000017462e+01	8.226622375920726125e+42	1.934499634690908608e+42
2.198600000000442378e+01	7.838652139577101269e+42	1.763203929332675267e+42
2.201499999999941792e+01	7.794769515736842597e+42	1.736377903981411389e+42
2.280000000000291038e+01	7.240013790697523911e+42	1.504556102791532823e+42
2.286800000000221189e+01	7.221799884771896759e+42	1.490172346889429710e+42
2.288000000000465661e+01	7.162728614241591611e+42	1.457146722428165345e+42
2.292000000000552973e+01	7.143500950722800286e+42	1.446416623295615824e+42
2.297800000000279397e+01	7.143400721651863180e+42	1.443628719831509423e+42
2.298300000000017462e+01	7.141813357044755315e+42	1.439157018421473859e+42
2.298600000000442378e+01	6.859555712761246563e+42	1.327155972682059529e+42
2.301499999999941792e+01	6.828880010059029089e+42	1.309264729934031155e+42
2.380000000000291038e+01	6.480414444634949654e+42	1.175274319217306694e+42
2.386800000000221189e+01	6.467477978683753883e+42	1.165190362112461247e+42
2.388000000000465661e+01	6.426966749946832286e+42	1.142973159548432805e+42
2.397800000000279397e+01	6.427250220552055882e+42	1.141087574398834212e+42
2.398300000000017462e+01	6.426776565369278935e+42	1.138202577979606875e+42
2.398600000000442378e+01	6.205118272779214914e+42	1.057691598481822147e+42
2.401499999999941792e+01	6.182634897924218086e+42	1.044912070129889654e+42
2.480000000000291038e+01	5.948094853336634700e+42	9.602357885506805018e+41
2.486800000000221189e+01	5.938472085156109455e+42	9.527398345337185642e+41
2.488000000000465661e+01	5.910061064538248785e+42	9.371119478505983629e+41
2.497800000000279397e+01	5.910153783544249457e+42	9.356554056348709036e+41
2.498300000000017462e+01	5.910315468357647680e+42	9.337926591909726637e+41
2.498600000000442378e+01	5.728049474079640819e+42	8.725479926435961442e+41
2.501499999999941792e+01	5.711145574063766507e+42	8.630488310381142053e+41
2.580000000000291038e+01	5.502326941194136708e+42	7.937500929984646493e+41
2.586800000000221189e+01	5.496162392414721339e+42	7.885297184970005888e+41
2.588000000000465661e+01	5.477960516402689855e+42	7.780159089757887203e+41
2.597800000000279397e+01	5.477865258527664448e+42	7.768635263736605402e+41
2.598300000000017462e+01	5.478250973930146363e+42	7.756760509697644377e+41
2.598600000000442378e+01	5.327000058466718637e+42	7.283778073191955360e+41
2.601499999999941792e+01	5.314355626766625880e+42	7.212552223784236343e+41
2.680000000000291038e+01	5.126910101481937262e+42	6.637642537509592767e+41
2.686800000000221189e+01	5.123112475888580226e+42	6.601196732938575209e+41
2.688000000000465661e+01	5.116375525863695136e+42	6.550023361523293114e+41
2.697800000000279397e+01	5.116087434948471908e+42	6.540589156426516712e+41
2.698300000000017462e+01	5.116474398519117394e+42	6.532673559119548042e+41
2.698600000000442378e+01	4.991507101701886448e+42	6.165731696864193978e+41
2.701499999999941792e+01	4.981919187834381959e+42	6.111223651934123274e+41
2.780000000000291038e+01	4.811816173569716745e+42	5.626015986816188700e+41
2.786800000000221189e+01	4.809747346749415931e+42	5.600946517199158496e+41
2.788000000000465661e+01	4.804012950864267287e+42	5.558967976208362951e+41
2.798300000000017462e+01	4.804223175745662989e+42	5.551786540507763156e+41
2.798600000000442378e+01	4.704893022261644923e+42	5.274337906234596769e+41
2.801499999999941792e+01	4.697261276463606521e+42	5.231066008649021537e+41
2.880000000000291038e+01	4.541757929237635696e+42	4.816486784707274537e+41
2.886800000000221189e+01	4.540605460109780078e+42	4.798481300948209946e+41
2.888000000000465661e+01	4.535931243429423758e+42	4.764211539068093692e+41
2.898300000000017462e+01	4.536013740392930065e+42	4.757698173396253008e+41
2.898600000000442378e+01	4.456562426426018693e+42	4.545476869385943751e+41
2.901499999999941792e+01	4.449093099216268850e+42	4.506957204234229146e+41
2.986800000000221189e+01	4.448070672386846120e+42	4.490495235544975685e+41
2.988000000000465661e+01	4.447053496780852954e+42	4.474043215988127588e+41
2.998300000000017462e+01	4.447010666309465579e+42	4.467589070997489486e+41
2.998600000000442378e+01	4.367423106833342552e+42	4.263131879761951878e+41
3.001499999999941792e+01	4.359750353022140929e+42	4.226118926767463157e+41
3.086800000000221189e+01	4.358854916579086697e+42	4.211018479999744096e+41
3.088000000000465661e+01	4.353964429020137072e+42	4.178666151023811344e+41
3.098300000000017462e+01	4.353973739256021260e+42	4.172811234478547262e+41
3.098600000000442378e+01	4.250933643672269111e+42	3.928721758888899273e+41
3.101499999999941792e+01	4.244137802552711982e+42	3.896014885414833425e+41
3.186800000000221189e+01	4.243415154728821482e+42	3.882487453669551180e+41
3.188000000000465661e+01	4.245861502119571784e+42	3.885928150170724493e+41
3.198300000000017462e+01	4.245793323124088821e+42	3.880218192436310481e+41
3.198600000000442378e+01	4.120958273418260780e+42	3.602960110103122566e+41
3.201499999999941792e+01	4.114983316714437142e+42	3.574160099659368504e+41
3.286800000000221189e+01	4.114424578759882479e+42	3.562002231480131776e+41
3.288000000000465661e+01	4.115256175808306539e+42	3.558638780181687370e+41
3.298300000000017462e+01	4.115230333990163678e+42	3.553433746073977273e+41
3.298600000000442378e+01	3.995229743956231653e+42	3.296391768515151954e+41
3.301499999999941792e+01	3.990014997788191858e+42	3.271118623778178100e+41
3.386800000000221189e+01	3.989626132231226639e+42	3.260263523898098380e+41
3.388000000000465661e+01	3.989465875224559237e+42	3.252705794070421561e+41
3.398300000000017462e+01	3.989423684548796818e+42	3.247839221247550985e+41
3.398600000000442378e+01	3.874700120878728238e+42	3.010710074653073237e+41
3.401499999999941792e+01	3.870197278662993273e+42	2.988629485465032423e+41
3.486800000000221189e+01	3.869976819482731771e+42	2.978983793194022878e+41
3.488000000000465661e+01	3.869311407203529723e+42	2.969151538567940502e+41
3.498300000000017462e+01	3.869197745953076733e+42	2.964468828650880778e+41
3.498600000000442378e+01	3.760031752668060318e+42	2.746562067337280732e+41
3.501499999999941792e+01	3.756185960560603541e+42	2.727343602258549054e+41
3.586800000000221189e+01	3.756127377952573010e+42	2.718800538488190460e+41
3.588000000000465661e+01	3.755140387197001067e+42	2.707627237604655275e+41
3.598300000000017462e+01	3.755088982660210221e+42	2.703424561825056945e+41
3.598600000000442378e+01	3.651631043197346776e+42	2.503804749281497474e+41
3.601499999999941792e+01	3.648385194220911129e+42	2.487134594960123241e+41
3.686800000000221189e+01	3.648479061441016187e+42	2.479583229605829992e+41
3.688000000000465661e+01	3.647448364280759114e+42	2.468051618415305063e+41
3.698300000000017462e+01	3.647428185788214764e+42	2.464221573762239186e+41
3.698600000000442378e+01	3.549702820446213000e+42	2.281763569903551461e+41
3.701499999999941792e+01	3.546998596737909845e+42	2.267348181639046766e+41
3.786800000000221189e+01	3.547233772040306906e+42	2.260680258982525152e+41
3.788000000000465661e+01	3.546318860779337906e+42	2.249362823250803886e+41
3.798300000000017462e+01	3.546313919746461662e+42	2.245837048166680240e+41
3.798600000000442378e+01	3.454294359507396934e+42	2.079427046572065177e+41
3.801499999999941792e+01	3.452074844384411122e+42	2.066998109066708012e+41
3.886800000000221189e+01	3.452439030316601829e+42	2.061110507606952722e+41
3.888000000000465661e+01	3.451746784731038553e+42	2.050370091258328037e+41
3.898300000000017462e+01	3.451753066236545810e+42	2.047144993855192539e+41
3.898600000000442378e+01	3.365326356434495945e+42	1.895611869278376287e+41
3.901499999999941792e+01	3.363540177816057048e+42	1.884937366298126957e+41
3.986800000000221189e+01	3.364000276384613363e+42	1.879815315658669653e+41
3.988000000000465661e+01	3.363597708508342306e+42	1.869865053945790205e+41
3.998300000000017462e+01	3.363527665330083423e+42	1.867030583948101454e+41
3.998600000000442378e+01	3.282534844523792561e+42	1.729229528708698765e+41
4.001499999999941792e+01	3.281147634383497558e+42	1.720154309533805589e+41
4.086800000000221189e+01	3.281492020483339435e+42	1.716268217881665943e+41
4.088000000000465661e+01	3.281420317701006125e+42	1.707223167187407266e+41
4.098300000000017462e+01	3.281273026615216372e+42	1.704721694277241939e+41
4.098600000000442378e+01	3.205490533390426554e+42	1.579489387779726076e+41
4.101499999999941792e+01	3.204442220208725668e+42	1.571795340122667863e+41
4.186800000000221189e+01	3.204572830005471563e+42	1.569028133315780205e+41
4.188000000000465661e+01	3.204862426324462237e+42	1.560684927371051056e+41
4.198300000000017462e+01	3.204634452421457958e+42	1.558460371777094945e+41
4.198600000000442378e+01	3.133853046018151180e+42	1.444783772568831956e+41
4.201499999999941792e+01	3.133091002319922634e+42	1.438283086541172134e+41
4.286800000000221189e+01	3.133106141637738980e+42	1.436051273272475472e+41
4.288000000000465661e+01	3.133724308067555554e+42	1.428783808282106076e+41
4.298300000000017462e+01	3.133411539064731481e+42	1.426782717389520913e+41
4.298600000000442378e+01	3.067397627927802503e+42	1.323773932899122519e+41
4.301499999999941792e+01	3.066873726625175980e+42	1.318300758831842636e+41
4.386800000000221189e+01	3.066747430662537694e+42	1.316493972667481814e+41
4.388000000000465661e+01	3.067661414849915564e+42	1.310169522267767073e+41
4.398300000000017462e+01	3.067262720042578848e+42	1.308349327027832095e+41
4.398600000000442378e+01	3.005786320024910357e+42	1.215245468544074948e+41
4.401499999999941792e+01	3.005457779815053576e+42	1.210653871604063786e+41
4.486800000000221189e+01	3.005169565559379797e+42	1.209177717120426003e+41
4.488000000000465661e+01	3.006348206580146646e+42	1.203680221584121952e+41
4.498300000000017462e+01	3.005863394355961743e+42	1.202003676759915719e+41
4.498600000000442378e+01	2.948700974145238274e+42	1.118160932774010012e+41
4.501499999999941792e+01	2.948529612734730533e+42	1.114320974624132779e+41
4.586800000000221189e+01	2.948062651152909013e+42	1.113092056658597612e+41
4.588000000000465661e+01	2.948265156860767505e+42	1.110857285556966485e+41
4.598300000000017462e+01	2.947686700633172845e+42	1.109253103287971376e+41
4.598600000000442378e+01	2.894454618644406269e+42	1.033740910826440729e+41
4.601499999999941792e+01	2.894399296495656142e+42	1.030501386706662383e+41
4.686800000000221189e+01	2.893753248883311536e+42	1.029440438851104875e+41
4.688000000000465661e+01	2.894197543572840614e+42	1.026907574297144203e+41
4.698300000000017462e+01	2.893538169747862013e+42	1.025377514768036484e+41
4.698600000000442378e+01	2.844086783208671805e+42	9.578753667347260469e+40
4.701499999999941792e+01	2.844145056792091080e+42	9.551957498761842781e+40
4.786800000000221189e+01	2.843287360983601750e+42	9.541965399284034793e+40
4.788000000000465661e+01	2.843981653054659766e+42	9.515429430852633411e+40
4.798300000000017462e+01	2.843244493068903067e+42	9.500698315408703633e+40
4.798600000000442378e+01	2.798556321412760086e+42	8.915845598121021047e+40
4.801499999999941792e+01	2.798674369603186363e+42	8.893244485934324679e+40
4.886800000000221189e+01	2.797622703981845190e+42	8.883958120374980570e+40
4.888000000000465661e+01	2.798543080374887088e+42	8.857028784705705802e+40
4.898300000000017462e+01	2.797750461453416337e+42	8.843162846225504875e+40
4.898600000000442378e+01	2.762699581162271461e+42	8.397660420996186239e+40
4.901499999999941792e+01	2.762823164571471394e+42	8.378249525988826422e+40
4.986800000000221189e+01	2.761569237869864205e+42	8.369495603354284260e+40
4.988000000000465661e+01	2.762711645032535790e+42	8.343309994552472263e+40
4.998300000000017462e+01	2.761840664036213362e+42	8.329814392238031462e+40
4.998600000000442378e+01	2.733911842851942495e+42	7.984943590659246752e+40
5.001499999999941792e+01	2.734047779899479106e+42	7.968573266963497996e+40
5.086800000000221189e+01	2.732585677580017343e+42	7.960280016704736850e+40
5.088000000000465661e+01	2.733922781166640769e+42	7.935294119715098380e+40
5.098300000000017462e+01	2.732969983009198398e+42	7.922118148408984978e+40
5.098600000000442378e+01	2.710442398828474329e+42	7.651527556833272473e+40
5.101499999999941792e+01	2.710566834143210724e+42	7.637443061911360444e+40
5.186800000000221189e+01	2.708878603793809611e+42	7.629641780987262484e+40
5.188000000000465661e+01	2.710382119853919824e+42	7.606132288891260359e+40
5.198300000000017462e+01	2.709344679425125911e+42	7.593248630834903762e+40
5.198600000000442378e+01	2.690987768192367579e+42	7.378178918084021616e+40
5.201499999999941792e+01	2.691084710937304299e+42	7.365850671229770953e+40
5.286800000000221189e+01	2.689098118377950706e+42	7.358878916495061544e+40
5.288000000000465661e+01	2.690740732835552820e+42	7.337000420068654749e+40
5.298300000000017462e+01	2.689616694062263613e+42	7.324398247240924776e+40
5.298600000000442378e+01	2.674530023546325150e+42	7.151262054818530217e+40
5.301499999999941792e+01	2.674589128245883153e+42	7.140315580135226715e+40
5.386800000000221189e+01	2.672398077172608916e+42	7.133692809555509326e+40
5.388000000000465661e+01	2.672588014728754924e+42	7.117385460842372920e+40
5.398300000000017462e+01	2.671379364144939511e+42	7.105000644213502932e+40
5.401499999999941792e+01	2.671380555246698822e+42	7.095192827851632006e+40
5.486800000000221189e+01	2.669404340780571685e+42	7.088160717892755155e+40
5.488000000000465661e+01	2.669718861469160103e+42	7.071672902242525454e+40
5.498300000000017462e+01	2.668406458799031876e+42	7.059734110636167159e+40
5.501499999999941792e+01	2.668332985384478558e+42	7.051930384023464196e+40
5.586800000000221189e+01	2.666556302412648047e+42	7.044575573057491766e+40
5.588000000000465661e+01	2.666981049220187060e+42	7.027965795513511404e+40
5.598300000000017462e+01	2.665563928129228216e+42	7.016479761637684651e+40
5.601499999999941792e+01	2.665418585391024282e+42	7.010817517124034200e+40
5.686800000000221189e+01	2.663825304757590452e+42	7.003172252082959523e+40
5.688000000000465661e+01	2.664347296081536613e+42	6.986492566850055064e+40
5.698300000000017462e+01	2.662824518338993946e+42	6.975465344572442928e+40
5.701499999999941792e+01	2.662609872970580134e+42	6.972067974490189162e+40
5.788000000000465661e+01	2.663217584224311094e+42	6.955355565823031504e+40
5.798300000000017462e+01	2.661576301895029298e+42	6.944745173593997781e+40
5.801499999999941792e+01	2.661289102052465847e+42	6.943717481964798355e+40
5.888000000000465661e+01	2.661974853397839354e+42	6.927043830321047535e+40
5.898300000000017462e+01	2.660202093536437575e+42	6.916890763478021150e+40
5.901499999999941792e+01	2.659857862288772193e+42	6.918623081979388032e+40
5.988000000000465661e+01	2.660599968255924057e+42	6.901753513749880905e+40
5.998300000000017462e+01	2.658694015603979294e+42	6.892067205318561913e+40
6.001499999999941792e+01	2.658283905199241117e+42	6.896436330514995014e+40
6.088000000000465661e+01	2.659085475595842247e+42	6.879631140227257631e+40
6.098300000000017462e+01	2.657045159102578093e+42	6.870431704278205603e+40
6.101499999999941792e+01	2.656571853965337926e+42	6.877544969607103045e+40
6.188000000000465661e+01	2.657425665554325037e+42	6.860835066162059823e+40
6.198300000000017462e+01	2.655249725956585503e+42	6.852138282208483264e+40
6.201499999999941792e+01	2.654716237869345772e+42	6.862101759397806364e+40
6.288000000000465661e+01	2.655615564595803881e+42	6.845514139881803264e+40
6.298300000000017462e+01	2.653302779941337006e+42	6.837335324226553249e+40
6.301499999999941792e+01	2.652712645828193059e+42	6.850258144957220619e+40
6.388000000000465661e+01	2.653651212404995082e+42	6.833815879513596111e+40
6.398300000000017462e+01	2.651200379137370075e+42	6.826169117612948555e+40
6.401499999999941792e+01	2.650557520748646040e+42	6.842161488252579282e+40
6.488000000000465661e+01	2.651529420980496890e+42	6.825882144262759230e+40
6.498300000000017462e+01	2.648939507490088348e+42	6.818783281408377275e+40
6.501499999999941792e+01	2.648248241326795344e+42	6.837958264738698010e+40
6.588000000000465661e+01	2.649247989131471065e+42	6.821856872803497908e+40
6.598300000000017462e+01	2.646517909059513385e+42	6.815320012409616076e+40
6.601499999999941792e+01	2.645783024842210066e+42	6.837792766433868212e+40
6.688000000000465661e+01	2.646805533731730774e+42	6.821881512111255733e+40
6.698300000000017462e+01	2.643934328325156724e+42	6.815921712119921234e+40
6.701499999999941792e+01	2.643160998200261999e+42	6.841811726913145746e+40
6.788000000000465661e+01	2.644201438091988204e+42	6.826098480223582693e+40
6.798300000000017462e+01	2.641188183446766434e+42	6.820729975660556658e+40
6.801499999999941792e+01	2.640381977621806540e+42	6.850160353429699277e+40
6.888000000000465661e+01	2.641435954080276011e+42	6.834652369817854594e+40
6.898300000000017462e+01	2.638279761240930292e+42	6.829889245113639379e+40
6.901499999999941792e+01	2.637446675918717057e+42	6.862987600636842205e+40
6.988000000000465661e+01	2.638510058868053649e+42	6.847688358300186597e+40
6.998300000000017462e+01	2.635210109251905117e+42	6.843544854641771876e+40
7.001499999999941792e+01	2.634356545398235467e+42	6.880445013632816012e+40
7.088000000000465661e+01	2.635425508105929493e+42	6.865356281881004216e+40
7.101499999999941792e+01	2.634506161905431583e+42	6.907439917657321691e+40
7.188000000000465661e+01	2.635567297306457518e+42	6.892547221956612585e+40
7.201499999999941792e+01	2.634491782220330028e+42	6.947284224641840080e+40
7.288000000000465661e+01	2.635151123092777699e+42	6.932860479573731944e+40
7.301499999999941792e+01	2.633938829646721040e+42	7.002278846352357701e+40
7.401499999999941792e+01	2.632604017309592824e+42	7.088689662223846270e+40
7.501499999999941792e+01	2.631175417041972789e+42	7.194726993308829704e+40
7.601499999999941792e+01	2.629696854814561382e+42	7.323457671460507142e+40
