"Time (MJD)" PAN-STARRS/PS1.g PAN-STARRS/PS1.g_err PAN-STARRS/PS1.i PAN-STARRS/PS1.i_err PAN-STARRS/PS1.r PAN-STARRS/PS1.r_err PAN-STARRS/PS1.z PAN-STARRS/PS1.z_err Palomar/ZTF.g Palomar/ZTF.g_err Palomar/ZTF.r Palomar/ZTF.r_err "Temp./1e3 (K)" "Temp. Err." "Radius/1e15 (cm)" "Radius Err." "Log10(Bol. Lum)" "Log10(Bol. Err)"
-5.000 -15.514 -0.219 -15.468 -0.225 -14.520 -0.287 -14.371 -0.290 -13.349 -1.157 -12.160 -2.429 40.000 140.806 0.057 0.133 42.766 43.938
-4.000 -16.371 -0.006 -16.349 -0.051 -15.907 -0.097 -15.834 -0.013 -15.167 -0.966 -13.899 -2.130 40.000 3.726 0.108 0.007 43.331 42.928
-3.000 -16.941 -0.044 -16.925 -0.064 -16.815 -0.139 -16.809 -0.099 -16.515 -0.778 -15.282 -1.716 11.922 1.197 0.455 0.061 42.474 42.158
-2.000 -17.224 -0.021 -17.196 -0.046 -17.184 -0.110 -17.225 -0.067 -17.267 -0.544 -16.166 -1.174 9.603 0.515 0.718 0.062 42.494 41.935
-1.000 -17.311 -0.003 -17.261 -0.034 -17.185 -0.050 -17.257 -0.003 -17.574 -0.343 -16.648 -0.574 10.068 0.078 0.693 0.008 42.547 41.130
-0.000 -17.317 -0.003 -17.244 -0.028 -17.088 -0.004 -17.182 -0.045 -17.720 -0.290 -16.942 -0.036 10.962 1.230 0.597 0.092 42.564 42.300
1.000 -17.311 -0.003 -17.226 -0.027 -17.076 -0.020 -17.193 -0.042 -17.900 -0.318 -17.188 -0.322 13.744 1.343 0.448 0.054 42.707 42.369
2.000 -17.307 -0.003 -17.220 -0.026 -17.170 -0.042 -17.309 -0.003 -18.109 -0.310 -17.352 -0.430 9.330 0.146 0.784 0.019 42.521 41.416
3.000 -17.302 -0.012 -17.219 -0.016 -17.283 -0.068 -17.435 -0.050 -18.220 -0.266 -17.305 -0.300 8.431 1.180 0.922 0.236 42.486 42.365
4.000 -17.298 -0.021 -17.218 -0.003 -17.338 -0.075 -17.487 -0.073 -18.137 -0.214 -16.965 -0.013 8.696 0.449 0.846 0.076 42.464 41.902
5.000 -17.289 -0.021 -17.209 -0.009 -17.320 -0.056 -17.455 -0.059 -17.887 -0.162 -16.392 -0.321 8.351 1.295 0.914 0.260 42.462 42.387
6.000 -17.256 -0.011 -17.174 -0.008 -17.257 -0.025 -17.375 -0.025 -17.581 -0.133 -15.745 -0.612 8.335 0.886 0.908 0.175 42.453 42.212
7.000 -17.194 -0.003 -17.110 -0.003 -17.187 -0.003 -17.296 -0.003 -17.326 -0.165 -15.178 -0.817 8.393 0.540 0.878 0.095 42.436 41.962
8.000 -17.141 -0.003 -17.055 -0.007 -17.148 -0.013 -17.255 -0.003 -17.171 -0.221 -14.772 -0.917 8.140 0.322 0.923 0.063 42.426 41.746
9.000 -17.140 -0.009 -17.053 -0.013 -17.157 -0.023 -17.263 -0.013 -17.107 -0.237 -14.535 -0.885 8.420 0.917 0.860 0.163 42.423 42.185
10.000 -17.176 -0.012 -17.091 -0.012 -17.199 -0.023 -17.301 -0.018 -17.089 -0.170 -14.430 -0.703 9.071 1.667 0.761 0.230 42.446 42.425
11.000 -17.183 -0.008 -17.106 -0.003 -17.231 -0.014 -17.325 -0.011 -17.063 -0.005 -14.405 -0.495 8.942 0.600 0.772 0.083 42.433 41.970
12.000 -17.131 -0.003 -17.069 -0.014 -17.235 -0.026 -17.316 -0.003 -16.993 -0.237 -14.410 -0.692 7.663 0.308 1.042 0.077 42.426 41.765
13.000 -17.063 -0.003 -17.022 -0.027 -17.233 -0.050 -17.295 -0.003 -16.874 -0.504 -14.402 -1.201 7.305 0.161 1.116 0.047 42.402 41.490
14.000 -17.033 -0.002 -17.015 -0.037 -17.251 -0.072 -17.284 -0.006 -16.714 -0.751 -14.355 -1.717 7.191 0.184 1.138 0.061 42.392 41.563
15.000 -17.025 -0.002 -17.030 -0.046 -17.277 -0.089 -17.278 -0.006 -16.534 -0.944 -14.276 -2.128 7.167 0.158 1.141 0.053 42.389 41.496
16.000 -16.985 -0.003 -17.014 -0.052 -17.290 -0.101 -17.264 -0.003 -16.369 -1.072 -14.202 -2.402 6.988 0.090 1.185 0.030 42.377 41.236
17.000 -16.919 -0.004 -16.969 -0.055 -17.309 -0.108 -17.264 -0.003 -16.265 -1.142 -14.174 -2.553 6.603 0.094 1.307 0.037 42.364 41.271
18.000 -16.887 -0.003 -16.953 -0.056 -17.356 -0.110 -17.300 -0.004 -16.227 -1.166 -14.189 -2.605 6.252 0.093 1.467 0.050 42.370 41.326
19.000 -16.877 -0.003 -16.954 -0.056 -17.375 -0.109 -17.307 -0.003 -16.176 -1.149 -14.183 -2.574 6.168 0.082 1.510 0.044 42.372 41.270
20.000 -16.751 -0.011 -16.829 -0.055 -17.224 -0.103 -17.149 -0.004 -16.003 -1.089 -14.094 -2.456 6.357 0.227 1.327 0.091 42.312 41.607
21.000 -16.376 -0.050 -16.453 -0.066 -16.838 -0.096 -16.768 -0.027 -15.709 -0.974 -13.973 -2.232 6.706 0.850 0.999 0.245 42.158 42.006
22.000 -15.842 -0.130 -15.920 -0.128 -16.384 -0.108 -16.337 -0.082 -15.488 -0.799 -14.006 -1.894 7.132 1.544 0.704 0.285 41.961 42.034
23.000 -15.469 -0.222 -15.551 -0.212 -16.188 -0.137 -16.178 -0.131 -15.612 -0.574 -14.402 -1.475 6.678 1.510 0.708 0.314 41.852 41.954
24.000 -15.551 -0.256 -15.641 -0.242 -16.466 -0.115 -16.493 -0.115 -16.190 -0.309 -15.202 -1.058 5.658 1.018 1.138 0.449 41.976 42.004
25.000 -16.086 -0.173 -16.178 -0.161 -17.098 -0.009 -17.147 -0.031 -17.021 -0.017 -16.195 -0.775 7.269 1.098 1.020 0.251 42.316 42.208
26.000 -16.748 -0.014 -16.834 -0.037 -17.689 -0.139 -17.739 -0.152 -17.702 -0.250 -17.027 -0.679 6.916 2.473 1.092 0.867 42.288 42.618
27.000 -17.150 -0.205 -17.219 -0.208 -17.873 -0.224 -17.911 -0.234 -17.912 -0.405 -17.420 -0.598 5.702 0.515 2.154 0.460 42.544 42.292
28.000 -17.130 -0.283 -17.180 -0.278 -17.592 -0.172 -17.613 -0.179 -17.637 -0.413 -17.344 -0.371 6.307 0.462 1.629 0.235 42.476 42.089
29.000 -16.828 -0.194 -16.865 -0.188 -17.107 -0.008 -17.117 -0.061 -17.151 -0.359 -17.004 -0.019 6.426 0.560 1.275 0.199 42.295 41.965
30.000 -16.521 -0.006 -16.556 -0.034 -16.776 -0.151 -16.782 -0.171 -16.806 -0.338 -16.680 -0.337 6.403 0.309 1.170 0.135 42.214 41.693
31.000 -16.395 -0.186 -16.441 -0.180 -16.786 -0.171 -16.799 -0.180 -16.791 -0.250 -16.560 -0.582 6.610 0.243 1.036 0.076 42.164 41.482
32.000 -16.446 -0.250 -16.510 -0.232 -17.066 -0.009 -17.091 -0.031 -17.055 -0.012 -16.655 -0.695 7.530 0.322 0.959 0.063 42.323 41.657
33.000 -16.545 -0.186 -16.626 -0.169 -17.386 -0.255 -17.427 -0.281 -17.391 -0.307 -16.851 -0.707 5.429 0.470 1.858 0.409 42.330 42.079
34.000 -16.577 -0.075 -16.665 -0.082 -17.548 -0.473 -17.602 -0.510 -17.602 -0.556 -17.012 -0.605 5.552 0.542 1.749 0.462 42.316 42.134
35.000 -16.521 -0.005 -16.608 -0.048 -17.500 -0.530 -17.559 -0.571 -17.612 -0.631 -17.060 -0.358 5.541 0.428 1.697 0.362 42.287 42.009
36.000 -16.435 -0.046 -16.514 -0.004 -17.325 -0.413 -17.384 -0.449 -17.475 -0.538 -16.996 -0.011 6.197 0.028 1.240 0.013 42.209 40.645
37.000 -16.385 -0.082 -16.453 -0.053 -17.153 -0.201 -17.204 -0.225 -17.295 -0.371 -16.858 -0.316 5.594 0.403 1.568 0.298 42.235 41.913
38.000 -16.387 -0.077 -16.449 -0.056 -17.061 -0.043 -17.103 -0.005 -17.148 -0.201 -16.680 -0.524 5.131 0.163 2.009 0.143 42.299 41.581
39.000 -16.415 -0.042 -16.476 -0.006 -17.052 -0.171 -17.084 -0.159 -17.039 -0.013 -16.460 -0.681 5.901 0.041 1.378 0.023 42.215 40.855
40.000 -16.434 -0.044 -16.498 -0.040 -17.074 -0.193 -17.095 -0.176 -16.924 -0.244 -16.172 -0.999 5.976 0.463 1.343 0.261 42.215 41.911
41.000 -16.431 -0.006 -16.501 -0.041 -17.072 -0.062 -17.079 -0.005 -16.749 -0.616 -15.794 -1.520 5.291 0.036 1.856 0.032 42.284 40.930
42.000 -16.416 -0.109 -16.488 -0.121 -17.014 -0.325 -17.002 -0.380 -16.488 -1.125 -15.334 -2.132 5.902 0.876 1.366 0.507 42.208 42.186
43.000 -16.395 -0.152 -16.466 -0.164 -16.897 -0.770 -16.862 -0.870 -16.161 -1.729 -14.838 -2.731 6.836 1.487 0.944 0.448 42.142 42.252
44.000 -16.362 -0.012 -16.428 -0.087 -16.742 -1.224 -16.683 -1.369 -15.825 -2.329 -14.391 -3.248 6.933 1.602 0.905 0.465 42.130 42.270
45.000 -16.306 -0.435 -16.368 -0.442 -16.585 -1.630 -16.511 -1.803 -15.562 -2.819 -14.089 -3.625 34.613 57.303 0.118 0.145 43.155 44.004
46.000 -16.230 -1.026 -16.289 -1.018 -16.473 -1.957 -16.396 -2.130 -15.449 -3.118 -14.016 -3.815 40.000 89.903 0.098 0.151 43.244 44.222
47.000 -16.157 -1.582 -16.217 -1.559 -16.446 -2.131 -16.380 -2.279 -15.532 -3.170 -14.216 -3.776 40.000 90.600 0.097 0.150 43.238 44.219
48.000 -16.110 -1.903 -16.174 -1.862 -16.512 -2.051 -16.469 -2.168 -15.802 -2.944 -14.664 -3.480 40.000 104.380 0.097 0.174 43.238 44.280
49.000 -16.097 -1.895 -16.165 -1.837 -16.639 -1.690 -16.625 -1.780 -16.184 -2.471 -15.271 -2.937 40.000 174.585 0.097 0.294 43.238 44.504
50.000 -16.096 -1.612 -16.168 -1.543 -16.763 -1.143 -16.778 -1.219 -16.570 -1.855 -15.901 -2.209 40.000 300.123 0.097 0.509 43.238 44.740
51.000 -16.080 -1.192 -16.152 -1.124 -16.831 -0.592 -16.867 -0.665 -16.858 -1.238 -16.415 -1.400 40.000 421.993 0.097 0.714 43.238 44.888
52.000 -16.031 -0.751 -16.103 -0.702 -16.823 -0.195 -16.873 -0.269 -16.993 -0.730 -16.716 -0.633 40.000 538.496 0.097 0.896 43.238 44.993
53.000 -15.956 -0.339 -16.030 -0.320 -16.766 -0.004 -16.820 -0.069 -16.980 -0.375 -16.771 -0.015 6.947 0.171 0.958 0.040 42.182 41.296
54.000 -15.870 -0.019 -15.947 -0.034 -16.698 -0.042 -16.748 -0.005 -16.861 -0.161 -16.606 -0.407 4.622 0.050 2.180 0.060 42.189 41.033
55.000 -15.778 -0.260 -15.861 -0.237 -16.638 -0.005 -16.679 -0.028 -16.683 -0.009 -16.294 -0.676 4.849 0.675 1.828 0.582 42.120 42.047
56.000 -15.670 -0.338 -15.761 -0.313 -16.579 -0.095 -16.612 -0.109 -16.488 -0.167 -15.930 -0.891 5.130 0.702 1.536 0.476 42.066 41.984
57.000 -15.533 -0.240 -15.632 -0.229 -16.504 -0.199 -16.532 -0.209 -16.314 -0.325 -15.624 -1.075 5.298 0.663 1.286 0.398 41.968 41.869
58.000 -15.370 -0.023 -15.474 -0.035 -16.408 -0.226 -16.439 -0.237 -16.202 -0.367 -15.468 -1.140 4.913 0.476 1.430 0.427 41.929 41.782
59.000 -15.195 -0.364 -15.302 -0.327 -16.300 -0.142 -16.342 -0.155 -16.175 -0.245 -15.504 -1.021 5.103 0.754 1.316 0.459 41.922 41.883
60.000 -15.022 -0.725 -15.128 -0.666 -16.185 -0.008 -16.243 -0.050 -16.214 -0.013 -15.687 -0.740 5.472 0.610 1.140 0.261 41.919 41.725
61.000 -14.848 -0.983 -14.951 -0.910 -16.044 -0.068 -16.119 -0.089 -16.245 -0.221 -15.889 -0.378 5.624 0.811 1.026 0.307 41.875 41.795
62.000 -14.663 -1.045 -14.762 -0.967 -15.851 -0.005 -15.937 -0.091 -16.178 -0.371 -15.957 -0.011 6.256 0.070 0.761 0.016 41.801 40.584
63.000 -14.469 -0.880 -14.562 -0.806 -15.607 -0.175 -15.693 -0.209 -15.965 -0.401 -15.789 -0.325 5.667 0.767 0.811 0.227 41.684 41.576
64.000 -14.293 -0.521 -14.381 -0.460 -15.357 -0.387 -15.434 -0.394 -15.640 -0.286 -15.395 -0.635 4.567 0.291 1.145 0.189 41.609 41.230
65.000 -14.173 -0.086 -14.260 -0.019 -15.179 -0.574 -15.241 -0.555 -15.307 -0.010 -14.888 -0.991 4.701 0.018 0.950 0.009 41.497 39.883
66.000 -14.130 -0.400 -14.220 -0.416 -15.128 -0.719 -15.176 -0.682 -15.074 -0.387 -14.415 -1.440 5.401 0.499 0.626 0.143 41.376 41.144
67.000 -14.139 -0.637 -14.236 -0.646 -15.188 -0.757 -15.228 -0.715 -14.978 -0.771 -14.069 -1.924 5.954 1.057 0.492 0.197 41.337 41.366
68.000 -14.123 -0.528 -14.228 -0.532 -15.260 -0.554 -15.298 -0.521 -14.952 -1.042 -13.843 -2.338 5.730 1.215 0.545 0.276 41.358 41.479
69.000 -13.984 -0.056 -14.096 -0.025 -15.198 -0.021 -15.240 -0.110 -14.862 -1.263 -13.645 -2.650 3.764 0.107 1.951 0.196 41.736 41.099
70.000 -13.653 -0.826 -13.763 -0.818 -14.884 -0.812 -14.930 -0.842 -14.574 -1.661 -13.361 -2.932 6.080 1.600 0.379 0.226 41.145 41.347
71.000 -13.114 -1.816 -13.216 -1.810 -14.277 -1.793 -14.325 -1.811 -14.026 -2.308 -12.918 -3.269 7.079 2.078 0.208 0.116 40.888 41.099
72.000 -12.420 -2.766 -12.508 -2.760 -13.435 -2.741 -13.480 -2.751 -13.251 -3.037 -12.320 -3.658 7.296 1.864 0.141 0.065 40.605 40.744
73.000 -11.664 -3.531 -11.733 -3.527 -12.479 -3.511 -12.518 -3.516 -12.355 -3.669 -11.633 -4.024 7.327 1.468 0.098 0.035 40.296 40.325
74.000 -10.945 -4.056 -10.996 -4.054 -11.548 -4.043 -11.578 -4.046 -11.471 -4.121 -10.953 -4.300 7.374 1.054 0.069 0.017 39.996 39.875
75.000 -10.339 -4.364 -10.373 -4.363 -10.749 -4.358 -10.770 -4.359 -10.705 -4.392 -10.361 -4.471 7.521 0.679 0.049 0.007 39.737 39.412
76.000 -9.879 -4.518 -9.900 -4.518 -10.136 -4.515 -10.149 -4.516 -10.112 -4.528 -9.900 -4.559 7.728 0.350 0.037 0.003 39.538 38.908
77.000 -9.562 -4.584 -9.574 -4.584 -9.711 -4.583 -9.719 -4.583 -9.699 -4.587 -9.578 -4.597 7.941 0.090 0.030 0.001 39.400 38.165
78.000 -9.363 -4.607 -9.370 -4.607 -9.443 -4.607 -9.448 -4.607 -9.437 -4.608 -9.374 -4.611 8.115 0.131 0.026 0.001 39.314 38.229
79.000 -9.250 -4.614 -9.253 -4.614 -9.289 -4.614 -9.291 -4.614 -9.287 -4.614 -9.255 -4.615 8.233 0.252 0.024 0.001 39.265 38.457
80.000 -9.190 -4.616 -9.192 -4.616 -9.208 -4.616 -9.209 -4.616 -9.207 -4.616 -9.193 -4.616 8.302 0.322 0.023 0.001 39.240 38.533
81.000 -9.161 -4.616 -9.162 -4.616 -9.169 -4.616 -9.169 -4.616 -9.168 -4.616 -9.162 -4.616 8.338 0.358 0.022 0.001 39.228 38.563
82.000 -9.148 -4.616 -9.149 -4.616 -9.151 -4.616 -9.152 -4.616 -9.151 -4.616 -9.149 -4.616 8.354 0.374 0.022 0.002 39.222 38.576
83.000 -9.143 -4.616 -9.143 -4.616 -9.144 -4.616 -9.144 -4.616 -9.144 -4.616 -9.143 -4.616 8.361 0.380 0.022 0.002 39.220 38.581
84.000 -9.141 -4.616 -9.141 -4.616 -9.141 -4.616 -9.142 -4.616 -9.141 -4.616 -9.141 -4.616 8.363 0.383 0.022 0.002 39.219 38.583
85.000 -9.140 -4.616 -9.140 -4.616 -9.141 -4.616 -9.141 -4.616 -9.141 -4.616 -9.140 -4.616 8.364 0.384 0.022 0.002 39.219 38.583
86.000 -9.140 -4.616 -9.140 -4.616 -9.140 -4.616 -9.140 -4.616 -9.140 -4.616 -9.140 -4.616 8.365 0.384 0.022 0.002 39.219 38.583
87.000 -9.140 -4.616 -9.140 -4.616 -9.140 -4.616 -9.140 -4.616 -9.140 -4.616 -9.140 -4.616 8.365 0.384 0.022 0.002 39.219 38.583
88.000 -9.140 -4.616 -9.140 -4.616 -9.140 -4.616 -9.140 -4.616 -9.140 -4.616 -9.140 -4.616 8.365 0.384 0.022 0.002 39.219 38.583
89.000 -9.140 -4.616 -9.140 -4.616 -9.140 -4.616 -9.140 -4.616 -9.140 -4.616 -9.140 -4.616 8.365 0.384 0.022 0.002 39.219 38.583
90.000 -9.140 -4.616 -9.140 -4.616 -9.140 -4.616 -9.140 -4.616 -9.140 -4.616 -9.140 -4.616 8.365 0.384 0.022 0.002 39.219 38.583
91.000 -9.140 -4.616 -9.140 -4.616 -9.140 -4.616 -9.140 -4.616 -9.140 -4.616 -9.140 -4.616 8.365 0.384 0.022 0.002 39.219 38.583
92.000 -9.140 -4.616 -9.140 -4.616 -9.140 -4.616 -9.140 -4.616 -9.140 -4.616 -9.140 -4.616 8.365 0.384 0.022 0.002 39.219 38.583
93.000 -9.140 -4.616 -9.140 -4.616 -9.140 -4.616 -9.140 -4.616 -9.140 -4.616 -9.140 -4.616 8.365 0.384 0.022 0.002 39.219 38.583
94.000 -9.140 -4.616 -9.140 -4.616 -9.140 -4.616 -9.140 -4.616 -9.140 -4.616 -9.140 -4.616 8.365 0.384 0.022 0.002 39.219 38.583
95.000 -9.140 -4.616 -9.140 -4.616 -9.140 -4.616 -9.140 -4.616 -9.140 -4.616 -9.140 -4.616 8.365 0.384 0.022 0.002 39.219 38.583
96.000 -9.140 -4.616 -9.140 -4.616 -9.140 -4.616 -9.140 -4.616 -9.140 -4.616 -9.140 -4.616 8.365 0.384 0.022 0.002 39.219 38.583
97.000 -9.140 -4.616 -9.140 -4.616 -9.140 -4.616 -9.140 -4.616 -9.140 -4.616 -9.140 -4.616 8.365 0.384 0.022 0.002 39.219 38.583
98.000 -9.140 -4.616 -9.140 -4.616 -9.140 -4.616 -9.140 -4.616 -9.140 -4.616 -9.140 -4.616 8.365 0.384 0.022 0.002 39.219 38.583
99.000 -9.140 -4.616 -9.140 -4.616 -9.140 -4.616 -9.140 -4.616 -9.140 -4.616 -9.140 -4.616 8.365 0.384 0.022 0.002 39.219 38.583
100.000 -9.140 -4.616 -9.140 -4.616 -9.140 -4.616 -9.140 -4.616 -9.140 -4.616 -9.140 -4.616 8.365 0.384 0.022 0.002 39.219 38.583
101.000 -9.140 -4.616 -9.140 -4.616 -9.140 -4.616 -9.140 -4.616 -9.140 -4.616 -9.140 -4.616 8.365 0.384 0.022 0.002 39.219 38.583
102.000 -9.140 -4.616 -9.140 -4.616 -9.140 -4.616 -9.140 -4.616 -9.140 -4.616 -9.140 -4.616 8.365 0.384 0.022 0.002 39.219 38.583
103.000 -9.140 -4.616 -9.140 -4.616 -9.140 -4.616 -9.140 -4.616 -9.140 -4.616 -9.140 -4.616 8.365 0.384 0.022 0.002 39.219 38.583
104.000 -9.140 -4.616 -9.140 -4.616 -9.140 -4.616 -9.140 -4.616 -9.140 -4.616 -9.140 -4.616 8.365 0.384 0.022 0.002 39.219 38.583
105.000 -9.140 -4.616 -9.140 -4.616 -9.140 -4.616 -9.140 -4.616 -9.140 -4.616 -9.140 -4.616 8.365 0.384 0.022 0.002 39.219 38.583
106.000 -9.140 -4.616 -9.140 -4.616 -9.140 -4.616 -9.140 -4.616 -9.140 -4.616 -9.140 -4.616 8.365 0.384 0.022 0.002 39.219 38.583
107.000 -9.140 -4.616 -9.140 -4.616 -9.140 -4.616 -9.140 -4.616 -9.140 -4.616 -9.140 -4.616 8.365 0.384 0.022 0.002 39.219 38.583
108.000 -9.140 -4.616 -9.140 -4.616 -9.140 -4.616 -9.140 -4.616 -9.140 -4.616 -9.140 -4.616 8.365 0.384 0.022 0.002 39.219 38.583
109.000 -9.140 -4.616 -9.140 -4.616 -9.140 -4.616 -9.140 -4.616 -9.140 -4.616 -9.140 -4.616 8.365 0.384 0.022 0.002 39.219 38.583
110.000 -9.140 -4.616 -9.140 -4.616 -9.140 -4.616 -9.140 -4.616 -9.140 -4.616 -9.140 -4.616 8.365 0.384 0.022 0.002 39.219 38.583
111.000 -9.140 -4.616 -9.140 -4.616 -9.140 -4.616 -9.140 -4.616 -9.140 -4.616 -9.140 -4.616 8.365 0.384 0.022 0.002 39.219 38.583
112.000 -9.140 -4.616 -9.140 -4.616 -9.140 -4.616 -9.140 -4.616 -9.140 -4.616 -9.140 -4.616 8.365 0.384 0.022 0.002 39.219 38.583
113.000 -9.140 -4.616 -9.140 -4.616 -9.140 -4.616 -9.140 -4.616 -9.140 -4.616 -9.140 -4.616 8.365 0.384 0.022 0.002 39.219 38.583
114.000 -9.140 -4.616 -9.140 -4.616 -9.140 -4.616 -9.140 -4.616 -9.140 -4.616 -9.140 -4.616 8.365 0.384 0.022 0.002 39.219 38.583
115.000 -9.140 -4.616 -9.140 -4.616 -9.140 -4.616 -9.140 -4.616 -9.140 -4.616 -9.140 -4.616 8.365 0.384 0.022 0.002 39.219 38.583
116.000 -9.140 -4.616 -9.140 -4.616 -9.140 -4.616 -9.140 -4.616 -9.140 -4.616 -9.140 -4.616 8.365 0.384 0.022 0.002 39.219 38.583
117.000 -9.140 -4.616 -9.140 -4.616 -9.140 -4.616 -9.140 -4.616 -9.140 -4.616 -9.140 -4.616 8.365 0.384 0.022 0.002 39.219 38.583
118.000 -9.140 -4.616 -9.140 -4.616 -9.140 -4.616 -9.140 -4.616 -9.140 -4.616 -9.140 -4.616 8.365 0.384 0.022 0.002 39.219 38.583
119.000 -9.140 -4.616 -9.140 -4.616 -9.140 -4.616 -9.140 -4.616 -9.140 -4.616 -9.140 -4.616 8.365 0.384 0.022 0.002 39.219 38.583
120.000 -9.140 -4.616 -9.140 -4.616 -9.140 -4.616 -9.140 -4.616 -9.140 -4.616 -9.140 -4.616 8.365 0.384 0.022 0.002 39.219 38.583
121.000 -9.140 -4.616 -9.140 -4.616 -9.140 -4.616 -9.140 -4.616 -9.140 -4.616 -9.140 -4.616 8.365 0.384 0.022 0.002 39.219 38.583
122.000 -9.140 -4.616 -9.140 -4.616 -9.140 -4.616 -9.140 -4.616 -9.140 -4.616 -9.140 -4.616 8.365 0.384 0.022 0.002 39.219 38.583
123.000 -9.140 -4.616 -9.140 -4.616 -9.140 -4.616 -9.140 -4.616 -9.140 -4.616 -9.140 -4.616 8.365 0.384 0.022 0.002 39.219 38.583
124.000 -9.140 -4.616 -9.140 -4.616 -9.140 -4.616 -9.140 -4.616 -9.140 -4.616 -9.140 -4.616 8.365 0.384 0.022 0.002 39.219 38.583
125.000 -9.140 -4.616 -9.140 -4.616 -9.140 -4.616 -9.140 -4.616 -9.140 -4.616 -9.140 -4.616 8.365 0.384 0.022 0.002 39.219 38.583
126.000 -9.140 -4.616 -9.140 -4.616 -9.140 -4.616 -9.140 -4.616 -9.140 -4.616 -9.140 -4.616 8.365 0.384 0.022 0.002 39.219 38.583
127.000 -9.140 -4.616 -9.140 -4.616 -9.140 -4.616 -9.140 -4.616 -9.140 -4.616 -9.140 -4.616 8.365 0.384 0.022 0.002 39.219 38.583
128.000 -9.140 -4.616 -9.140 -4.616 -9.140 -4.616 -9.140 -4.616 -9.140 -4.616 -9.140 -4.616 8.365 0.384 0.022 0.002 39.219 38.583
129.000 -9.140 -4.616 -9.140 -4.616 -9.140 -4.616 -9.140 -4.616 -9.140 -4.616 -9.140 -4.616 8.365 0.384 0.022 0.002 39.219 38.583
130.000 -9.140 -4.616 -9.140 -4.616 -9.140 -4.616 -9.140 -4.616 -9.140 -4.616 -9.140 -4.616 8.365 0.384 0.022 0.002 39.219 38.583
131.000 -9.140 -4.616 -9.140 -4.616 -9.140 -4.616 -9.140 -4.616 -9.140 -4.616 -9.140 -4.616 8.365 0.384 0.022 0.002 39.219 38.583
132.000 -9.140 -4.616 -9.140 -4.616 -9.140 -4.616 -9.140 -4.616 -9.140 -4.616 -9.140 -4.616 8.365 0.384 0.022 0.002 39.219 38.583
133.000 -9.140 -4.616 -9.140 -4.616 -9.140 -4.616 -9.140 -4.616 -9.140 -4.616 -9.140 -4.616 8.365 0.384 0.022 0.002 39.219 38.583
134.000 -9.140 -4.616 -9.140 -4.616 -9.140 -4.616 -9.140 -4.616 -9.140 -4.616 -9.140 -4.616 8.365 0.384 0.022 0.002 39.219 38.583
135.000 -9.140 -4.616 -9.140 -4.616 -9.140 -4.616 -9.140 -4.616 -9.140 -4.616 -9.140 -4.616 8.365 0.384 0.022 0.002 39.219 38.583
136.000 -9.140 -4.616 -9.140 -4.616 -9.140 -4.616 -9.140 -4.616 -9.140 -4.616 -9.140 -4.616 8.365 0.384 0.022 0.002 39.219 38.583
137.000 -9.140 -4.616 -9.140 -4.616 -9.140 -4.616 -9.140 -4.616 -9.140 -4.616 -9.140 -4.616 8.365 0.384 0.022 0.002 39.219 38.583
138.000 -9.140 -4.616 -9.140 -4.616 -9.140 -4.616 -9.140 -4.616 -9.140 -4.616 -9.140 -4.616 8.365 0.384 0.022 0.002 39.219 38.583
139.000 -9.140 -4.616 -9.140 -4.616 -9.140 -4.616 -9.140 -4.616 -9.140 -4.616 -9.140 -4.616 8.365 0.384 0.022 0.002 39.219 38.583
140.000 -9.140 -4.616 -9.140 -4.616 -9.140 -4.616 -9.140 -4.616 -9.140 -4.616 -9.140 -4.616 8.365 0.384 0.022 0.002 39.219 38.583
141.000 -9.140 -4.616 -9.140 -4.616 -9.140 -4.616 -9.140 -4.616 -9.140 -4.616 -9.140 -4.616 8.365 0.384 0.022 0.002 39.219 38.583
142.000 -9.140 -4.616 -9.140 -4.616 -9.140 -4.616 -9.140 -4.616 -9.140 -4.616 -9.140 -4.616 8.365 0.384 0.022 0.002 39.219 38.583
143.000 -9.140 -4.616 -9.140 -4.616 -9.140 -4.616 -9.140 -4.616 -9.140 -4.616 -9.140 -4.616 8.365 0.384 0.022 0.002 39.219 38.583
144.000 -9.140 -4.616 -9.140 -4.616 -9.140 -4.616 -9.140 -4.616 -9.140 -4.616 -9.140 -4.616 8.365 0.384 0.022 0.002 39.219 38.583
145.000 -9.140 -4.616 -9.140 -4.616 -9.140 -4.616 -9.140 -4.616 -9.140 -4.616 -9.140 -4.616 8.365 0.384 0.022 0.002 39.219 38.583
146.000 -9.140 -4.616 -9.140 -4.616 -9.140 -4.616 -9.140 -4.616 -9.140 -4.616 -9.140 -4.616 8.365 0.384 0.022 0.002 39.219 38.583
147.000 -9.140 -4.616 -9.140 -4.616 -9.140 -4.616 -9.140 -4.616 -9.140 -4.616 -9.140 -4.616 8.365 0.384 0.022 0.002 39.219 38.583
148.000 -9.140 -4.616 -9.140 -4.616 -9.140 -4.616 -9.140 -4.616 -9.140 -4.616 -9.140 -4.616 8.365 0.384 0.022 0.002 39.219 38.583
149.000 -9.140 -4.616 -9.140 -4.616 -9.140 -4.616 -9.140 -4.616 -9.140 -4.616 -9.140 -4.616 8.365 0.384 0.022 0.002 39.219 38.583
150.000 -9.140 -4.616 -9.140 -4.616 -9.140 -4.616 -9.140 -4.616 -9.140 -4.616 -9.140 -4.616 8.365 0.384 0.022 0.002 39.219 38.583
151.000 -9.140 -4.616 -9.140 -4.616 -9.140 -4.616 -9.140 -4.616 -9.140 -4.616 -9.140 -4.616 8.365 0.384 0.022 0.002 39.219 38.583
152.000 -9.140 -4.616 -9.140 -4.616 -9.140 -4.616 -9.140 -4.616 -9.140 -4.616 -9.140 -4.616 8.365 0.384 0.022 0.002 39.219 38.583
153.000 -9.140 -4.616 -9.140 -4.616 -9.140 -4.616 -9.140 -4.616 -9.140 -4.616 -9.140 -4.616 8.365 0.384 0.022 0.002 39.219 38.583
154.000 -9.140 -4.616 -9.140 -4.616 -9.140 -4.616 -9.140 -4.616 -9.140 -4.616 -9.140 -4.616 8.365 0.384 0.022 0.002 39.219 38.583
155.000 -9.140 -4.616 -9.140 -4.616 -9.140 -4.616 -9.140 -4.616 -9.140 -4.616 -9.140 -4.616 8.365 0.384 0.022 0.002 39.219 38.583
156.000 -9.140 -4.616 -9.140 -4.616 -9.140 -4.616 -9.140 -4.616 -9.140 -4.616 -9.140 -4.616 8.365 0.384 0.022 0.002 39.219 38.583
157.000 -9.140 -4.616 -9.140 -4.616 -9.140 -4.616 -9.140 -4.616 -9.140 -4.616 -9.140 -4.616 8.365 0.384 0.022 0.002 39.219 38.583
158.000 -9.140 -4.616 -9.140 -4.616 -9.140 -4.616 -9.140 -4.616 -9.140 -4.616 -9.140 -4.616 8.365 0.384 0.022 0.002 39.219 38.583
159.000 -9.140 -4.616 -9.140 -4.616 -9.140 -4.616 -9.140 -4.616 -9.140 -4.616 -9.140 -4.616 8.365 0.384 0.022 0.002 39.219 38.583
160.000 -9.140 -4.616 -9.140 -4.616 -9.140 -4.616 -9.140 -4.616 -9.140 -4.616 -9.140 -4.616 8.365 0.384 0.022 0.002 39.219 38.583
161.000 -9.140 -4.616 -9.140 -4.616 -9.140 -4.616 -9.140 -4.616 -9.140 -4.616 -9.140 -4.616 8.365 0.384 0.022 0.002 39.219 38.583
162.000 -9.140 -4.616 -9.140 -4.616 -9.140 -4.616 -9.140 -4.616 -9.140 -4.616 -9.140 -4.616 8.365 0.384 0.022 0.002 39.219 38.583
163.000 -9.140 -4.616 -9.140 -4.616 -9.140 -4.616 -9.140 -4.616 -9.140 -4.616 -9.140 -4.616 8.365 0.384 0.022 0.002 39.219 38.583
164.000 -9.140 -4.616 -9.140 -4.616 -9.140 -4.616 -9.140 -4.616 -9.140 -4.616 -9.140 -4.616 8.365 0.384 0.022 0.002 39.219 38.583
165.000 -9.140 -4.616 -9.140 -4.616 -9.140 -4.616 -9.140 -4.616 -9.140 -4.616 -9.140 -4.616 8.365 0.384 0.022 0.002 39.219 38.583
166.000 -9.140 -4.616 -9.140 -4.616 -9.140 -4.616 -9.140 -4.616 -9.140 -4.616 -9.140 -4.616 8.365 0.384 0.022 0.002 39.219 38.583
167.000 -9.140 -4.616 -9.140 -4.616 -9.140 -4.616 -9.140 -4.616 -9.140 -4.616 -9.140 -4.616 8.365 0.384 0.022 0.002 39.219 38.583
168.000 -9.140 -4.616 -9.140 -4.616 -9.140 -4.616 -9.140 -4.616 -9.140 -4.616 -9.140 -4.616 8.365 0.384 0.022 0.002 39.219 38.583
169.000 -9.140 -4.616 -9.140 -4.616 -9.140 -4.616 -9.140 -4.616 -9.140 -4.616 -9.140 -4.616 8.365 0.384 0.022 0.002 39.219 38.583
170.000 -9.140 -4.616 -9.140 -4.616 -9.140 -4.616 -9.140 -4.616 -9.140 -4.616 -9.140 -4.616 8.365 0.384 0.022 0.002 39.219 38.583
171.000 -9.140 -4.616 -9.140 -4.616 -9.140 -4.616 -9.140 -4.616 -9.140 -4.616 -9.140 -4.616 8.365 0.384 0.022 0.002 39.219 38.583
172.000 -9.140 -4.616 -9.140 -4.616 -9.140 -4.616 -9.140 -4.616 -9.140 -4.616 -9.140 -4.616 8.365 0.384 0.022 0.002 39.219 38.583
173.000 -9.140 -4.616 -9.140 -4.616 -9.140 -4.616 -9.140 -4.616 -9.140 -4.616 -9.140 -4.616 8.365 0.384 0.022 0.002 39.219 38.583
174.000 -9.140 -4.616 -9.140 -4.616 -9.140 -4.616 -9.140 -4.616 -9.140 -4.616 -9.140 -4.616 8.365 0.384 0.022 0.002 39.219 38.583
175.000 -9.140 -4.616 -9.140 -4.616 -9.140 -4.616 -9.140 -4.616 -9.140 -4.616 -9.140 -4.616 8.365 0.384 0.022 0.002 39.219 38.583
176.000 -9.140 -4.616 -9.140 -4.616 -9.140 -4.616 -9.140 -4.616 -9.140 -4.616 -9.140 -4.616 8.365 0.384 0.022 0.002 39.219 38.583
177.000 -9.140 -4.616 -9.140 -4.616 -9.140 -4.616 -9.140 -4.616 -9.140 -4.616 -9.140 -4.616 8.365 0.384 0.022 0.002 39.219 38.583
178.000 -9.140 -4.616 -9.140 -4.616 -9.140 -4.616 -9.140 -4.616 -9.140 -4.616 -9.140 -4.616 8.365 0.384 0.022 0.002 39.219 38.583
179.000 -9.140 -4.616 -9.140 -4.616 -9.140 -4.616 -9.140 -4.616 -9.140 -4.616 -9.140 -4.616 8.365 0.384 0.022 0.002 39.219 38.583
180.000 -9.140 -4.616 -9.140 -4.616 -9.140 -4.616 -9.140 -4.616 -9.140 -4.616 -9.140 -4.616 8.365 0.384 0.022 0.002 39.219 38.583
181.000 -9.140 -4.616 -9.140 -4.616 -9.140 -4.616 -9.140 -4.616 -9.140 -4.616 -9.140 -4.616 8.365 0.384 0.022 0.002 39.219 38.583
182.000 -9.141 -4.616 -9.141 -4.616 -9.141 -4.616 -9.141 -4.616 -9.141 -4.616 -9.141 -4.616 8.365 0.383 0.022 0.002 39.219 38.583
183.000 -9.142 -4.616 -9.142 -4.616 -9.142 -4.616 -9.142 -4.616 -9.142 -4.616 -9.142 -4.616 8.364 0.382 0.022 0.002 39.220 38.582
184.000 -9.145 -4.616 -9.145 -4.616 -9.146 -4.616 -9.146 -4.616 -9.146 -4.616 -9.144 -4.616 8.363 0.379 0.022 0.002 39.221 38.580
185.000 -9.152 -4.616 -9.153 -4.616 -9.155 -4.616 -9.156 -4.616 -9.155 -4.616 -9.151 -4.616 8.359 0.371 0.022 0.001 39.224 38.574
186.000 -9.170 -4.616 -9.170 -4.616 -9.177 -4.616 -9.178 -4.616 -9.175 -4.616 -9.167 -4.616 8.352 0.353 0.022 0.001 39.232 38.561
187.000 -9.207 -4.616 -9.208 -4.616 -9.224 -4.616 -9.225 -4.616 -9.220 -4.616 -9.202 -4.616 8.337 0.315 0.023 0.001 39.248 38.528
188.000 -9.280 -4.613 -9.283 -4.613 -9.316 -4.613 -9.317 -4.613 -9.306 -4.613 -9.269 -4.614 8.309 0.242 0.024 0.001 39.279 38.447
189.000 -9.412 -4.603 -9.418 -4.603 -9.481 -4.604 -9.484 -4.604 -9.463 -4.605 -9.391 -4.608 8.266 0.118 0.026 0.001 39.336 38.195
190.000 -9.630 -4.573 -9.641 -4.573 -9.754 -4.575 -9.759 -4.575 -9.722 -4.578 -9.591 -4.590 8.209 0.103 0.029 0.001 39.430 38.232
191.000 -9.958 -4.494 -9.977 -4.495 -10.166 -4.499 -10.174 -4.499 -10.111 -4.509 -9.894 -4.541 8.154 0.378 0.034 0.003 39.571 38.943
192.000 -10.407 -4.320 -10.436 -4.321 -10.730 -4.330 -10.742 -4.331 -10.644 -4.355 -10.307 -4.433 8.121 0.736 0.043 0.006 39.763 39.428
193.000 -10.961 -3.986 -11.003 -3.987 -11.424 -4.004 -11.441 -4.005 -11.301 -4.057 -10.817 -4.228 8.119 1.151 0.057 0.013 39.997 39.858
194.000 -11.568 -3.428 -11.623 -3.430 -12.184 -3.456 -12.207 -3.459 -12.020 -3.561 -11.374 -3.899 8.111 1.570 0.076 0.024 40.250 40.248
195.000 -12.141 -2.612 -12.209 -2.614 -12.902 -2.651 -12.931 -2.654 -12.699 -2.846 -11.901 -3.459 7.959 1.868 0.103 0.040 40.484 40.571
196.000 -12.581 -1.555 -12.659 -1.558 -13.453 -1.604 -13.485 -1.606 -13.219 -1.981 -12.304 -3.001 7.318 1.760 0.150 0.066 40.661 40.778
197.000 -12.800 -0.339 -12.883 -0.346 -13.725 -0.403 -13.760 -0.393 -13.477 -1.274 -12.504 -2.715 5.297 0.721 0.358 0.128 40.858 40.811
198.000 -12.750 -0.924 -12.832 -0.924 -13.662 -0.881 -13.696 -0.868 -13.416 -1.461 -12.456 -2.780 6.452 1.373 0.215 0.096 40.756 40.846
