"Time (MJD)" PAN-STARRS/PS1.g PAN-STARRS/PS1.g_err PAN-STARRS/PS1.i PAN-STARRS/PS1.i_err PAN-STARRS/PS1.r PAN-STARRS/PS1.r_err PAN-STARRS/PS1.z PAN-STARRS/PS1.z_err Palomar/ZTF.g Palomar/ZTF.g_err Palomar/ZTF.r Palomar/ZTF.r_err "Temp./1e3 (K)" "Temp. Err." "Radius/1e15 (cm)" "Radius Err." "Log10(Bol. Lum)" "Log10(Bol. Err)"
-50.000 -15.582 -0.069 -15.629 -0.065 -16.130 -0.049 -16.168 -0.049 -16.285 -0.052 -16.293 -0.071 5.664 0.076 1.046 0.030 41.904 40.801
-49.000 -15.671 -0.065 -15.717 -0.061 -16.207 -0.045 -16.243 -0.045 -16.348 -0.049 -16.347 -0.067 5.742 0.088 1.052 0.034 41.933 40.881
-48.000 -15.759 -0.062 -15.804 -0.057 -16.282 -0.042 -16.316 -0.042 -16.410 -0.045 -16.399 -0.063 5.820 0.100 1.058 0.038 41.961 40.955
-47.000 -15.845 -0.058 -15.890 -0.054 -16.356 -0.039 -16.389 -0.039 -16.471 -0.042 -16.452 -0.060 5.899 0.112 1.064 0.041 41.990 41.025
-46.000 -15.929 -0.055 -15.974 -0.051 -16.429 -0.036 -16.459 -0.036 -16.531 -0.039 -16.503 -0.056 5.978 0.124 1.070 0.045 42.018 41.090
-45.000 -16.012 -0.052 -16.056 -0.048 -16.500 -0.033 -16.529 -0.033 -16.590 -0.036 -16.554 -0.053 6.057 0.137 1.077 0.049 42.046 41.153
-44.000 -16.094 -0.049 -16.137 -0.045 -16.570 -0.031 -16.597 -0.031 -16.648 -0.034 -16.603 -0.051 6.136 0.150 1.083 0.052 42.074 41.212
-43.000 -16.173 -0.046 -16.216 -0.043 -16.639 -0.029 -16.664 -0.029 -16.704 -0.031 -16.652 -0.048 6.215 0.164 1.090 0.056 42.101 41.269
-42.000 -16.251 -0.044 -16.294 -0.040 -16.706 -0.026 -16.729 -0.027 -16.760 -0.029 -16.701 -0.046 6.294 0.178 1.096 0.059 42.128 41.323
-41.000 -16.327 -0.041 -16.369 -0.038 -16.771 -0.025 -16.793 -0.025 -16.814 -0.027 -16.748 -0.043 6.372 0.191 1.103 0.063 42.155 41.374
-40.000 -16.401 -0.039 -16.443 -0.036 -16.835 -0.023 -16.856 -0.023 -16.868 -0.025 -16.794 -0.042 6.449 0.205 1.110 0.066 42.182 41.424
-39.000 -16.474 -0.037 -16.515 -0.033 -16.898 -0.021 -16.917 -0.021 -16.920 -0.024 -16.840 -0.040 6.525 0.219 1.118 0.070 42.208 41.471
-38.000 -16.544 -0.035 -16.585 -0.032 -16.959 -0.020 -16.976 -0.020 -16.971 -0.022 -16.885 -0.038 6.599 0.233 1.126 0.073 42.233 41.516
-37.000 -16.613 -0.033 -16.654 -0.030 -17.018 -0.018 -17.034 -0.018 -17.021 -0.021 -16.929 -0.037 6.672 0.247 1.134 0.076 42.259 41.559
-36.000 -16.680 -0.031 -16.721 -0.028 -17.076 -0.017 -17.091 -0.017 -17.070 -0.020 -16.972 -0.035 6.742 0.260 1.142 0.079 42.283 41.600
-35.000 -16.746 -0.030 -16.785 -0.026 -17.133 -0.016 -17.146 -0.016 -17.117 -0.019 -17.014 -0.034 6.810 0.272 1.151 0.082 42.307 41.639
-34.000 -16.809 -0.028 -16.848 -0.025 -17.187 -0.015 -17.199 -0.015 -17.163 -0.018 -17.055 -0.033 6.876 0.284 1.160 0.085 42.331 41.676
-33.000 -16.870 -0.027 -16.909 -0.023 -17.241 -0.014 -17.251 -0.014 -17.209 -0.017 -17.095 -0.032 6.939 0.296 1.169 0.088 42.354 41.710
-32.000 -16.930 -0.025 -16.969 -0.022 -17.292 -0.014 -17.302 -0.014 -17.252 -0.016 -17.134 -0.031 6.999 0.306 1.179 0.090 42.376 41.743
-31.000 -16.987 -0.024 -17.026 -0.021 -17.342 -0.013 -17.351 -0.013 -17.295 -0.016 -17.173 -0.031 7.057 0.316 1.189 0.093 42.398 41.773
-30.000 -17.043 -0.023 -17.081 -0.020 -17.391 -0.012 -17.398 -0.013 -17.337 -0.015 -17.210 -0.030 7.111 0.325 1.200 0.095 42.419 41.802
-29.000 -17.097 -0.022 -17.135 -0.019 -17.438 -0.012 -17.444 -0.012 -17.377 -0.015 -17.246 -0.029 7.164 0.333 1.210 0.097 42.439 41.829
-28.000 -17.149 -0.021 -17.186 -0.018 -17.483 -0.012 -17.489 -0.012 -17.416 -0.014 -17.282 -0.029 7.213 0.340 1.221 0.099 42.459 41.855
-27.000 -17.199 -0.020 -17.236 -0.017 -17.527 -0.011 -17.531 -0.012 -17.454 -0.014 -17.316 -0.028 7.261 0.347 1.231 0.101 42.477 41.879
-26.000 -17.247 -0.019 -17.284 -0.016 -17.569 -0.011 -17.573 -0.012 -17.490 -0.014 -17.350 -0.028 7.307 0.354 1.242 0.103 42.496 41.902
-25.000 -17.293 -0.019 -17.330 -0.016 -17.609 -0.011 -17.612 -0.011 -17.526 -0.014 -17.382 -0.027 7.351 0.360 1.252 0.104 42.513 41.924
-24.000 -17.337 -0.018 -17.374 -0.015 -17.648 -0.011 -17.651 -0.011 -17.560 -0.014 -17.414 -0.027 7.394 0.366 1.262 0.106 42.530 41.945
-23.000 -17.379 -0.018 -17.416 -0.015 -17.686 -0.011 -17.687 -0.011 -17.593 -0.013 -17.445 -0.026 7.436 0.372 1.271 0.108 42.547 41.965
-22.000 -17.420 -0.017 -17.456 -0.014 -17.722 -0.010 -17.723 -0.011 -17.624 -0.013 -17.474 -0.026 7.477 0.378 1.280 0.109 42.562 41.985
-21.000 -17.458 -0.017 -17.494 -0.014 -17.756 -0.010 -17.756 -0.011 -17.655 -0.013 -17.503 -0.025 7.517 0.385 1.289 0.111 42.577 42.005
-20.000 -17.495 -0.017 -17.531 -0.014 -17.789 -0.010 -17.789 -0.011 -17.684 -0.013 -17.531 -0.025 7.555 0.391 1.297 0.113 42.592 42.024
-19.000 -17.529 -0.017 -17.565 -0.014 -17.820 -0.010 -17.819 -0.011 -17.712 -0.013 -17.558 -0.024 7.592 0.398 1.305 0.114 42.606 42.042
-18.000 -17.562 -0.017 -17.598 -0.014 -17.850 -0.010 -17.849 -0.011 -17.739 -0.013 -17.584 -0.024 7.627 0.405 1.313 0.116 42.619 42.060
-17.000 -17.593 -0.017 -17.629 -0.014 -17.878 -0.010 -17.877 -0.011 -17.765 -0.013 -17.609 -0.024 7.660 0.412 1.321 0.117 42.632 42.077
-16.000 -17.622 -0.017 -17.658 -0.014 -17.905 -0.010 -17.903 -0.011 -17.790 -0.013 -17.633 -0.023 7.690 0.419 1.329 0.119 42.644 42.094
-15.000 -17.650 -0.017 -17.685 -0.014 -17.930 -0.010 -17.928 -0.011 -17.813 -0.013 -17.656 -0.023 7.718 0.425 1.337 0.121 42.655 42.109
-14.000 -17.675 -0.017 -17.710 -0.014 -17.954 -0.010 -17.952 -0.011 -17.835 -0.013 -17.678 -0.023 7.741 0.431 1.345 0.122 42.666 42.124
-13.000 -17.699 -0.017 -17.734 -0.014 -17.977 -0.010 -17.974 -0.011 -17.857 -0.013 -17.699 -0.023 7.761 0.436 1.354 0.124 42.676 42.137
-12.000 -17.721 -0.017 -17.756 -0.014 -17.998 -0.010 -17.995 -0.011 -17.877 -0.012 -17.719 -0.023 7.776 0.440 1.363 0.125 42.685 42.149
-11.000 -17.741 -0.017 -17.776 -0.015 -18.017 -0.010 -18.014 -0.011 -17.896 -0.012 -17.738 -0.023 7.787 0.444 1.372 0.126 42.693 42.160
-10.000 -17.759 -0.018 -17.795 -0.015 -18.036 -0.010 -18.032 -0.011 -17.914 -0.012 -17.757 -0.023 7.793 0.446 1.382 0.127 42.701 42.169
-9.000 -17.776 -0.018 -17.812 -0.015 -18.053 -0.010 -18.049 -0.010 -17.931 -0.012 -17.774 -0.023 7.794 0.447 1.393 0.129 42.708 42.177
-8.000 -17.791 -0.018 -17.827 -0.015 -18.068 -0.010 -18.065 -0.010 -17.946 -0.012 -17.791 -0.024 7.789 0.446 1.405 0.129 42.714 42.183
-7.000 -17.805 -0.018 -17.840 -0.015 -18.082 -0.010 -18.079 -0.010 -17.961 -0.012 -17.807 -0.024 7.780 0.445 1.417 0.130 42.720 42.187
-6.000 -17.817 -0.018 -17.852 -0.015 -18.096 -0.010 -18.092 -0.010 -17.975 -0.012 -17.822 -0.025 7.766 0.441 1.430 0.131 42.724 42.189
-5.000 -17.827 -0.018 -17.863 -0.015 -18.107 -0.010 -18.104 -0.010 -17.988 -0.012 -17.836 -0.025 7.747 0.437 1.443 0.131 42.728 42.190
-4.000 -17.836 -0.018 -17.872 -0.015 -18.118 -0.010 -18.115 -0.010 -17.999 -0.012 -17.849 -0.026 7.725 0.431 1.457 0.131 42.731 42.189
-3.000 -17.843 -0.018 -17.879 -0.015 -18.127 -0.010 -18.125 -0.011 -18.010 -0.012 -17.861 -0.027 7.698 0.424 1.472 0.131 42.734 42.187
-2.000 -17.849 -0.019 -17.885 -0.015 -18.135 -0.010 -18.133 -0.011 -18.020 -0.012 -17.873 -0.028 7.668 0.416 1.486 0.131 42.736 42.182
-1.000 -17.853 -0.019 -17.889 -0.016 -18.143 -0.011 -18.140 -0.011 -18.029 -0.012 -17.883 -0.029 7.634 0.406 1.502 0.131 42.737 42.176
-0.000 -17.856 -0.019 -17.892 -0.016 -18.149 -0.011 -18.147 -0.011 -18.037 -0.012 -17.893 -0.031 7.598 0.396 1.517 0.130 42.738 42.169
1.000 -17.857 -0.019 -17.894 -0.016 -18.153 -0.011 -18.152 -0.012 -18.044 -0.013 -17.902 -0.032 7.559 0.385 1.533 0.129 42.738 42.160
2.000 -17.857 -0.020 -17.894 -0.016 -18.157 -0.012 -18.156 -0.012 -18.051 -0.013 -17.911 -0.034 7.519 0.374 1.548 0.129 42.737 42.151
3.000 -17.856 -0.020 -17.893 -0.017 -18.160 -0.013 -18.159 -0.013 -18.056 -0.014 -17.919 -0.036 7.477 0.363 1.564 0.128 42.736 42.141
4.000 -17.853 -0.021 -17.891 -0.017 -18.162 -0.014 -18.162 -0.014 -18.061 -0.014 -17.925 -0.037 7.434 0.353 1.579 0.127 42.735 42.131
5.000 -17.849 -0.021 -17.888 -0.018 -18.163 -0.015 -18.163 -0.015 -18.064 -0.015 -17.932 -0.039 7.390 0.343 1.595 0.126 42.733 42.120
6.000 -17.844 -0.022 -17.883 -0.019 -18.163 -0.016 -18.163 -0.016 -18.067 -0.016 -17.937 -0.041 7.346 0.334 1.610 0.126 42.731 42.110
7.000 -17.838 -0.023 -17.877 -0.020 -18.162 -0.017 -18.163 -0.017 -18.070 -0.017 -17.942 -0.043 7.303 0.325 1.625 0.126 42.728 42.101
8.000 -17.831 -0.024 -17.870 -0.021 -18.160 -0.018 -18.162 -0.018 -18.071 -0.018 -17.946 -0.045 7.259 0.317 1.639 0.125 42.726 42.092
9.000 -17.822 -0.025 -17.862 -0.022 -18.157 -0.019 -18.159 -0.019 -18.072 -0.020 -17.949 -0.048 7.216 0.311 1.654 0.125 42.723 42.083
10.000 -17.813 -0.027 -17.853 -0.024 -18.154 -0.021 -18.157 -0.021 -18.072 -0.021 -17.952 -0.050 7.172 0.304 1.668 0.125 42.720 42.075
11.000 -17.802 -0.028 -17.843 -0.025 -18.149 -0.022 -18.153 -0.022 -18.072 -0.022 -17.954 -0.052 7.127 0.299 1.682 0.126 42.716 42.068
12.000 -17.791 -0.030 -17.832 -0.027 -18.144 -0.024 -18.148 -0.024 -18.070 -0.024 -17.956 -0.055 7.083 0.294 1.695 0.126 42.712 42.060
13.000 -17.778 -0.031 -17.820 -0.028 -18.138 -0.026 -18.143 -0.025 -18.069 -0.026 -17.957 -0.057 7.038 0.289 1.709 0.127 42.708 42.053
14.000 -17.765 -0.033 -17.807 -0.030 -18.132 -0.027 -18.138 -0.027 -18.066 -0.027 -17.957 -0.060 6.993 0.285 1.723 0.127 42.704 42.046
15.000 -17.750 -0.035 -17.793 -0.032 -18.125 -0.029 -18.131 -0.029 -18.063 -0.029 -17.957 -0.062 6.948 0.281 1.736 0.128 42.700 42.040
16.000 -17.735 -0.038 -17.778 -0.035 -18.117 -0.031 -18.124 -0.031 -18.059 -0.031 -17.956 -0.065 6.903 0.277 1.750 0.129 42.695 42.033
17.000 -17.719 -0.040 -17.763 -0.037 -18.109 -0.033 -18.116 -0.033 -18.055 -0.033 -17.955 -0.068 6.857 0.273 1.763 0.130 42.690 42.027
18.000 -17.703 -0.042 -17.747 -0.039 -18.100 -0.035 -18.108 -0.035 -18.051 -0.035 -17.953 -0.070 6.811 0.270 1.777 0.131 42.685 42.020
19.000 -17.685 -0.045 -17.730 -0.042 -18.090 -0.037 -18.100 -0.037 -18.046 -0.037 -17.951 -0.073 6.765 0.267 1.790 0.132 42.680 42.014
20.000 -17.667 -0.047 -17.712 -0.044 -18.080 -0.039 -18.090 -0.039 -18.040 -0.039 -17.948 -0.076 6.719 0.264 1.804 0.133 42.674 42.008
21.000 -17.648 -0.050 -17.694 -0.047 -18.070 -0.041 -18.081 -0.041 -18.034 -0.042 -17.945 -0.079 6.672 0.261 1.817 0.134 42.669 42.001
22.000 -17.629 -0.053 -17.675 -0.050 -18.059 -0.044 -18.070 -0.043 -18.027 -0.044 -17.941 -0.082 6.618 0.258 1.835 0.136 42.663 41.995
23.000 -17.608 -0.056 -17.656 -0.053 -18.048 -0.046 -18.060 -0.046 -18.020 -0.046 -17.937 -0.085 6.579 0.256 1.845 0.137 42.657 41.989
24.000 -17.588 -0.059 -17.636 -0.056 -18.036 -0.048 -18.049 -0.048 -18.013 -0.048 -17.933 -0.088 6.534 0.253 1.858 0.138 42.651 41.984
25.000 -17.567 -0.062 -17.615 -0.059 -18.024 -0.050 -18.038 -0.050 -18.005 -0.051 -17.928 -0.090 6.480 0.250 1.875 0.140 42.645 41.977
26.000 -17.545 -0.065 -17.594 -0.062 -18.011 -0.053 -18.026 -0.053 -17.997 -0.053 -17.922 -0.093 6.441 0.249 1.885 0.141 42.639 41.972
27.000 -17.523 -0.068 -17.573 -0.065 -17.998 -0.055 -18.014 -0.055 -17.989 -0.056 -17.917 -0.096 6.397 0.247 1.898 0.143 42.633 41.967
28.000 -17.501 -0.071 -17.551 -0.068 -17.985 -0.058 -18.002 -0.057 -17.980 -0.058 -17.910 -0.099 6.345 0.245 1.915 0.145 42.627 41.961
29.000 -17.478 -0.075 -17.529 -0.071 -17.972 -0.060 -17.989 -0.060 -17.971 -0.060 -17.904 -0.102 6.306 0.243 1.925 0.146 42.621 41.957
30.000 -17.455 -0.078 -17.506 -0.075 -17.958 -0.062 -17.976 -0.062 -17.961 -0.063 -17.897 -0.105 6.264 0.242 1.937 0.148 42.614 41.952
31.000 -17.431 -0.081 -17.484 -0.078 -17.944 -0.065 -17.963 -0.065 -17.952 -0.065 -17.890 -0.108 6.221 0.241 1.950 0.150 42.608 41.947
32.000 -17.407 -0.085 -17.461 -0.081 -17.930 -0.067 -17.950 -0.067 -17.942 -0.068 -17.883 -0.111 6.178 0.239 1.963 0.152 42.602 41.943
33.000 -17.383 -0.088 -17.437 -0.084 -17.916 -0.070 -17.936 -0.069 -17.932 -0.070 -17.875 -0.114 6.135 0.238 1.975 0.154 42.595 41.938
34.000 -17.359 -0.092 -17.414 -0.088 -17.901 -0.072 -17.923 -0.072 -17.921 -0.073 -17.867 -0.116 6.094 0.237 1.988 0.156 42.589 41.934
35.000 -17.334 -0.095 -17.390 -0.091 -17.887 -0.075 -17.909 -0.074 -17.911 -0.075 -17.859 -0.119 6.052 0.236 2.000 0.159 42.583 41.930
36.000 -17.310 -0.099 -17.366 -0.095 -17.872 -0.077 -17.895 -0.077 -17.900 -0.078 -17.851 -0.122 6.012 0.236 2.012 0.161 42.576 41.927
37.000 -17.285 -0.102 -17.342 -0.098 -17.857 -0.079 -17.881 -0.079 -17.889 -0.080 -17.842 -0.125 5.972 0.235 2.024 0.164 42.570 41.923
38.000 -17.260 -0.106 -17.318 -0.101 -17.843 -0.082 -17.867 -0.081 -17.878 -0.082 -17.834 -0.127 5.933 0.234 2.036 0.166 42.564 41.920
39.000 -17.235 -0.109 -17.294 -0.105 -17.828 -0.084 -17.853 -0.084 -17.867 -0.085 -17.825 -0.130 5.895 0.234 2.048 0.169 42.557 41.917
40.000 -17.210 -0.113 -17.269 -0.108 -17.813 -0.086 -17.839 -0.086 -17.855 -0.087 -17.815 -0.132 5.858 0.234 2.059 0.172 42.551 41.914
41.000 -17.185 -0.116 -17.245 -0.111 -17.798 -0.089 -17.824 -0.088 -17.844 -0.089 -17.806 -0.135 5.821 0.234 2.070 0.174 42.545 41.912
42.000 -17.159 -0.120 -17.221 -0.115 -17.783 -0.091 -17.810 -0.090 -17.832 -0.091 -17.796 -0.137 5.785 0.234 2.081 0.177 42.539 41.909
43.000 -17.134 -0.123 -17.196 -0.118 -17.767 -0.093 -17.796 -0.092 -17.820 -0.093 -17.787 -0.140 5.750 0.234 2.092 0.180 42.533 41.907
44.000 -17.109 -0.126 -17.172 -0.121 -17.752 -0.095 -17.781 -0.094 -17.809 -0.096 -17.777 -0.142 5.716 0.234 2.102 0.183 42.526 41.905
45.000 -17.084 -0.130 -17.147 -0.125 -17.737 -0.097 -17.767 -0.096 -17.797 -0.098 -17.767 -0.144 5.682 0.235 2.112 0.186 42.520 41.904
46.000 -17.059 -0.133 -17.123 -0.128 -17.722 -0.099 -17.753 -0.098 -17.785 -0.100 -17.757 -0.146 5.650 0.235 2.122 0.189 42.514 41.902
47.000 -17.034 -0.136 -17.099 -0.131 -17.707 -0.101 -17.739 -0.100 -17.773 -0.102 -17.747 -0.148 5.618 0.236 2.131 0.193 42.508 41.901
48.000 -17.009 -0.140 -17.075 -0.134 -17.693 -0.103 -17.724 -0.102 -17.760 -0.103 -17.736 -0.150 5.587 0.236 2.140 0.196 42.502 41.899
49.000 -16.984 -0.143 -17.051 -0.137 -17.678 -0.105 -17.710 -0.104 -17.748 -0.105 -17.726 -0.152 5.557 0.237 2.149 0.199 42.497 41.898
50.000 -16.960 -0.146 -17.027 -0.140 -17.663 -0.106 -17.696 -0.106 -17.736 -0.107 -17.715 -0.154 5.527 0.238 2.158 0.203 42.491 41.897
51.000 -16.935 -0.149 -17.004 -0.143 -17.648 -0.108 -17.682 -0.107 -17.724 -0.109 -17.705 -0.155 5.499 0.239 2.166 0.206 42.485 41.897
52.000 -16.911 -0.152 -16.980 -0.145 -17.634 -0.110 -17.668 -0.109 -17.712 -0.110 -17.694 -0.157 5.471 0.240 2.173 0.210 42.479 41.896
53.000 -16.887 -0.155 -16.957 -0.148 -17.619 -0.111 -17.654 -0.110 -17.699 -0.112 -17.684 -0.158 5.444 0.241 2.180 0.213 42.474 41.895
54.000 -16.863 -0.157 -16.934 -0.151 -17.605 -0.113 -17.641 -0.112 -17.687 -0.113 -17.673 -0.160 5.418 0.243 2.187 0.217 42.468 41.895
55.000 -16.839 -0.160 -16.911 -0.153 -17.591 -0.114 -17.627 -0.113 -17.675 -0.114 -17.662 -0.161 5.393 0.244 2.194 0.220 42.463 41.895
56.000 -16.815 -0.163 -16.888 -0.156 -17.577 -0.115 -17.613 -0.114 -17.663 -0.115 -17.651 -0.162 5.369 0.245 2.200 0.224 42.457 41.894
57.000 -16.792 -0.165 -16.865 -0.158 -17.563 -0.116 -17.600 -0.115 -17.650 -0.116 -17.640 -0.163 5.345 0.247 2.206 0.228 42.452 41.894
58.000 -16.769 -0.167 -16.843 -0.160 -17.549 -0.117 -17.587 -0.116 -17.638 -0.117 -17.630 -0.164 5.322 0.248 2.211 0.231 42.446 41.894
59.000 -16.746 -0.170 -16.821 -0.163 -17.535 -0.118 -17.573 -0.117 -17.626 -0.118 -17.619 -0.165 5.300 0.250 2.216 0.235 42.441 41.894
60.000 -16.723 -0.172 -16.799 -0.165 -17.522 -0.119 -17.560 -0.118 -17.614 -0.119 -17.608 -0.165 5.279 0.252 2.220 0.239 42.436 41.894
61.000 -16.701 -0.174 -16.777 -0.167 -17.508 -0.120 -17.547 -0.118 -17.601 -0.120 -17.597 -0.166 5.257 0.253 2.225 0.243 42.431 41.895
62.000 -16.679 -0.176 -16.756 -0.168 -17.495 -0.120 -17.534 -0.119 -17.589 -0.120 -17.586 -0.166 5.238 0.255 2.229 0.246 42.425 41.895
63.000 -16.657 -0.178 -16.735 -0.170 -17.482 -0.121 -17.522 -0.120 -17.577 -0.121 -17.575 -0.166 5.219 0.257 2.232 0.250 42.420 41.895
64.000 -16.635 -0.180 -16.714 -0.172 -17.469 -0.121 -17.509 -0.120 -17.565 -0.121 -17.564 -0.167 5.200 0.259 2.234 0.254 42.415 41.895
65.000 -16.614 -0.181 -16.693 -0.173 -17.456 -0.122 -17.497 -0.120 -17.553 -0.122 -17.553 -0.167 5.183 0.261 2.236 0.257 42.410 41.896
66.000 -16.592 -0.183 -16.673 -0.175 -17.443 -0.122 -17.484 -0.120 -17.541 -0.122 -17.543 -0.167 5.166 0.263 2.238 0.261 42.405 41.896
67.000 -16.572 -0.184 -16.653 -0.176 -17.430 -0.122 -17.472 -0.120 -17.529 -0.122 -17.532 -0.166 5.150 0.265 2.239 0.265 42.400 41.897
68.000 -16.551 -0.185 -16.633 -0.177 -17.418 -0.122 -17.460 -0.120 -17.517 -0.122 -17.521 -0.166 5.135 0.267 2.240 0.268 42.396 41.897
69.000 -16.531 -0.187 -16.614 -0.178 -17.405 -0.122 -17.448 -0.120 -17.505 -0.122 -17.510 -0.166 5.120 0.270 2.241 0.272 42.391 41.897
70.000 -16.511 -0.188 -16.594 -0.179 -17.393 -0.122 -17.436 -0.120 -17.493 -0.121 -17.499 -0.165 5.106 0.272 2.241 0.275 42.386 41.898
71.000 -16.491 -0.189 -16.575 -0.180 -17.381 -0.121 -17.424 -0.120 -17.481 -0.121 -17.489 -0.164 5.093 0.274 2.240 0.279 42.381 41.898
72.000 -16.471 -0.189 -16.557 -0.180 -17.369 -0.121 -17.412 -0.119 -17.469 -0.120 -17.478 -0.164 5.080 0.277 2.239 0.282 42.377 41.899
73.000 -16.452 -0.190 -16.538 -0.181 -17.357 -0.120 -17.401 -0.119 -17.457 -0.120 -17.467 -0.163 5.068 0.279 2.238 0.285 42.372 41.899
74.000 -16.433 -0.190 -16.520 -0.181 -17.346 -0.120 -17.389 -0.118 -17.445 -0.119 -17.457 -0.162 5.056 0.281 2.236 0.288 42.367 41.900
75.000 -16.415 -0.191 -16.502 -0.182 -17.334 -0.119 -17.378 -0.117 -17.433 -0.118 -17.446 -0.161 5.046 0.284 2.234 0.292 42.363 41.900
76.000 -16.396 -0.191 -16.484 -0.182 -17.323 -0.118 -17.367 -0.116 -17.421 -0.117 -17.436 -0.159 5.035 0.287 2.231 0.295 42.358 41.901
77.000 -16.378 -0.191 -16.467 -0.182 -17.311 -0.117 -17.355 -0.115 -17.410 -0.116 -17.425 -0.158 5.026 0.289 2.228 0.298 42.354 41.901
78.000 -16.360 -0.191 -16.450 -0.182 -17.300 -0.116 -17.344 -0.114 -17.398 -0.115 -17.415 -0.156 5.017 0.292 2.225 0.301 42.349 41.901
79.000 -16.343 -0.191 -16.433 -0.182 -17.289 -0.115 -17.333 -0.113 -17.386 -0.114 -17.405 -0.155 5.008 0.294 2.221 0.304 42.345 41.902
80.000 -16.325 -0.191 -16.416 -0.181 -17.278 -0.113 -17.322 -0.112 -17.374 -0.113 -17.394 -0.153 5.000 0.297 2.217 0.307 42.340 41.902
81.000 -16.308 -0.191 -16.400 -0.181 -17.267 -0.112 -17.312 -0.110 -17.363 -0.111 -17.384 -0.151 4.993 0.300 2.212 0.309 42.336 41.902
82.000 -16.291 -0.190 -16.383 -0.180 -17.256 -0.111 -17.301 -0.109 -17.351 -0.110 -17.374 -0.150 4.986 0.303 2.207 0.312 42.331 41.903
83.000 -16.275 -0.189 -16.367 -0.180 -17.245 -0.109 -17.290 -0.107 -17.339 -0.108 -17.364 -0.148 4.980 0.306 2.201 0.314 42.327 41.903
84.000 -16.258 -0.189 -16.352 -0.179 -17.235 -0.108 -17.279 -0.106 -17.328 -0.107 -17.353 -0.146 4.975 0.309 2.195 0.317 42.323 41.903
85.000 -16.242 -0.188 -16.336 -0.178 -17.224 -0.106 -17.269 -0.104 -17.316 -0.105 -17.343 -0.143 4.970 0.312 2.189 0.319 42.318 41.904
86.000 -16.226 -0.187 -16.321 -0.177 -17.213 -0.104 -17.258 -0.102 -17.304 -0.103 -17.333 -0.141 4.965 0.315 2.182 0.322 42.314 41.904
87.000 -16.211 -0.186 -16.306 -0.176 -17.203 -0.102 -17.248 -0.100 -17.293 -0.101 -17.323 -0.139 4.961 0.318 2.175 0.324 42.310 41.904
88.000 -16.195 -0.185 -16.291 -0.174 -17.192 -0.100 -17.237 -0.098 -17.281 -0.099 -17.313 -0.137 4.958 0.321 2.167 0.326 42.306 41.904
89.000 -16.180 -0.183 -16.276 -0.173 -17.182 -0.098 -17.227 -0.096 -17.270 -0.097 -17.303 -0.134 4.955 0.324 2.159 0.328 42.301 41.905
90.000 -16.165 -0.182 -16.262 -0.172 -17.172 -0.096 -17.217 -0.094 -17.258 -0.095 -17.293 -0.132 4.953 0.328 2.150 0.330 42.297 41.905
91.000 -16.150 -0.181 -16.248 -0.170 -17.161 -0.094 -17.206 -0.092 -17.246 -0.093 -17.284 -0.129 4.951 0.331 2.141 0.332 42.293 41.905
92.000 -16.135 -0.179 -16.233 -0.169 -17.151 -0.092 -17.196 -0.090 -17.235 -0.091 -17.274 -0.127 4.950 0.335 2.132 0.333 42.289 41.905
93.000 -16.121 -0.177 -16.220 -0.167 -17.141 -0.090 -17.186 -0.088 -17.223 -0.088 -17.264 -0.124 4.950 0.338 2.122 0.335 42.285 41.905
94.000 -16.107 -0.176 -16.206 -0.165 -17.131 -0.088 -17.175 -0.086 -17.211 -0.086 -17.254 -0.121 4.950 0.342 2.111 0.336 42.280 41.905
95.000 -16.093 -0.174 -16.192 -0.163 -17.121 -0.085 -17.165 -0.083 -17.200 -0.084 -17.245 -0.119 4.951 0.346 2.101 0.338 42.276 41.905
96.000 -16.079 -0.172 -16.179 -0.161 -17.110 -0.083 -17.155 -0.081 -17.188 -0.081 -17.235 -0.116 4.952 0.349 2.089 0.339 42.272 41.906
97.000 -16.065 -0.170 -16.166 -0.159 -17.100 -0.081 -17.145 -0.079 -17.176 -0.079 -17.225 -0.113 4.954 0.353 2.078 0.340 42.268 41.906
98.000 -16.051 -0.168 -16.152 -0.157 -17.090 -0.078 -17.134 -0.076 -17.165 -0.077 -17.216 -0.110 4.957 0.358 2.066 0.341 42.264 41.906
99.000 -16.038 -0.166 -16.139 -0.155 -17.080 -0.076 -17.124 -0.074 -17.153 -0.074 -17.206 -0.108 4.960 0.362 2.053 0.342 42.260 41.906
100.000 -16.025 -0.164 -16.127 -0.153 -17.070 -0.074 -17.114 -0.072 -17.141 -0.072 -17.197 -0.105 4.964 0.366 2.040 0.343 42.256 41.906
101.000 -16.012 -0.162 -16.114 -0.151 -17.060 -0.071 -17.104 -0.069 -17.130 -0.069 -17.187 -0.102 4.969 0.371 2.026 0.344 42.251 41.906
102.000 -15.999 -0.159 -16.101 -0.149 -17.050 -0.069 -17.093 -0.067 -17.118 -0.067 -17.178 -0.099 4.975 0.375 2.012 0.345 42.247 41.907
103.000 -15.986 -0.157 -16.089 -0.146 -17.039 -0.066 -17.083 -0.064 -17.106 -0.065 -17.168 -0.096 4.981 0.380 1.998 0.345 42.243 41.907
104.000 -15.973 -0.155 -16.077 -0.144 -17.029 -0.064 -17.073 -0.062 -17.094 -0.062 -17.159 -0.094 4.988 0.385 1.983 0.346 42.239 41.907
105.000 -15.961 -0.152 -16.065 -0.142 -17.019 -0.062 -17.062 -0.059 -17.082 -0.060 -17.150 -0.091 4.995 0.390 1.967 0.346 42.235 41.907
106.000 -15.948 -0.150 -16.053 -0.139 -17.009 -0.059 -17.052 -0.057 -17.071 -0.057 -17.140 -0.088 5.004 0.395 1.952 0.346 42.231 41.908
107.000 -15.936 -0.147 -16.041 -0.137 -16.999 -0.057 -17.042 -0.055 -17.059 -0.055 -17.131 -0.086 5.013 0.401 1.935 0.346 42.227 41.908
108.000 -15.924 -0.145 -16.029 -0.134 -16.989 -0.055 -17.031 -0.052 -17.047 -0.053 -17.122 -0.083 5.023 0.407 1.918 0.347 42.223 41.908
109.000 -15.912 -0.142 -16.017 -0.132 -16.978 -0.052 -17.021 -0.050 -17.035 -0.051 -17.112 -0.080 5.034 0.412 1.901 0.346 42.218 41.909
110.000 -15.900 -0.140 -16.006 -0.129 -16.968 -0.050 -17.010 -0.048 -17.023 -0.048 -17.103 -0.078 5.045 0.418 1.883 0.346 42.214 41.909
111.000 -15.888 -0.137 -15.994 -0.127 -16.958 -0.048 -17.000 -0.046 -17.011 -0.046 -17.094 -0.075 5.058 0.425 1.866 0.346 42.210 41.910
112.000 -15.876 -0.135 -15.983 -0.124 -16.948 -0.046 -16.989 -0.044 -16.999 -0.044 -17.084 -0.073 5.070 0.431 1.847 0.346 42.206 41.910
113.000 -15.865 -0.132 -15.971 -0.122 -16.937 -0.044 -16.979 -0.042 -16.987 -0.042 -17.075 -0.071 5.084 0.437 1.829 0.345 42.202 41.910
114.000 -15.853 -0.129 -15.960 -0.119 -16.927 -0.042 -16.968 -0.040 -16.975 -0.041 -17.066 -0.069 5.098 0.444 1.810 0.345 42.198 41.911
115.000 -15.842 -0.127 -15.949 -0.117 -16.917 -0.040 -16.957 -0.038 -16.963 -0.039 -17.057 -0.066 5.112 0.450 1.792 0.344 42.194 41.911
116.000 -15.831 -0.124 -15.938 -0.114 -16.906 -0.038 -16.947 -0.036 -16.951 -0.037 -17.047 -0.064 5.126 0.457 1.774 0.344 42.190 41.911
117.000 -15.820 -0.122 -15.927 -0.112 -16.896 -0.036 -16.936 -0.034 -16.939 -0.036 -17.038 -0.062 5.140 0.463 1.756 0.343 42.186 41.912
118.000 -15.808 -0.119 -15.916 -0.109 -16.886 -0.035 -16.926 -0.033 -16.927 -0.034 -17.029 -0.061 5.153 0.469 1.739 0.343 42.182 41.912
119.000 -15.798 -0.117 -15.906 -0.107 -16.875 -0.033 -16.915 -0.031 -16.915 -0.033 -17.020 -0.059 5.166 0.475 1.723 0.342 42.178 41.911
120.000 -15.787 -0.114 -15.895 -0.104 -16.865 -0.032 -16.904 -0.030 -16.902 -0.032 -17.010 -0.057 5.177 0.480 1.708 0.342 42.174 41.911
121.000 -15.776 -0.112 -15.884 -0.102 -16.854 -0.030 -16.893 -0.029 -16.890 -0.031 -17.001 -0.056 5.186 0.485 1.694 0.341 42.170 41.910
122.000 -15.765 -0.109 -15.874 -0.100 -16.844 -0.029 -16.883 -0.028 -16.878 -0.030 -16.992 -0.054 5.193 0.489 1.682 0.341 42.166 41.909
123.000 -15.755 -0.107 -15.864 -0.097 -16.833 -0.028 -16.872 -0.027 -16.866 -0.030 -16.982 -0.053 5.198 0.492 1.672 0.341 42.162 41.908
124.000 -15.744 -0.104 -15.853 -0.095 -16.823 -0.027 -16.861 -0.026 -16.854 -0.029 -16.973 -0.052 5.200 0.495 1.663 0.341 42.158 41.906
125.000 -15.734 -0.102 -15.843 -0.093 -16.812 -0.026 -16.850 -0.025 -16.842 -0.029 -16.964 -0.051 5.198 0.496 1.656 0.340 42.155 41.903
126.000 -15.724 -0.100 -15.833 -0.091 -16.802 -0.026 -16.839 -0.025 -16.830 -0.029 -16.955 -0.050 5.194 0.496 1.652 0.340 42.151 41.900
127.000 -15.714 -0.098 -15.823 -0.089 -16.791 -0.025 -16.829 -0.024 -16.817 -0.029 -16.945 -0.049 5.187 0.495 1.649 0.340 42.147 41.897
128.000 -15.704 -0.095 -15.813 -0.087 -16.781 -0.025 -16.818 -0.024 -16.805 -0.029 -16.936 -0.048 5.178 0.493 1.647 0.340 42.143 41.893
129.000 -15.694 -0.093 -15.803 -0.085 -16.770 -0.025 -16.807 -0.024 -16.793 -0.029 -16.926 -0.047 5.166 0.490 1.647 0.340 42.139 41.888
130.000 -15.684 -0.091 -15.794 -0.083 -16.760 -0.025 -16.796 -0.024 -16.781 -0.029 -16.917 -0.047 5.152 0.486 1.648 0.340 42.135 41.882
131.000 -15.674 -0.089 -15.784 -0.081 -16.749 -0.025 -16.785 -0.024 -16.769 -0.030 -16.908 -0.046 5.137 0.481 1.650 0.339 42.131 41.876
132.000 -15.665 -0.087 -15.775 -0.079 -16.739 -0.025 -16.774 -0.024 -16.757 -0.030 -16.898 -0.046 5.120 0.476 1.653 0.339 42.126 41.869
133.000 -15.655 -0.085 -15.765 -0.077 -16.728 -0.025 -16.764 -0.024 -16.744 -0.030 -16.889 -0.045 5.104 0.470 1.655 0.338 42.122 41.862
134.000 -15.646 -0.083 -15.756 -0.075 -16.718 -0.025 -16.753 -0.025 -16.732 -0.031 -16.879 -0.045 5.087 0.464 1.658 0.336 42.118 41.855
135.000 -15.637 -0.081 -15.747 -0.073 -16.707 -0.025 -16.742 -0.025 -16.720 -0.031 -16.870 -0.045 5.070 0.457 1.661 0.335 42.114 41.847
136.000 -15.628 -0.080 -15.738 -0.072 -16.697 -0.025 -16.731 -0.025 -16.708 -0.032 -16.860 -0.045 5.053 0.451 1.664 0.333 42.109 41.839
137.000 -15.619 -0.078 -15.729 -0.070 -16.686 -0.026 -16.721 -0.025 -16.696 -0.032 -16.851 -0.044 5.037 0.444 1.666 0.331 42.105 41.830
138.000 -15.610 -0.076 -15.720 -0.069 -16.676 -0.026 -16.710 -0.026 -16.684 -0.033 -16.841 -0.044 5.022 0.437 1.667 0.329 42.100 41.821
139.000 -15.602 -0.075 -15.712 -0.067 -16.666 -0.026 -16.699 -0.026 -16.672 -0.033 -16.832 -0.044 5.008 0.430 1.668 0.326 42.096 41.812
140.000 -15.593 -0.073 -15.703 -0.066 -16.656 -0.027 -16.689 -0.026 -16.660 -0.034 -16.822 -0.044 4.995 0.424 1.668 0.323 42.092 41.803
141.000 -15.585 -0.072 -15.695 -0.065 -16.645 -0.027 -16.678 -0.027 -16.648 -0.034 -16.812 -0.044 4.983 0.417 1.668 0.320 42.087 41.794
142.000 -15.576 -0.070 -15.686 -0.063 -16.635 -0.027 -16.668 -0.027 -16.636 -0.034 -16.803 -0.044 4.972 0.411 1.666 0.317 42.083 41.785
143.000 -15.568 -0.069 -15.678 -0.062 -16.625 -0.028 -16.657 -0.028 -16.625 -0.035 -16.793 -0.044 4.963 0.405 1.664 0.314 42.078 41.776
144.000 -15.561 -0.067 -15.670 -0.061 -16.615 -0.028 -16.647 -0.028 -16.613 -0.035 -16.783 -0.044 4.954 0.399 1.661 0.310 42.074 41.767
145.000 -15.553 -0.066 -15.663 -0.060 -16.605 -0.028 -16.636 -0.028 -16.601 -0.035 -16.773 -0.044 4.947 0.394 1.658 0.307 42.069 41.758
146.000 -15.545 -0.065 -15.655 -0.059 -16.595 -0.029 -16.626 -0.029 -16.589 -0.036 -16.763 -0.044 4.941 0.389 1.653 0.303 42.065 41.749
147.000 -15.538 -0.064 -15.647 -0.058 -16.585 -0.029 -16.616 -0.029 -16.578 -0.036 -16.754 -0.044 4.935 0.384 1.648 0.300 42.060 41.740
148.000 -15.531 -0.063 -15.640 -0.057 -16.576 -0.030 -16.606 -0.029 -16.566 -0.036 -16.744 -0.044 4.931 0.379 1.642 0.296 42.055 41.731
149.000 -15.523 -0.062 -15.633 -0.056 -16.566 -0.030 -16.596 -0.030 -16.554 -0.036 -16.734 -0.044 4.929 0.375 1.635 0.292 42.051 41.722
150.000 -15.517 -0.061 -15.626 -0.055 -16.556 -0.030 -16.586 -0.030 -16.543 -0.037 -16.724 -0.044 4.927 0.371 1.628 0.289 42.046 41.714
151.000 -15.510 -0.060 -15.619 -0.054 -16.547 -0.031 -16.576 -0.030 -16.531 -0.037 -16.714 -0.045 4.926 0.367 1.620 0.285 42.042 41.705
152.000 -15.503 -0.059 -15.612 -0.054 -16.537 -0.031 -16.566 -0.031 -16.520 -0.037 -16.703 -0.045 4.926 0.363 1.611 0.281 42.037 41.697
153.000 -15.497 -0.059 -15.606 -0.053 -16.528 -0.032 -16.556 -0.031 -16.509 -0.037 -16.693 -0.045 4.928 0.360 1.601 0.277 42.032 41.688
154.000 -15.491 -0.058 -15.600 -0.053 -16.519 -0.032 -16.547 -0.031 -16.497 -0.037 -16.683 -0.045 4.930 0.357 1.591 0.273 42.028 41.680
155.000 -15.485 -0.058 -15.593 -0.052 -16.510 -0.032 -16.537 -0.032 -16.486 -0.037 -16.673 -0.046 4.933 0.354 1.581 0.270 42.023 41.672
156.000 -15.479 -0.057 -15.587 -0.052 -16.501 -0.033 -16.528 -0.032 -16.475 -0.037 -16.662 -0.046 4.938 0.352 1.569 0.266 42.018 41.665
157.000 -15.473 -0.057 -15.582 -0.052 -16.492 -0.033 -16.518 -0.033 -16.464 -0.038 -16.652 -0.046 4.943 0.350 1.557 0.262 42.014 41.657
158.000 -15.468 -0.057 -15.576 -0.051 -16.483 -0.034 -16.509 -0.033 -16.453 -0.038 -16.642 -0.047 4.950 0.348 1.545 0.259 42.009 41.650
159.000 -15.463 -0.056 -15.571 -0.051 -16.474 -0.035 -16.500 -0.034 -16.442 -0.038 -16.631 -0.047 4.957 0.347 1.532 0.255 42.004 41.643
160.000 -15.458 -0.056 -15.566 -0.051 -16.466 -0.035 -16.491 -0.034 -16.431 -0.038 -16.621 -0.047 4.966 0.346 1.519 0.252 42.000 41.636
161.000 -15.453 -0.056 -15.561 -0.051 -16.457 -0.036 -16.482 -0.035 -16.420 -0.038 -16.610 -0.048 4.976 0.346 1.505 0.248 41.995 41.630
162.000 -15.449 -0.057 -15.556 -0.051 -16.449 -0.036 -16.473 -0.035 -16.410 -0.038 -16.599 -0.049 4.986 0.346 1.490 0.245 41.991 41.624
163.000 -15.444 -0.057 -15.551 -0.052 -16.441 -0.037 -16.465 -0.036 -16.399 -0.038 -16.589 -0.049 4.998 0.346 1.476 0.242 41.986 41.619
164.000 -15.440 -0.057 -15.547 -0.052 -16.432 -0.037 -16.456 -0.036 -16.388 -0.038 -16.578 -0.050 5.011 0.347 1.461 0.239 41.982 41.614
165.000 -15.436 -0.058 -15.543 -0.053 -16.424 -0.038 -16.448 -0.037 -16.378 -0.039 -16.567 -0.051 5.025 0.349 1.445 0.236 41.977 41.609
166.000 -15.432 -0.058 -15.539 -0.053 -16.417 -0.039 -16.439 -0.037 -16.367 -0.039 -16.556 -0.051 5.040 0.351 1.429 0.233 41.973 41.605
167.000 -15.429 -0.059 -15.535 -0.054 -16.409 -0.039 -16.431 -0.038 -16.357 -0.039 -16.545 -0.052 5.056 0.353 1.413 0.231 41.968 41.602
168.000 -15.425 -0.060 -15.531 -0.055 -16.401 -0.040 -16.423 -0.038 -16.347 -0.039 -16.534 -0.053 5.073 0.356 1.396 0.228 41.964 41.599
169.000 -15.422 -0.061 -15.528 -0.056 -16.394 -0.041 -16.415 -0.039 -16.336 -0.039 -16.523 -0.054 5.092 0.360 1.379 0.226 41.960 41.596
170.000 -15.419 -0.062 -15.524 -0.057 -16.386 -0.041 -16.407 -0.040 -16.326 -0.039 -16.512 -0.055 5.112 0.365 1.362 0.224 41.955 41.594
171.000 -15.417 -0.064 -15.521 -0.058 -16.379 -0.042 -16.399 -0.040 -16.316 -0.039 -16.500 -0.056 5.133 0.370 1.344 0.222 41.951 41.593
172.000 -15.414 -0.065 -15.519 -0.059 -16.372 -0.042 -16.392 -0.041 -16.306 -0.040 -16.489 -0.057 5.155 0.376 1.326 0.221 41.947 41.593
173.000 -15.412 -0.067 -15.516 -0.061 -16.365 -0.043 -16.384 -0.041 -16.296 -0.040 -16.477 -0.059 5.179 0.382 1.308 0.219 41.943 41.593
174.000 -15.410 -0.068 -15.514 -0.063 -16.358 -0.043 -16.377 -0.042 -16.286 -0.040 -16.466 -0.060 5.204 0.390 1.290 0.218 41.939 41.594
175.000 -15.408 -0.070 -15.511 -0.064 -16.351 -0.044 -16.369 -0.042 -16.276 -0.040 -16.454 -0.061 5.231 0.398 1.271 0.216 41.936 41.595
176.000 -15.406 -0.072 -15.509 -0.066 -16.344 -0.044 -16.362 -0.042 -16.266 -0.040 -16.443 -0.062 5.259 0.407 1.253 0.215 41.932 41.597
177.000 -15.405 -0.075 -15.508 -0.068 -16.338 -0.045 -16.355 -0.043 -16.257 -0.040 -16.431 -0.064 5.289 0.417 1.234 0.214 41.929 41.599
178.000 -15.404 -0.077 -15.506 -0.071 -16.331 -0.045 -16.348 -0.043 -16.247 -0.041 -16.419 -0.065 5.320 0.427 1.214 0.213 41.925 41.603
179.000 -15.403 -0.080 -15.505 -0.073 -16.325 -0.046 -16.341 -0.044 -16.237 -0.041 -16.407 -0.067 5.353 0.439 1.195 0.212 41.922 41.606
180.000 -15.402 -0.083 -15.503 -0.076 -16.319 -0.046 -16.334 -0.044 -16.228 -0.041 -16.395 -0.068 5.387 0.451 1.176 0.212 41.919 41.610
181.000 -15.401 -0.085 -15.502 -0.078 -16.313 -0.047 -16.328 -0.044 -16.218 -0.041 -16.383 -0.070 5.423 0.464 1.156 0.211 41.916 41.615
182.000 -15.401 -0.089 -15.501 -0.081 -16.306 -0.047 -16.321 -0.044 -16.209 -0.042 -16.371 -0.072 5.460 0.478 1.137 0.210 41.913 41.620
183.000 -15.400 -0.092 -15.501 -0.084 -16.301 -0.047 -16.315 -0.045 -16.199 -0.042 -16.358 -0.074 5.499 0.492 1.118 0.209 41.911 41.625
184.000 -15.400 -0.095 -15.500 -0.088 -16.295 -0.048 -16.308 -0.045 -16.190 -0.043 -16.346 -0.076 5.539 0.507 1.099 0.209 41.908 41.631
185.000 -15.400 -0.099 -15.500 -0.091 -16.289 -0.048 -16.302 -0.045 -16.180 -0.043 -16.333 -0.078 5.581 0.523 1.080 0.208 41.906 41.637
186.000 -15.400 -0.103 -15.499 -0.095 -16.283 -0.048 -16.296 -0.046 -16.171 -0.044 -16.321 -0.080 5.623 0.539 1.061 0.207 41.904 41.643
187.000 -15.401 -0.107 -15.499 -0.099 -16.278 -0.049 -16.289 -0.046 -16.162 -0.045 -16.308 -0.082 5.666 0.555 1.043 0.207 41.902 41.648
188.000 -15.401 -0.112 -15.499 -0.103 -16.272 -0.049 -16.283 -0.046 -16.152 -0.046 -16.295 -0.084 5.710 0.571 1.025 0.206 41.901 41.654
189.000 -15.402 -0.116 -15.500 -0.107 -16.267 -0.050 -16.277 -0.047 -16.143 -0.047 -16.282 -0.087 5.753 0.587 1.008 0.205 41.899 41.660
190.000 -15.403 -0.121 -15.500 -0.112 -16.261 -0.051 -16.271 -0.047 -16.134 -0.048 -16.269 -0.090 5.796 0.603 0.991 0.204 41.898 41.665
191.000 -15.404 -0.126 -15.500 -0.116 -16.256 -0.052 -16.265 -0.048 -16.124 -0.050 -16.256 -0.092 5.838 0.618 0.975 0.203 41.896 41.669
192.000 -15.405 -0.131 -15.501 -0.121 -16.251 -0.053 -16.259 -0.049 -16.115 -0.051 -16.243 -0.095 5.878 0.632 0.960 0.201 41.895 41.674
193.000 -15.406 -0.137 -15.502 -0.126 -16.245 -0.054 -16.254 -0.050 -16.106 -0.053 -16.229 -0.099 5.918 0.645 0.946 0.200 41.894 41.677
194.000 -15.407 -0.142 -15.503 -0.132 -16.240 -0.056 -16.248 -0.052 -16.097 -0.056 -16.216 -0.102 5.955 0.657 0.933 0.198 41.892 41.680
195.000 -15.409 -0.148 -15.504 -0.137 -16.235 -0.057 -16.242 -0.053 -16.087 -0.058 -16.202 -0.106 5.991 0.667 0.920 0.197 41.891 41.681
196.000 -15.410 -0.154 -15.505 -0.143 -16.230 -0.059 -16.236 -0.055 -16.078 -0.061 -16.188 -0.110 6.026 0.677 0.908 0.195 41.889 41.682
197.000 -15.412 -0.161 -15.506 -0.149 -16.225 -0.062 -16.231 -0.057 -16.069 -0.065 -16.175 -0.114 6.059 0.684 0.897 0.193 41.888 41.682
198.000 -15.414 -0.167 -15.507 -0.156 -16.220 -0.064 -16.225 -0.060 -16.060 -0.068 -16.161 -0.118 6.090 0.691 0.886 0.190 41.886 41.682
199.000 -15.416 -0.174 -15.508 -0.162 -16.215 -0.067 -16.219 -0.063 -16.050 -0.072 -16.147 -0.123 6.120 0.697 0.875 0.188 41.884 41.680
200.000 -15.418 -0.182 -15.510 -0.169 -16.210 -0.071 -16.214 -0.066 -16.041 -0.076 -16.132 -0.128 6.149 0.701 0.865 0.185 41.882 41.678
