58698.0523 17.1511 0.0170
58699.1103 17.1949 0.0150
58700.1585 17.2033 0.0140
58701.0631 17.2481 0.0170
58702.0586 17.2443 0.0190
58703.0934 17.2956 0.0270
58704.1889 17.3175 0.0210
58711.0576 17.6472 0.0440
58712.0317 17.6856 0.0290
58713.0139 17.7418 0.0200
58714.0861 17.7574 0.0280
58716.0392 17.8201 0.0170
58718.0530 17.9204 0.0170
58725.0228 18.0699 0.0170
58745.0505 18.3558 0.0260
58748.0183 18.4245 0.0190
58753.9984 18.5464 0.0210
58760.0564 18.7528 0.1040
58775.0350 18.9182 0.0310
58784.0457 19.1573 0.0270
58805.0251 19.9359 0.0590