58698.0449 16.8686 0.0180
58699.1019 16.9318 0.0160
58700.1502 16.9327 0.0140
58701.0563 16.9538 0.0160
58702.0518 17.0236 0.0210
58703.0864 17.1590 0.0510
58704.1860 17.1652 0.0220
58711.0547 17.2923 0.0520
58712.0233 17.2429 0.0250
58713.0111 17.2340 0.0180
58714.0780 17.2800 0.0250
58716.0275 17.3338 0.0140
58718.0453 17.3781 0.0160
58725.0128 17.4955 0.0150
58737.2121 17.5752 0.0200
58745.0377 17.6775 0.0210
58748.0039 17.7446 0.0150
58760.0507 17.7073 0.1370
58761.0173 17.7871 0.0240
58775.0306 17.9932 0.0270
58784.0408 18.1911 0.0190
58791.0157 18.3553 0.0420
58805.0197 19.1224 0.0390
58815.0265 19.9815 0.0490
58910.3514 20.7380 0.0900
58923.4080 20.9265 0.1650