58698.0512 16.8812 0.0170
58699.1082 16.8657 0.0180
58699.1092 16.8744 0.0170
58700.1573 16.8986 0.0160
58701.0620 16.8959 0.0180
58702.0575 16.8451 0.0230
58703.0924 16.8455 0.0250
58704.1877 16.8319 0.0200
58711.0564 16.9252 0.0370
58712.0302 16.9387 0.0230
58713.0127 16.9811 0.0190
58714.0848 16.9894 0.0300
58716.0361 17.0238 0.0150
58718.0519 17.0286 0.0170
58725.0214 17.0870 0.0150
58745.0480 17.1479 0.0190
58748.0158 17.1689 0.0160
58753.9963 17.2487 0.0160
58760.0537 17.2693 0.0880
58775.0328 17.3352 0.0240
58784.0435 17.5585 0.0190
58805.0224 18.4717 0.0320