58698.0429 16.7688 0.0160
58699.0991 16.7875 0.0170
58700.1475 16.7653 0.0140
58701.0543 16.7523 0.0160
58702.0498 16.7604 0.0200
58703.0844 16.7255 0.0230
58704.1840 16.6927 0.0180
58711.0525 16.7364 0.0300
58712.0199 16.7593 0.0180
58713.0086 16.7811 0.0180
58714.0747 16.7546 0.0180
58716.0237 16.8005 0.0140
58718.0432 16.8048 0.0140
58725.0093 16.8210 0.0140
58737.1967 16.8221 0.0140
58745.0327 16.8566 0.0160
58747.9988 16.8445 0.0130
58753.9848 16.8756 0.0150
58760.0480 16.8300 0.0480
58761.0138 16.8307 0.0550
58775.0263 16.9460 0.0170
58784.0355 17.0430 0.0150
58791.0124 17.1617 0.0230
58805.0157 17.7910 0.0210
58814.0250 18.3883 0.0230
58815.0165 18.4716 0.0280
58904.3849 19.6747 0.0730
58904.3857 19.7479 0.0290
58910.3363 19.7589 0.0330
58923.3827 19.8450 0.0440
58923.3931 19.8530 0.0390