58698.0439 16.7830 0.0180
58699.1003 16.7794 0.0170
58700.1489 16.7817 0.0160
58701.0553 16.7386 0.0170
58702.0508 16.7289 0.0200
58703.0854 16.7082 0.0350
58704.1850 16.6857 0.0190
58711.0535 16.6756 0.0340
58712.0211 16.6870 0.0220
58713.0098 16.6645 0.0180
58714.0769 16.6703 0.0180
58716.0257 16.6810 0.0150
58718.0442 16.6542 0.0150
58725.0115 16.6444 0.0150
58737.2043 16.6028 0.0140
58745.0352 16.6108 0.0160
58748.0013 16.6163 0.0140
58753.9862 16.6173 0.0170
58760.0493 16.6158 0.1090
58775.0284 16.6781 0.0170
58784.0385 16.7890 0.0170
58791.0141 16.8827 0.0280
58805.0178 17.4641 0.0240
58815.0216 18.1842 0.0270
58910.3439 19.4812 0.0510
58923.3903 19.5669 0.1110
58923.4006 19.6181 0.0500
59309.84516 23.2821 0.0385