59109.322 19.286 0.119
59110.346 19.078 0.084
59111.367 19.035 0.101
59113.39 19.011 0.073
59114.322 19.03 0.074
59116.265 19.124 0.098
59116.307 19.137 0.104
59117.286 19.101 0.101
59119.338 19.26 0.127
59119.36 19.186 0.104
59120.284 19.184 0.132
59121.307 19.235 0.174
59129.33 19.707 0.144
59131.317 19.545 0.151
59134.268 19.823 0.132
59136.344 20.019 0.158
59138.233 20.087 0.175
59140.277 20.029 0.142
59144.332 20.246 0.165
59107.356 20.636 0.283
59109.322 19.29 0.12
59077.467 22.709 0.592
59107.534 20.93 0.282
59111.508 19.009 0.152
59117.374 19.007 0.063
59132.452 19.807 0.053
59137.456 19.985 0.051
59142.269 20.117 0.085
59143.268 20.686 0.362
59145.29 20.141 0.096
59147.417 20.406 0.179
59163.356 21.076 0.17
59169.221 20.884 0.228
59173.375 21.231 0.392
59190.286 22.127 0.296
59192.309 21.938 0.741
59381.58 21.962 0.771
59400.571 23.141 0.931
59412.513 22.407 0.65
59431.478 22.299 0.715
59467.565 22.644 0.933
59519.278 22.955 0.806
59112.551 18.97 0.09
