"Time (MJD)" "Bol. Lum" "Bol. Err"
-9.979 3665098063570052296786849172869489700634624.000 178370837284777354756875280666249983426560.000
-8.972 3445472522764006414964782536254814175625216.000 151615781395403465937482873665469416472576.000
-7.965 3257261025721589476151708485965367702716416.000 129882306394123679107606893156804641947648.000
-6.959 3095071364545027425890133562212159909265408.000 112054909561870869752774828855560884977664.000
-5.952 4446372824445225724518841297212536363417600.000 4522260209661365976745095171206545408.000
-4.945 4557156103772309397291279438813522129059840.000 51412008505462389241486534617742335541248.000
-3.938 5063464054934190946565354904976459500093440.000 80823722575322880790292752968897529905152.000
-2.932 5320008954023081355612745347042747330068480.000 90959930054844468931173881569845497036800.000
-1.925 5399265989191456653707415802377634700066816.000 99769518164134890708303624792264167915520.000
-0.918 4809298672429938976161494285767284791181312.000 75928521878754713957161022752023472242688.000
0.089 4544514921980378726863547274229657630670848.000 62617479114266291723878456783337955524608.000
1.096 3664708287884003258613039929564811759714304.000 32102978902635817848483888702495098142720.000
2.102 3212956057531584734531108276213431285055488.000 22200038307254290956329807933982568873984.000
3.109 3110017949831983407749495041632464145481728.000 20931890114915083961233713516745089613824.000
4.116 2979281999776699150774161663398118072254464.000 18374915685519547818510702405078636036096.000
5.123 2829162154919228875290460391197464089067520.000 15632288802857061730114151003774926192640.000
6.129 2708281064808163878762281983314846852055040.000 13424670993702530608199320147679953027072.000
7.136 2613612054824608943209202993148025871794176.000 11645487463000094041847438672324431183872.000
8.143 2538833741767777998772881411409711923724288.000 10191266968085765922963554687279794487296.000
9.15 2479068620394742014355173157662470214516736.000 8973675788959482942259632151390903599104.000
10.157 2443696667058687959341971206520450142175232.000 7370765364374920538535332867442068160512.000
11.163 2397328884048099866916138986064339433160704.000 6983587244728494656480383285047173578752.000
12.17 2355722462988467814392075627408774997737472.000 6248001441848141733309282582065049501696.000
13.177 2328089076960498594078522013351988026146816.000 5574026898267177791131077122785040924672.000
14.184 2295412462903464442865403378870103396319232.000 5157050982006854128524272711164818882560.000
15.19 2249693324845527752029745421826175134597120.000 4963661964275192737531475029657498157056.000
16.197 2191886163238069921737524027290184411250688.000 4404854051345858679091350726106025033728.000
17.204 2148592907271007793213018800019581872111616.000 4419022944167115604474362590554306379776.000
18.211 2154859888219139911785680749874167410589696.000 4756720631609877903047285933873400119296.000
19.218 2108393023024231120109726425072838933217280.000 4933495589567193464531184384873661988864.000
20.224 2075986689948209051826700601343535799599104.000 4737208223788140177802824211176582283264.000
21.231 2030982034183351956912134419949662412734464.000 4778184249569385306571300603586368503808.000
22.238 2019932691946303141805493061326888065040384.000 5246142980671504478342725381796747280384.000
23.245 1975704374075622018775854589690337665482752.000 5879425725582072590214676619720453521408.000
24.251 1945768601481053536207809879995246398406656.000 5431451232050145844039511625240384897024.000
25.258 1913711857789416559624193695703902218878976.000 5404483836711805534802791273939333021696.000
26.265 1883376651799495606829124091417131365695488.000 5329583095833566336631205619830982967296.000
27.272 1857762991659439934093169623719139153543168.000 5271752896499753494164497278006737240064.000
28.279 1829435925270138696047715161391966021746688.000 5197688387511436832792242234534389612544.000
29.285 1801934497444863461823361537934673303306240.000 5138103806505920497372702447191822696448.000
30.292 1699663345775606215274249386934809533612032.000 4539876023536244244684127295329968062464.000
31.299 1711721638279904329231287681415513246793728.000 4627727329570910826653328218912223920128.000
32.306 1751057377208266513524237603432956466036736.000 5199527363578543922267235391977191112704.000
33.312 1736956445076477831937443631118963917717504.000 4924559686536958154416937423772489613312.000
34.319 1698742224502535097350031298837278978211840.000 4754249708977168746414338019314198642688.000
35.326 1664912202466859950780273383116072495874048.000 4603929273076363156875059920698431504384.000
36.333 1625717937088793871845537468127437572276224.000 4500086900061142154695353590591684345856.000
37.34 1586551720857016062111489818884297164062720.000 4403141497604776906267500721851072512000.000
38.346 1548265069980495616674424235820984590925824.000 4349410955446043955693490270926545092608.000
39.353 1627982464558141209061589634109650619072512.000 4881034229045203358010248301832300396544.000
40.36 1566803369107162477596823078911898053246976.000 4690867951979511221169632669040709206016.000
41.367 1650186885250978033980273604738738343116800.000 5284564489490627819101960796992121602048.000
42.373 1561950812202614233980716075007880604942336.000 4891019082529718538708810040468811284480.000
43.38 1616259966115392952357377589072590113079296.000 5225118098082577021629800049086491000832.000
44.387 1452904832983284470895966560647568913596416.000 4416308592026912893645930525111087005696.000
45.394 1545799392015374650023954089799226606223360.000 4952525325494332227530621730400419971072.000
46.401 1510185002880161755086581388221941771403264.000 4816162061845727947421436230774189719552.000
47.407 1495354673770029834375357106815437943865344.000 4805715503291012010713677149659532886016.000
48.414 1480822698295233334440122942652278007398400.000 4796605920191577435910717652238963048448.000
49.421 1468770678743048661560543223798586740310016.000 4785081724366286138128249367303332823040.000
50.428 1428152376476814719969464717125230780219392.000 4645615019690061143881249451374813380608.000
51.434 1423244123087369562083733911919357352476672.000 4765120450327521115634140467570858262528.000
52.441 1415168531694387127833053766710588661039104.000 5163918820868795316095034057095534084096.000
53.448 1408478693400886411349530110079859456737280.000 5248752400575357856591161397370026983424.000
54.455 1421839754068309099546288037441500132409344.000 5387411518983829052899669449531201683456.000
55.462 1413493663477759062662152301876238146863104.000 5429885770839559882401174452811476238336.000
56.468 1426636739332779856257879493262006405824512.000 5634130432194305283307750450824625520640.000
57.475 1356771318209999177976511846994695843479552.000 5301583022564011531611780159773297606656.000
58.482 1381234887802585046018057944752696802148352.000 5611649338595029369575108548702087675904.000
59.489 1399392426103885844412306420667578432094208.000 5893639298431659036826626253571118596096.000
60.495 1383272186569879197007787535453235976339456.000 5974418348623258486082357764556178063360.000
61.502 1389233917322522927859225896026068714782720.000 6212636113312794008562279969389740556288.000
62.509 1381859962359302123027205105981902968324096.000 6398102046446259673291065133011065372672.000
63.516 1375140978347550329339754975318078912462848.000 6604392578045005156172328459764773158912.000
64.522 1367924726708475136490874162592710330941440.000 6897925045787694973792223878520621760512.000
65.529 1372398796937384790074600449248039683489792.000 7097671348159981193231435306635228086272.000
66.536 1364615554718644194577170071442249492725760.000 7203697872902024346374405719679108644864.000
67.543 1402674777672004620320188496507441762009088.000 8172800414209969647767052135149932118016.000
68.55 1380464277621036497775408886826165048705024.000 8196184285296237409738809492703612502016.000
69.556 1283462403225693528899132752594288274046976.000 7442037707523820916516782037315809705984.000
70.563 1266596572842077031564965290777621473263616.000 7491292356472414523078914326476636553216.000
71.57 1246549929721973511094260365245358222082048.000 7492411936770986415997808016085552726016.000
72.577 1226860833012689971181520462071593422553088.000 7493276997312543932072760997784271716352.000
73.583 1207495579833870273384709447698002523193344.000 7493054353498597925551456147015808843776.000
74.59 1188574837069328841383537710275412199735296.000 7500315870746787707833484506193931010048.000
75.597 1170956382926808321003239751797408366854144.000 7566439095477378983795645811338279649280.000
76.604 1154369584430326305544770600171882426662912.000 7635740524508766136082413894517850636288.000
77.611 1141751468052071569034968382274952723693568.000 7732428791092053405808820052146144673792.000
78.617 1128216988908000582917176190975855875325952.000 7833504058263981004141966738411202019328.000
79.624 1112555086499584532509298938014298720436224.000 7992891405455956033143855504266297868288.000
80.631 1098327363244802256145096767118522359742464.000 8124005194857831479788754955523304980480.000
81.638 1073533253172753001010537562785310748704768.000 8017784931622246535011790715816090009600.000
82.644 1048520628555033805283992420430312755953664.000 7783991440819833084125116384968467021824.000
83.651 1029039184843102802625467135547765789032448.000 7762711102781027135740627952241081319424.000
84.658 1014309668828978010727265117599464027062272.000 7793053441860717565874402561033873915904.000
85.665 992519154577935237774199917279919820767232.000 7767286472322869944334644187599158116352.000
86.672 977053209675351422800989740786889865035776.000 7997134733724039669071949023519514296320.000
87.678 1022196060290364515355571964885554302025728.000 10134665950611196450207727001459838943232.000
88.685 1006729355556587292536480343952489051062272.000 10335385092174172009696834680393314598912.000
89.692 992665104710599001824663161126930496880640.000 10575725094526867780231045125946617102336.000
90.699 979452221686141134063811726704770107310080.000 10835712134810142663873314564520336687104.000
91.705 892785372875775310216417832539228513239040.000 10196096322710482674957209260676695982080.000
92.712 819529653749091204641253665889045746548736.000 9595361202664457160341605659624595259392.000
93.719 757329591724065022908838537388037624561664.000 9029972223303720828980138608309852700672.000
94.726 703970571780037174651030053952259450994688.000 8481005428507231849023137440825648087040.000
95.733 657160551893619745489223047343412411891712.000 7945665738950637966696824967722375839744.000
96.739 613519415101399132379575904036621954056192.000 7341459060468275295632283418046284955648.000
97.746 571012167556679789120645089507003978481664.000 6729059564070832979352630514263414276096.000
98.753 534194466024376959799155787845964203556864.000 6176615488833628147990984619199503007744.000
99.76 501277340443949667849031930907739427962880.000 5597369160782690041598098732277408202752.000
100.766 467308820241588517423922910205322134028288.000 4784037863208922943194885945280872579072.000
101.773 438766884716101264151586631244348464824320.000 4236888723535911744186339816703709413376.000
102.78 420619548508176442949634173908082101321728.000 3908424796811514148749862591865779388416.000
103.787 397936810772922684015358462094883420110848.000 3593179923823996809699149042866035097600.000
104.794 374380109203397584818079560444167174750208.000 3035792707422855575370230624003295281152.000
105.8 350841451281575821012158242492511686754304.000 2712877724641880012694087882969844809728.000
106.807 321552782272233078489458861235750249168896.000 2484620069438676701067904881419156979712.000
107.814 292202266516031693398156331552319517753344.000 3343306992405296737792466908519107395584.000
108.821 274221557389284014936979325661512030224384.000 2815401113421120378501258456363377360896.000
109.827 274975094347412014687675607997117783605248.000 2868145080914207155895171862895150497792.000
110.834 254801044517663954623237719599587728031744.000 2732568055257000803560098212707339075584.000
111.841 240471915631699732858738157405619592626176.000 2654201656812155528487329897550599684096.000
112.848 226948617402924175164758243574616829198336.000 2579405198013378716366040307636805566464.000
113.855 214185831145035546132288748925763406790656.000 2507721994936316986496871731742682120192.000
114.861 202140786905610527802014433007925096087552.000 2438772930499359705382707294426768605184.000
115.868 190773120118844217969547409415205487116288.000 2372242186667799243915596890562787016704.000
116.875 180044736320866406017305668697252192845824.000 2307870158824662989272393556342329049088.000
117.882 169919683474210733233882312126323761348608.000 2245443411281261269701761111984124723200.000
118.888 160364031473360747170512625733691246641152.000 2184786812984952346447424456423815249920.000
119.895 151345758427506111706576589854209638137856.000 2125758404757742039629032111774478893056.000
120.902 142834643339259901926959276726038025994240.000 2068242337952855994612366201159640154112.000
121.909 134802164819607392130438516858327966679040.000 2012144461636129265171883676292578541568.000
122.916 127221405499553988485780673907547063713792.000 1957387414922771532636819542090992058368.000
123.922 120066961818036208127297391748963920510976.000 1903909443363938681593183929193052766208.000
124.929 113314858883717534548737588670108123791360.000 1851659516947399200755280809017336659968.000
125.936 106942470125257411620309842298114500722688.000 1800595861461488059336758407223736008704.000
126.943 102113344166093678586462429782577411784704.000 1771232689302212276922860590817018380288.000
127.949 101343222117893113176792945919905673248768.000 1810720116094115083482619539712987103232.000
128.956 100578909458930412601142759194530014035968.000 1850755326790164582422975257362181390336.000
129.963 99820362182302755903446165016857251151872.000 1891342056116784323662587712763720630272.000
