##phase	g	err	c	err	w	err	r	err	o	err	i	err	z	err	
#
59090.51	17.25	0.11	18.16	0.10	17.15	0.10	17.13	0.10	17.15	0.08	17.70	0.10	17.10	0.15
59090.58	17.25	0.11	18.16	0.10	17.15	0.10	17.07	0.10	17.09	0.08	17.70	0.10	17.05	0.14
59094.42	17.38	0.11	18.06	0.10	17.20	0.10	17.17	0.10	17.19	0.07	17.62	0.10	17.15	0.13
59094.44	17.38	0.11	18.06	0.10	17.20	0.10	17.14	0.10	17.16	0.07	17.61	0.10	17.11	0.13
59096.40	17.44	0.11	18.01	0.10	17.22	0.10	17.19	0.10	17.21	0.07	17.57	0.10	17.17	0.12
59102.46	17.65	0.11	17.85	0.10	17.30	0.10	17.28	0.10	17.30	0.10	17.44	0.10	17.26	0.09
59108.46	17.96	0.11	17.76	0.10	17.39	0.10	17.37	0.10	17.37	0.10	17.40	0.10	17.34	0.06
59108.59	17.91	0.11	17.76	0.10	17.40	0.10	17.34	0.10	17.27	0.10	17.40	0.10	17.32	0.06
59111.42	18.11	0.11	17.74	0.10	17.43	0.10	17.42	0.10	17.37	0.10	17.43	0.10	17.39	0.05
59114.46	18.21	0.11	17.90	0.10	17.48	0.10	17.47	0.10	17.37	0.10	17.45	0.10	17.45	0.04
59114.57	18.15	0.11	17.92	0.10	17.48	0.10	17.49	0.10	17.38	0.10	17.45	0.10	17.47	0.04
59116.43	18.26	0.11	17.95	0.10	17.50	0.10	17.50	0.10	17.43	0.10	17.47	0.10	17.48	0.04
59117.38	18.32	0.11	17.96	0.10	17.52	0.10	17.48	0.10	17.45	0.10	17.48	0.10	17.45	0.04
59118.56	18.39	0.11	17.98	0.10	17.53	0.10	17.53	0.10	17.48	0.10	17.49	0.10	17.50	0.10
59123.36	18.44	0.11	18.05	0.10	17.60	0.10	17.51	0.10	17.48	0.10	17.53	0.10	17.55	0.10
59124.35	18.42	0.11	18.06	0.10	17.61	0.10	17.55	0.10	17.57	0.10	17.54	0.10	17.56	0.10
59125.46	18.41	0.11	18.08	0.10	17.63	0.10	17.53	0.10	17.63	0.10	17.55	0.10	17.57	0.10
59128.41	18.49	0.11	18.12	0.10	17.67	0.10	17.65	0.10	17.77	0.10	17.57	0.10	17.60	0.10
59130.43	18.54	0.11	18.15	0.10	17.70	0.10	17.64	0.10	17.72	0.10	17.59	0.10	17.62	0.10
59130.49	18.54	0.11	18.15	0.10	17.70	0.10	17.58	0.10	17.73	0.10	17.59	0.10	17.62	0.10
59134.44	18.59	0.11	18.21	0.10	17.75	0.10	17.68	0.10	17.83	0.10	17.63	0.10	17.65	0.10
59138.34	18.63	0.11	18.26	0.10	17.81	0.10	17.72	0.10	17.67	0.10	17.69	0.10	17.67	0.10
59140.37	18.71	0.11	18.25	0.10	17.84	0.10	17.70	0.10	17.67	0.10	17.72	0.10	17.69	0.10
59142.36	18.75	0.11	18.22	0.10	17.86	0.10	17.71	0.10	17.77	0.10	17.73	0.10	17.70	0.10
59144.40	18.81	0.11	18.36	0.10	17.89	0.10	17.78	0.10	17.77	0.10	17.74	0.10	17.71	0.10
59148.42	18.66	0.11	18.23	0.10	17.95	0.10	17.79	0.10	17.79	0.10	17.75	0.10	17.69	0.10
59150.30	18.69	0.11	18.28	0.10	17.97	0.10	17.78	0.10	17.75	0.10	17.76	0.10	17.72	0.10
59151.37	18.70	0.11	18.31	0.10	17.99	0.10	17.87	0.10	17.75	0.10	17.76	0.10	17.73	0.10
59152.39	18.74	0.11	18.33	0.10	18.00	0.10	17.77	0.10	17.77	0.10	17.76	0.10	17.74	0.10
59155.28	18.85	0.11	18.41	0.10	18.04	0.10	17.77	0.10	17.84	0.10	17.77	0.10	17.78	0.10
59157.42	18.73	0.11	18.47	0.10	18.07	0.10	17.86	0.10	17.90	0.10	17.78	0.10	17.81	0.10
59158.35	18.95	0.11	18.49	0.10	18.08	0.10	17.81	0.10	18.16	0.10	17.78	0.10	17.82	0.10
59158.49	18.94	0.11	18.49	0.10	18.09	0.10	17.78	0.10	18.09	0.10	17.78	0.10	17.82	0.10
59165.35	18.98	0.11	18.67	0.10	18.18	0.10	17.93	0.10	18.13	0.10	17.87	0.10	17.91	0.10
59167.35	19.03	0.11	18.73	0.10	18.21	0.10	17.97	0.10	18.17	0.10	17.91	0.10	17.93	0.10
59169.28	19.09	0.11	18.78	0.10	18.24	0.10	17.93	0.10	18.21	0.10	17.94	0.10	17.96	0.10
59172.39	19.02	0.11	18.72	0.10	18.28	0.10	17.97	0.10	18.27	0.10	18.00	0.10	18.00	0.10
59174.34	19.08	0.11	18.84	0.07	18.35	0.10	18.09	0.10	18.32	0.10	18.03	0.10	18.02	0.10
59176.33	19.13	0.11	18.79	0.07	18.39	0.10	18.05	0.10	18.36	0.10	18.06	0.10	18.05	0.10
59178.32	19.20	0.11	18.86	0.08	18.44	0.10	18.11	0.10	18.40	0.10	18.10	0.10	18.07	0.10
59185.25	19.46	0.11	18.97	0.14	18.60	0.10	18.23	0.10	18.51	0.09	18.22	0.10	18.16	0.10
59185.40	19.46	0.11	18.95	0.14	18.61	0.10	18.20	0.10	18.49	0.10	18.22	0.10	18.16	0.10
59187.25	19.53	0.11	18.95	0.15	18.65	0.10	18.20	0.10	18.49	0.11	18.27	0.10	18.19	0.10
59189.24	19.60	0.11	19.12	0.17	18.69	0.10	18.37	0.10	18.66	0.13	18.32	0.10	18.21	0.10
59194.25	20.06	0.11	19.45	0.22	18.80	0.10	18.70	0.10	18.99	0.17	18.62	0.10	18.54	0.04
59194.33	20.07	0.11	19.39	0.22	18.80	0.10	18.65	0.10	18.93	0.17	18.62	0.10	18.49	0.04
59196.25	20.22	0.11	19.42	0.24	18.92	0.10	18.67	0.10	18.96	0.19	18.76	0.10	18.51	0.05
59198.21	20.37	0.11	19.80	0.26	19.05	0.10	19.05	0.10	19.34	0.21	18.90	0.10	18.89	0.07
59200.24	20.40	0.11	19.92	0.28	19.17	0.10	19.17	0.10	19.46	0.23	19.02	0.03	19.01	0.09
#
## All light curves linearly interpolated
## Extrapolation done by assuming constant colour with reference band
