58984.405 19.423 0.094
58985.38 19.352 0.106
58986.292 19.246 0.087
58987.333 19.19 0.112
58991.268 19.1 0.075
58992.272 19.14 0.09
58993.299 19.106 0.103
58994.31 19.149 0.085
58995.258 19.122 0.098
58996.273 19.077 0.09
58997.295 19.116 0.106
58998.261 19.176 0.107
58998.295 19.198 0.105
58999.296 19.03 0.107
59001.261 19.207 0.163
59004.27 19.343 0.212
59008.319 19.204 0.127
59011.256 19.176 0.095
59014.237 19.239 0.089
59017.256 19.308 0.084
59023.197 19.334 0.114
59024.25 19.384 0.091
59026.288 19.28 0.154
59029.215 19.155 0.126
59032.25 19.241 0.13
59038.214 19.361 0.103
59041.255 19.34 0.121
59044.232 19.345 0.099
59047.215 19.307 0.096
59050.29 19.337 0.12
59054.196 19.338 0.1
59057.174 19.365 0.117
59066.24 19.506 0.174
59067.183 19.507 0.135
59072.177 19.688 0.15
59073.185 19.62 0.132
58984.405 19.42 0.09
58973.454 22.148 0.609
58989.512 19.112 0.05
59003.452 19.148 0.089
59007.306 19.165 0.114
59009.345 19.181 0.039
59016.445 19.334 0.054
59023.439 19.426 0.037
59030.394 19.402 0.05
59031.285 19.431 0.21
59034.275 19.307 0.076
59037.384 19.312 0.065
59040.366 19.35 0.094
59048.354 19.438 0.048
59055.329 19.463 0.098
59059.378 19.527 0.091
59062.371 19.516 0.076
59065.3 19.536 0.08
59069.347 19.61 0.077
59079.261 19.915 0.063
59083.265 20.122 0.094
59094.259 20.589 0.342
59096.262 20.825 0.425
59108.247 21.352 0.41
59119.242 21.128 0.499
59122.23 20.848 0.901
59136.223 21.338 0.553
59303.522 22.113 0.913
59314.475 22.783 0.689
59334.448 21.616 0.677
59408.393 22.473 0.956
59830.246 20.851 0.603
