# ph	T_bb	err	R_bb	err	L_bb	err

59036.59	9.07e+03	1.17e+03	2.11e+14	3.60e+13	2.16e+41	1.34e+41
59051.56	9.07e+03	1.17e+03	1.46e+14	2.50e+13	1.04e+41	6.41e+40
59051.56	9.07e+03	1.17e+03	1.96e+14	3.34e+13	1.85e+41	1.15e+41
59055.54	9.07e+03	1.17e+03	4.72e+13	8.04e+12	1.07e+40	6.65e+39
59060.50	9.07e+03	1.17e+03	2.76e+14	4.71e+13	3.68e+41	2.28e+41
59077.47	9.07e+03	1.17e+03	2.19e+14	3.74e+13	2.32e+41	1.44e+41
59079.49	9.07e+03	1.17e+03	1.03e+14	1.76e+13	5.18e+40	3.20e+40
59079.49	9.07e+03	1.17e+03	1.32e+14	2.26e+13	8.46e+40	5.23e+40
59093.41	9.07e+03	1.17e+03	1.99e+14	3.39e+13	1.91e+41	1.18e+41
59100.43	9.07e+03	1.17e+03	1.57e+14	2.68e+13	1.19e+41	7.39e+40
59100.43	9.07e+03	1.17e+03	1.19e+14	2.03e+13	6.85e+40	4.24e+40
59101.43	9.07e+03	1.17e+03	5.34e+14	9.11e+13	1.38e+42	8.54e+41
59101.45	9.07e+03	1.17e+03	3.97e+14	6.78e+13	7.63e+41	4.73e+41
59101.45	9.07e+03	1.17e+03	4.56e+14	7.78e+13	1.01e+42	6.23e+41
59103.40	9.07e+03	1.17e+03	1.65e+14	2.81e+13	1.31e+41	8.14e+40
59103.50	9.07e+03	1.17e+03	2.30e+14	3.92e+13	2.55e+41	1.58e+41
59103.50	9.07e+03	1.17e+03	7.04e+14	1.20e+14	2.39e+42	1.48e+42
59103.52	9.07e+03	1.17e+03	2.57e+14	4.38e+13	3.19e+41	1.97e+41
59105.48	9.07e+03	1.17e+03	2.10e+14	3.57e+13	2.12e+41	1.31e+41
59105.48	9.07e+03	1.17e+03	2.27e+14	3.88e+13	2.50e+41	1.55e+41
59105.54	9.07e+03	1.17e+03	5.50e+14	9.39e+13	1.46e+42	9.06e+41
59107.36	9.07e+03	1.17e+03	5.70e+14	9.71e+13	1.57e+42	9.70e+41
59107.49	9.07e+03	1.17e+03	4.83e+14	8.24e+13	1.13e+42	6.98e+41
59107.49	9.07e+03	1.17e+03	2.99e+14	5.10e+13	4.33e+41	2.68e+41
59107.50	9.07e+03	1.17e+03	4.94e+14	8.42e+13	1.18e+42	7.28e+41
59107.53	9.07e+03	1.17e+03	4.97e+14	8.48e+13	1.20e+42	7.40e+41
59107.54	9.07e+03	1.17e+03	4.11e+14	7.01e+13	8.17e+41	5.06e+41
59108.39	9.07e+03	1.17e+03	7.35e+14	1.25e+14	2.61e+42	1.61e+42
59108.39	9.07e+03	1.17e+03	7.35e+14	1.25e+14	2.61e+42	1.61e+42
59109.32	9.07e+03	1.17e+03	1.06e+15	1.81e+14	5.43e+42	3.36e+42
59109.32	9.07e+03	1.17e+03	1.06e+15	1.81e+14	5.43e+42	3.36e+42
59109.40	9.07e+03	1.17e+03	1.04e+15	1.78e+14	5.26e+42	3.26e+42
59109.40	9.07e+03	1.17e+03	8.68e+14	1.48e+14	3.64e+42	2.25e+42
59109.41	9.07e+03	1.17e+03	1.09e+15	1.86e+14	5.75e+42	3.56e+42
59109.41	9.07e+03	1.17e+03	9.31e+14	1.59e+14	4.19e+42	2.59e+42
59109.43	9.07e+03	1.17e+03	8.62e+14	1.47e+14	3.59e+42	2.22e+42
59110.35	9.07e+03	1.17e+03	1.17e+15	1.99e+14	6.58e+42	4.07e+42
59110.36	9.07e+03	1.17e+03	1.05e+15	1.79e+14	5.35e+42	3.31e+42
59111.37	9.07e+03	1.17e+03	1.19e+15	2.03e+14	6.85e+42	4.24e+42
59111.40	9.07e+03	1.17e+03	1.14e+15	1.94e+14	6.27e+42	3.88e+42
59111.40	9.07e+03	1.17e+03	1.09e+15	1.86e+14	5.74e+42	3.55e+42
59111.40	9.07e+03	1.17e+03	5.81e+14	9.91e+13	1.63e+42	1.01e+42
59111.44	9.07e+03	1.17e+03	1.31e+15	2.24e+14	8.34e+42	5.16e+42
59111.50	9.07e+03	1.17e+03	1.10e+15	1.88e+14	5.85e+42	3.62e+42
59111.51	9.07e+03	1.17e+03	1.20e+15	2.05e+14	7.01e+42	4.34e+42
59112.50	9.07e+03	1.17e+03	1.11e+15	1.89e+14	5.94e+42	3.67e+42
59112.55	9.07e+03	1.17e+03	1.23e+15	2.09e+14	7.27e+42	4.50e+42
59113.30	9.07e+03	1.17e+03	1.17e+15	1.99e+14	6.60e+42	4.09e+42
59113.34	9.07e+03	1.17e+03	1.11e+15	1.89e+14	5.91e+42	3.66e+42
59113.39	9.07e+03	1.17e+03	1.20e+15	2.05e+14	7.00e+42	4.33e+42
59113.46	9.07e+03	1.17e+03	1.14e+15	1.94e+14	6.28e+42	3.89e+42
59113.46	9.07e+03	1.17e+03	1.14e+15	1.94e+14	6.28e+42	3.89e+42
59113.47	9.07e+03	1.17e+03	1.32e+15	2.26e+14	8.46e+42	5.24e+42
59113.47	9.07e+03	1.17e+03	1.10e+15	1.88e+14	5.86e+42	3.62e+42
59113.48	9.07e+03	1.17e+03	1.09e+15	1.86e+14	5.77e+42	3.57e+42
59114.32	9.07e+03	1.17e+03	1.19e+15	2.03e+14	6.88e+42	4.26e+42
59115.31	9.07e+03	1.17e+03	1.18e+15	2.01e+14	6.71e+42	4.15e+42
59115.50	9.07e+03	1.17e+03	1.11e+15	1.90e+14	5.98e+42	3.70e+42
59115.50	9.07e+03	1.17e+03	1.13e+15	1.93e+14	6.16e+42	3.81e+42
59115.51	9.07e+03	1.17e+03	1.30e+15	2.21e+14	8.11e+42	5.02e+42
59115.52	9.07e+03	1.17e+03	1.33e+15	2.27e+14	8.54e+42	5.29e+42
59116.26	9.07e+03	1.17e+03	1.14e+15	1.95e+14	6.31e+42	3.90e+42
59116.31	9.07e+03	1.17e+03	1.14e+15	1.94e+14	6.23e+42	3.86e+42
59116.34	9.07e+03	1.17e+03	1.17e+15	1.99e+14	6.56e+42	4.06e+42
59116.36	9.07e+03	1.17e+03	1.17e+15	1.99e+14	6.56e+42	4.06e+42
59117.29	9.07e+03	1.17e+03	1.15e+15	1.97e+14	6.44e+42	3.99e+42
59117.37	9.07e+03	1.17e+03	1.17e+15	2.00e+14	6.64e+42	4.11e+42
59117.37	9.07e+03	1.17e+03	1.21e+15	2.06e+14	7.03e+42	4.35e+42
59117.38	9.07e+03	1.17e+03	1.10e+15	1.87e+14	5.80e+42	3.59e+42
59117.42	9.07e+03	1.17e+03	1.12e+15	1.92e+14	6.11e+42	3.78e+42
59117.44	9.07e+03	1.17e+03	1.15e+15	1.95e+14	6.34e+42	3.93e+42
59117.47	9.07e+03	1.17e+03	1.22e+15	2.09e+14	7.24e+42	4.48e+42
59117.47	9.07e+03	1.17e+03	1.17e+15	2.00e+14	6.63e+42	4.10e+42
59118.26	9.07e+03	1.17e+03	1.09e+15	1.86e+14	5.73e+42	3.55e+42
59118.35	9.07e+03	1.17e+03	1.10e+15	1.88e+14	5.84e+42	3.62e+42
59118.36	9.07e+03	1.17e+03	1.17e+15	2.00e+14	6.66e+42	4.12e+42
59118.37	9.07e+03	1.17e+03	1.13e+15	1.93e+14	6.21e+42	3.84e+42
59118.37	9.07e+03	1.17e+03	1.10e+15	1.87e+14	5.83e+42	3.61e+42
59119.34	9.07e+03	1.17e+03	1.07e+15	1.83e+14	5.57e+42	3.45e+42
59119.36	9.07e+03	1.17e+03	1.11e+15	1.89e+14	5.96e+42	3.69e+42
59119.37	9.07e+03	1.17e+03	1.22e+15	2.08e+14	7.20e+42	4.46e+42
59119.38	9.07e+03	1.17e+03	1.24e+15	2.11e+14	7.38e+42	4.57e+42
59119.38	9.07e+03	1.17e+03	1.19e+15	2.02e+14	6.79e+42	4.20e+42
59119.41	9.07e+03	1.17e+03	1.09e+15	1.87e+14	5.79e+42	3.58e+42
59120.28	9.07e+03	1.17e+03	1.11e+15	1.90e+14	5.97e+42	3.70e+42
59120.37	9.07e+03	1.17e+03	1.17e+15	1.99e+14	6.58e+42	4.07e+42
59120.38	9.07e+03	1.17e+03	9.59e+14	1.64e+14	4.45e+42	2.75e+42
59121.31	9.07e+03	1.17e+03	1.09e+15	1.85e+14	5.70e+42	3.53e+42
59121.43	9.07e+03	1.17e+03	1.02e+15	1.74e+14	5.05e+42	3.13e+42
59121.43	9.07e+03	1.17e+03	1.05e+15	1.79e+14	5.34e+42	3.30e+42
59121.47	9.07e+03	1.17e+03	1.25e+15	2.13e+14	7.54e+42	4.67e+42
59121.47	9.07e+03	1.17e+03	1.04e+15	1.77e+14	5.23e+42	3.24e+42
59126.36	9.07e+03	1.17e+03	1.08e+15	1.84e+14	5.65e+42	3.50e+42
59127.36	9.07e+03	1.17e+03	1.13e+15	1.93e+14	6.17e+42	3.82e+42
59127.36	9.07e+03	1.17e+03	1.09e+15	1.86e+14	5.74e+42	3.55e+42
59127.44	9.07e+03	1.17e+03	1.46e+15	2.50e+14	1.04e+43	6.41e+42
59127.45	9.07e+03	1.17e+03	1.28e+15	2.19e+14	7.94e+42	4.92e+42
59127.46	9.07e+03	1.17e+03	1.36e+15	2.32e+14	8.97e+42	5.55e+42
59129.27	9.07e+03	1.17e+03	1.08e+15	1.84e+14	5.60e+42	3.47e+42
59129.33	9.07e+03	1.17e+03	8.74e+14	1.49e+14	3.69e+42	2.28e+42
59129.46	9.07e+03	1.17e+03	1.16e+15	1.97e+14	6.48e+42	4.01e+42
59129.47	9.07e+03	1.17e+03	1.18e+15	2.01e+14	6.74e+42	4.17e+42
59129.47	9.07e+03	1.17e+03	1.15e+15	1.96e+14	6.41e+42	3.97e+42
59129.49	9.07e+03	1.17e+03	1.14e+15	1.94e+14	6.29e+42	3.89e+42
59130.48	9.07e+03	1.17e+03	9.82e+14	1.68e+14	4.66e+42	2.89e+42
59130.48	9.07e+03	1.17e+03	1.09e+15	1.85e+14	5.70e+42	3.53e+42
59131.24	9.07e+03	1.17e+03	1.05e+15	1.80e+14	5.36e+42	3.32e+42
59131.32	9.07e+03	1.17e+03	9.41e+14	1.60e+14	4.28e+42	2.65e+42
59131.46	9.07e+03	1.17e+03	1.12e+15	1.90e+14	6.02e+42	3.73e+42
59131.46	9.07e+03	1.17e+03	1.02e+15	1.75e+14	5.07e+42	3.14e+42
59131.49	9.07e+03	1.17e+03	9.31e+14	1.59e+14	4.18e+42	2.59e+42
59131.50	9.07e+03	1.17e+03	1.09e+15	1.85e+14	5.70e+42	3.53e+42
59132.45	9.07e+03	1.17e+03	8.34e+14	1.42e+14	3.36e+42	2.08e+42
59133.40	9.07e+03	1.17e+03	1.21e+15	2.06e+14	7.07e+42	4.37e+42
59133.41	9.07e+03	1.17e+03	1.03e+15	1.76e+14	5.14e+42	3.18e+42
59133.41	9.07e+03	1.17e+03	1.16e+15	1.97e+14	6.46e+42	4.00e+42
59133.43	9.07e+03	1.17e+03	9.16e+14	1.56e+14	4.05e+42	2.51e+42
59134.27	9.07e+03	1.17e+03	8.28e+14	1.41e+14	3.31e+42	2.05e+42
59134.30	9.07e+03	1.17e+03	1.01e+15	1.72e+14	4.93e+42	3.05e+42
59135.43	9.07e+03	1.17e+03	8.85e+14	1.51e+14	3.78e+42	2.34e+42
59135.43	9.07e+03	1.17e+03	8.26e+14	1.41e+14	3.30e+42	2.04e+42
59135.43	9.07e+03	1.17e+03	6.71e+14	1.14e+14	2.18e+42	1.35e+42
59135.45	9.07e+03	1.17e+03	1.09e+15	1.86e+14	5.73e+42	3.55e+42
59136.30	9.07e+03	1.17e+03	1.01e+15	1.73e+14	4.97e+42	3.08e+42
59136.34	9.07e+03	1.17e+03	7.57e+14	1.29e+14	2.77e+42	1.71e+42
59137.42	9.07e+03	1.17e+03	9.58e+14	1.63e+14	4.43e+42	2.74e+42
59137.43	9.07e+03	1.17e+03	1.03e+15	1.76e+14	5.13e+42	3.17e+42
59137.43	9.07e+03	1.17e+03	1.02e+15	1.73e+14	4.98e+42	3.08e+42
59137.44	9.07e+03	1.17e+03	1.08e+15	1.84e+14	5.64e+42	3.49e+42
59137.45	9.07e+03	1.17e+03	9.59e+14	1.63e+14	4.44e+42	2.75e+42
59137.46	9.07e+03	1.17e+03	7.69e+14	1.31e+14	2.85e+42	1.77e+42
59138.23	9.07e+03	1.17e+03	7.33e+14	1.25e+14	2.60e+42	1.61e+42
59138.31	9.07e+03	1.17e+03	9.80e+14	1.67e+14	4.64e+42	2.87e+42
59139.41	9.07e+03	1.17e+03	8.25e+14	1.41e+14	3.29e+42	2.03e+42
59139.41	9.07e+03	1.17e+03	7.94e+14	1.35e+14	3.04e+42	1.88e+42
59139.42	9.07e+03	1.17e+03	8.18e+14	1.39e+14	3.23e+42	2.00e+42
59139.43	9.07e+03	1.17e+03	9.94e+14	1.70e+14	4.78e+42	2.96e+42
59140.25	9.07e+03	1.17e+03	9.86e+14	1.68e+14	4.70e+42	2.91e+42
59140.28	9.07e+03	1.17e+03	7.53e+14	1.28e+14	2.74e+42	1.70e+42
59141.38	9.07e+03	1.17e+03	9.94e+14	1.69e+14	4.77e+42	2.95e+42
59141.38	9.07e+03	1.17e+03	8.29e+14	1.41e+14	3.32e+42	2.06e+42
59141.41	9.07e+03	1.17e+03	1.07e+15	1.83e+14	5.56e+42	3.44e+42
59141.42	9.07e+03	1.17e+03	9.20e+14	1.57e+14	4.09e+42	2.53e+42
59142.27	9.07e+03	1.17e+03	7.23e+14	1.23e+14	2.53e+42	1.56e+42
59142.27	9.07e+03	1.17e+03	8.77e+14	1.50e+14	3.72e+42	2.30e+42
59143.26	9.07e+03	1.17e+03	9.24e+14	1.58e+14	4.13e+42	2.55e+42
59143.27	9.07e+03	1.17e+03	5.57e+14	9.49e+13	1.50e+42	9.26e+41
59143.29	9.07e+03	1.17e+03	8.66e+14	1.48e+14	3.63e+42	2.25e+42
59143.31	9.07e+03	1.17e+03	8.40e+14	1.43e+14	3.41e+42	2.11e+42
59143.40	9.07e+03	1.17e+03	6.22e+14	1.06e+14	1.87e+42	1.16e+42
59143.40	9.07e+03	1.17e+03	6.33e+14	1.08e+14	1.93e+42	1.20e+42
59143.41	9.07e+03	1.17e+03	4.27e+14	7.28e+13	8.81e+41	5.46e+41
59144.21	9.07e+03	1.17e+03	9.28e+14	1.58e+14	4.16e+42	2.57e+42
59144.33	9.07e+03	1.17e+03	6.82e+14	1.16e+14	2.24e+42	1.39e+42
59145.29	9.07e+03	1.17e+03	7.15e+14	1.22e+14	2.47e+42	1.53e+42
59145.29	9.07e+03	1.17e+03	9.78e+14	1.67e+14	4.62e+42	2.86e+42
59145.40	9.07e+03	1.17e+03	9.31e+14	1.59e+14	4.18e+42	2.59e+42
59145.40	9.07e+03	1.17e+03	8.91e+14	1.52e+14	3.83e+42	2.37e+42
59145.41	9.07e+03	1.17e+03	9.19e+14	1.57e+14	4.08e+42	2.52e+42
59145.42	9.07e+03	1.17e+03	8.93e+14	1.52e+14	3.85e+42	2.38e+42
59147.38	9.07e+03	1.17e+03	1.01e+15	1.72e+14	4.89e+42	3.03e+42
59147.39	9.07e+03	1.17e+03	8.57e+14	1.46e+14	3.54e+42	2.19e+42
59147.39	9.07e+03	1.17e+03	8.60e+14	1.47e+14	3.57e+42	2.21e+42
59147.40	9.07e+03	1.17e+03	7.98e+14	1.36e+14	3.08e+42	1.90e+42
59147.42	9.07e+03	1.17e+03	6.33e+14	1.08e+14	1.94e+42	1.20e+42
59147.42	9.07e+03	1.17e+03	8.96e+14	1.53e+14	3.88e+42	2.40e+42
59148.30	9.07e+03	1.17e+03	5.02e+14	8.56e+13	1.22e+42	7.54e+41
59148.31	9.07e+03	1.17e+03	8.13e+14	1.39e+14	3.20e+42	1.98e+42
59148.31	9.07e+03	1.17e+03	1.11e+15	1.89e+14	5.93e+42	3.67e+42
59154.41	9.07e+03	1.17e+03	8.89e+14	1.52e+14	3.82e+42	2.36e+42
59154.41	9.07e+03	1.17e+03	9.65e+14	1.65e+14	4.50e+42	2.79e+42
59155.26	9.07e+03	1.17e+03	9.54e+14	1.63e+14	4.40e+42	2.72e+42
59155.50	9.07e+03	1.17e+03	1.40e+15	2.39e+14	9.52e+42	5.89e+42
59157.33	9.07e+03	1.17e+03	8.97e+14	1.53e+14	3.89e+42	2.41e+42
59157.38	9.07e+03	1.17e+03	1.00e+15	1.71e+14	4.87e+42	3.02e+42
59157.38	9.07e+03	1.17e+03	9.82e+14	1.67e+14	4.66e+42	2.88e+42
59157.39	9.07e+03	1.17e+03	1.02e+15	1.74e+14	5.04e+42	3.12e+42
59157.40	9.07e+03	1.17e+03	1.02e+15	1.74e+14	5.03e+42	3.12e+42
59158.39	9.07e+03	1.17e+03	1.01e+15	1.73e+14	4.95e+42	3.06e+42
59159.34	9.07e+03	1.17e+03	2.88e+15	4.90e+14	4.00e+43	2.47e+43
59160.35	9.07e+03	1.17e+03	9.80e+14	1.67e+14	4.64e+42	2.87e+42
59160.36	9.07e+03	1.17e+03	1.76e+15	2.99e+14	1.49e+43	9.21e+42
59160.36	9.07e+03	1.17e+03	7.78e+14	1.33e+14	2.92e+42	1.81e+42
59161.37	9.07e+03	1.17e+03	1.05e+15	1.79e+14	5.33e+42	3.30e+42
59161.38	9.07e+03	1.17e+03	8.53e+14	1.46e+14	3.52e+42	2.18e+42
59161.39	9.07e+03	1.17e+03	8.98e+14	1.53e+14	3.90e+42	2.41e+42
59163.35	9.07e+03	1.17e+03	9.35e+14	1.59e+14	4.23e+42	2.62e+42
59163.36	9.07e+03	1.17e+03	4.65e+14	7.93e+13	1.05e+42	6.47e+41
59163.42	9.07e+03	1.17e+03	4.81e+14	8.20e+13	1.12e+42	6.92e+41
59163.42	9.07e+03	1.17e+03	7.23e+14	1.23e+14	2.53e+42	1.56e+42
59163.43	9.07e+03	1.17e+03	3.65e+14	6.22e+13	6.42e+41	3.97e+41
59163.44	9.07e+03	1.17e+03	3.61e+14	6.15e+13	6.29e+41	3.89e+41
59167.23	9.07e+03	1.17e+03	7.96e+14	1.36e+14	3.06e+42	1.89e+42
59169.19	9.07e+03	1.17e+03	7.72e+14	1.32e+14	2.88e+42	1.78e+42
59169.22	9.07e+03	1.17e+03	5.08e+14	8.66e+13	1.25e+42	7.72e+41
59169.22	9.07e+03	1.17e+03	8.99e+14	1.53e+14	3.90e+42	2.42e+42
59169.33	9.07e+03	1.17e+03	1.01e+15	1.72e+14	4.94e+42	3.06e+42
59169.35	9.07e+03	1.17e+03	6.38e+14	1.09e+14	1.96e+42	1.22e+42
59169.35	9.07e+03	1.17e+03	8.81e+14	1.50e+14	3.75e+42	2.32e+42
59169.36	9.07e+03	1.17e+03	8.87e+14	1.51e+14	3.81e+42	2.36e+42
59173.22	9.07e+03	1.17e+03	7.88e+14	1.34e+14	3.00e+42	1.86e+42
59173.38	9.07e+03	1.17e+03	4.33e+14	7.38e+13	9.06e+41	5.61e+41
59173.38	9.07e+03	1.17e+03	7.52e+14	1.28e+14	2.73e+42	1.69e+42
59182.36	9.07e+03	1.17e+03	6.76e+14	1.15e+14	2.21e+42	1.37e+42
59182.36	9.07e+03	1.17e+03	7.64e+14	1.30e+14	2.82e+42	1.75e+42
59185.37	9.07e+03	1.17e+03	7.33e+14	1.25e+14	2.60e+42	1.61e+42
59185.38	9.07e+03	1.17e+03	8.96e+14	1.53e+14	3.88e+42	2.40e+42
59185.38	9.07e+03	1.17e+03	3.50e+14	5.96e+13	5.90e+41	3.65e+41
59185.39	9.07e+03	1.17e+03	1.85e+14	3.16e+13	1.66e+41	1.03e+41
59186.35	9.07e+03	1.17e+03	6.64e+14	1.13e+14	2.13e+42	1.32e+42
59186.35	9.07e+03	1.17e+03	7.16e+14	1.22e+14	2.48e+42	1.53e+42
59187.36	9.07e+03	1.17e+03	7.50e+14	1.28e+14	2.72e+42	1.68e+42
59187.37	9.07e+03	1.17e+03	1.01e+15	1.72e+14	4.91e+42	3.04e+42
59187.37	9.07e+03	1.17e+03	8.39e+14	1.43e+14	3.40e+42	2.10e+42
59187.38	9.07e+03	1.17e+03	7.79e+14	1.33e+14	2.93e+42	1.82e+42
59189.29	9.07e+03	1.17e+03	6.18e+14	1.05e+14	1.84e+42	1.14e+42
59189.29	9.07e+03	1.17e+03	8.80e+14	1.50e+14	3.74e+42	2.31e+42
59189.31	9.07e+03	1.17e+03	6.62e+14	1.13e+14	2.11e+42	1.31e+42
59190.29	9.07e+03	1.17e+03	2.87e+14	4.89e+13	3.97e+41	2.46e+41
59190.29	9.07e+03	1.17e+03	6.73e+14	1.15e+14	2.19e+42	1.35e+42
59191.26	9.07e+03	1.17e+03	4.48e+14	7.63e+13	9.68e+41	5.99e+41
59191.26	9.07e+03	1.17e+03	3.52e+14	5.99e+13	5.97e+41	3.70e+41
59191.27	9.07e+03	1.17e+03	5.09e+14	8.68e+13	1.25e+42	7.76e+41
59191.28	9.07e+03	1.17e+03	3.23e+14	5.50e+13	5.03e+41	3.11e+41
59192.31	9.07e+03	1.17e+03	5.93e+14	1.01e+14	1.70e+42	1.05e+42
59192.31	9.07e+03	1.17e+03	3.13e+14	5.33e+13	4.72e+41	2.92e+41
59193.30	9.07e+03	1.17e+03	5.10e+14	8.70e+13	1.26e+42	7.78e+41
59193.30	9.07e+03	1.17e+03	5.69e+14	9.70e+13	1.56e+42	9.67e+41
59193.32	9.07e+03	1.17e+03	7.58e+14	1.29e+14	2.78e+42	1.72e+42
59193.33	9.07e+03	1.17e+03	7.91e+14	1.35e+14	3.03e+42	1.87e+42
59195.32	9.07e+03	1.17e+03	2.82e+14	4.81e+13	3.85e+41	2.38e+41
59195.32	9.07e+03	1.17e+03	3.78e+14	6.45e+13	6.91e+41	4.28e+41
59195.34	9.07e+03	1.17e+03	1.13e+14	1.92e+13	6.14e+40	3.80e+40
59195.34	9.07e+03	1.17e+03	4.05e+14	6.91e+13	7.94e+41	4.92e+41
59197.27	9.07e+03	1.17e+03	3.30e+14	5.62e+13	5.25e+41	3.25e+41
59197.27	9.07e+03	1.17e+03	5.93e+14	1.01e+14	1.70e+42	1.05e+42
59197.30	9.07e+03	1.17e+03	4.93e+14	8.40e+13	1.17e+42	7.26e+41
59199.28	9.07e+03	1.17e+03	3.30e+14	5.63e+13	5.26e+41	3.26e+41
59199.32	9.07e+03	1.17e+03	3.55e+14	6.06e+13	6.10e+41	3.78e+41
59381.58	9.07e+03	1.17e+03	3.09e+14	5.27e+13	4.62e+41	2.86e+41
59381.58	9.07e+03	1.17e+03	1.71e+14	2.91e+13	1.41e+41	8.72e+40
59385.60	9.07e+03	1.17e+03	1.39e+13	2.36e+12	9.28e+38	5.74e+38
59390.60	9.07e+03	1.17e+03	3.46e+14	5.89e+13	5.77e+41	3.57e+41
59390.60	9.07e+03	1.17e+03	1.22e+14	2.08e+13	7.17e+40	4.44e+40
59400.57	9.07e+03	1.17e+03	1.80e+14	3.06e+13	1.56e+41	9.66e+40
59400.57	9.07e+03	1.17e+03	1.62e+14	2.76e+13	1.27e+41	7.86e+40
59401.56	9.07e+03	1.17e+03	2.08e+14	3.54e+13	2.09e+41	1.29e+41
59410.56	9.07e+03	1.17e+03	4.88e+13	8.32e+12	1.15e+40	7.12e+39
59412.51	9.07e+03	1.17e+03	2.52e+14	4.30e+13	3.07e+41	1.90e+41
59417.52	9.07e+03	1.17e+03	1.64e+14	2.79e+13	1.30e+41	8.02e+40
59417.52	9.07e+03	1.17e+03	4.00e+14	6.83e+13	7.75e+41	4.80e+41
59420.56	9.07e+03	1.17e+03	3.38e+14	5.76e+13	5.52e+41	3.41e+41
59428.52	9.07e+03	1.17e+03	3.02e+14	5.15e+13	4.41e+41	2.73e+41
59428.53	9.07e+03	1.17e+03	2.78e+13	4.73e+12	3.72e+39	2.30e+39
59431.48	9.07e+03	1.17e+03	2.65e+14	4.52e+13	3.39e+41	2.10e+41
59438.62	9.07e+03	1.17e+03	7.03e+13	1.20e+13	2.39e+40	1.48e+40
59446.59	9.07e+03	1.17e+03	2.21e+14	3.77e+13	2.36e+41	1.46e+41
59448.60	9.07e+03	1.17e+03	2.84e+14	4.85e+13	3.90e+41	2.42e+41
59455.60	9.07e+03	1.17e+03	2.52e+14	4.30e+13	3.07e+41	1.90e+41
59455.60	9.07e+03	1.17e+03	7.18e+13	1.22e+13	2.49e+40	1.54e+40
59458.58	9.07e+03	1.17e+03	7.61e+13	1.30e+13	2.80e+40	1.73e+40
59464.39	9.07e+03	1.17e+03	1.12e+14	1.92e+13	6.10e+40	3.78e+40
59467.56	9.07e+03	1.17e+03	1.51e+14	2.57e+13	1.10e+41	6.80e+40
59467.57	9.07e+03	1.17e+03	2.26e+14	3.85e+13	2.47e+41	1.53e+41
59485.52	9.07e+03	1.17e+03	1.27e+14	2.16e+13	7.75e+40	4.80e+40
59491.50	9.07e+03	1.17e+03	1.96e+14	3.35e+13	1.87e+41	1.15e+41
59491.50	8.31e+03	1.04e+03	1.00e+13	1.74e+12	3.40e+38	2.07e+38
59510.44	9.07e+03	1.17e+03	3.23e+14	5.50e+13	5.03e+41	3.11e+41
59514.41	9.07e+03	1.17e+03	1.30e+14	2.22e+13	8.23e+40	5.09e+40
59519.28	9.07e+03	1.17e+03	1.96e+14	3.34e+13	1.85e+41	1.15e+41
59530.37	9.07e+03	1.17e+03	8.60e+13	1.47e+13	3.58e+40	2.21e+40
59537.32	9.07e+03	1.17e+03	2.04e+14	3.49e+13	2.02e+41	1.25e+41
59538.24	9.07e+03	1.17e+03	1.12e+14	1.90e+13	6.03e+40	3.73e+40
59541.32	9.07e+03	1.17e+03	1.40e+14	2.39e+13	9.52e+40	5.89e+40
59545.33	9.07e+03	1.17e+03	2.52e+14	4.29e+13	3.06e+41	1.89e+41
59739.60	9.07e+03	1.17e+03	1.34e+14	2.28e+13	8.67e+40	5.37e+40
59739.61	9.07e+03	1.17e+03	3.07e+14	5.23e+13	4.55e+41	2.82e+41
59740.60	9.07e+03	1.17e+03	9.12e+13	1.55e+13	4.02e+40	2.49e+40
59757.59	9.07e+03	1.17e+03	1.84e+14	3.13e+13	1.63e+41	1.01e+41
59765.57	9.07e+03	1.17e+03	6.01e+13	1.03e+13	1.75e+40	1.08e+40
59774.56	9.07e+03	1.17e+03	1.75e+14	2.98e+13	1.47e+41	9.12e+40
59776.55	9.07e+03	1.17e+03	2.15e+14	3.66e+13	2.23e+41	1.38e+41
59795.53	9.07e+03	1.17e+03	2.04e+14	3.47e+13	2.01e+41	1.24e+41
59795.53	9.07e+03	1.17e+03	7.74e+13	1.32e+13	2.90e+40	1.79e+40
59810.45	9.07e+03	1.17e+03	2.38e+14	4.06e+13	2.74e+41	1.69e+41
59825.44	9.07e+03	1.17e+03	3.82e+13	6.51e+12	7.04e+39	4.36e+39
59825.45	9.07e+03	1.17e+03	1.50e+14	2.56e+13	1.09e+41	6.74e+40
59830.43	9.07e+03	1.17e+03	1.90e+14	3.24e+13	1.74e+41	1.08e+41
59841.38	9.07e+03	1.17e+03	1.90e+14	3.23e+13	1.74e+41	1.08e+41
59842.38	9.07e+03	1.17e+03	5.72e+13	9.76e+12	1.58e+40	9.80e+39
59850.39	9.07e+03	1.17e+03	1.03e+14	1.76e+13	5.17e+40	3.20e+40
59854.48	9.07e+03	1.17e+03	1.26e+14	2.15e+13	7.69e+40	4.76e+40
59867.48	9.07e+03	1.17e+03	2.50e+14	4.26e+13	3.02e+41	1.87e+41
59876.39	9.07e+03	1.17e+03	1.17e+14	1.99e+13	6.61e+40	4.09e+40
59876.40	9.07e+03	1.17e+03	1.47e+14	2.51e+13	1.05e+41	6.49e+40
59881.28	9.07e+03	1.17e+03	1.65e+14	2.82e+13	1.32e+41	8.17e+40
59881.28	9.07e+03	1.17e+03	1.85e+14	3.15e+13	1.65e+41	1.02e+41
59908.22	9.07e+03	1.17e+03	2.58e+14	4.40e+13	3.21e+41	1.99e+41
