# ph	Lobs	err	L+BB	err	

59036.59	8.24e+40	8.20e+40	2.15e+41	1.11e+41
59051.56	3.95e+40	3.93e+40	1.03e+41	5.31e+40
59051.56	7.07e+40	7.03e+40	1.84e+41	9.49e+40
59055.54	4.10e+39	4.08e+39	1.07e+40	5.51e+39
59060.50	1.41e+41	1.40e+41	3.67e+41	1.89e+41
59077.47	8.87e+40	8.82e+40	2.31e+41	1.19e+41
59079.49	1.98e+40	1.97e+40	5.15e+40	2.65e+40
59079.49	3.23e+40	3.21e+40	8.42e+40	4.34e+40
59093.41	7.28e+40	7.24e+40	1.90e+41	9.78e+40
59100.43	4.56e+40	4.53e+40	1.19e+41	6.12e+40
59100.43	2.61e+40	2.60e+40	6.82e+40	3.51e+40
59101.43	5.27e+41	5.24e+41	1.37e+42	7.08e+41
59101.45	2.91e+41	2.90e+41	7.60e+41	3.91e+41
59101.45	3.84e+41	3.82e+41	1.00e+42	5.16e+41
59103.40	5.02e+40	4.99e+40	1.31e+41	6.74e+40
59103.50	9.73e+40	9.68e+40	2.54e+41	1.31e+41
59103.50	9.14e+41	9.09e+41	2.38e+42	1.23e+42
59103.52	1.22e+41	1.21e+41	3.18e+41	1.63e+41
59105.48	8.10e+40	8.06e+40	2.11e+41	1.09e+41
59105.48	9.54e+40	9.48e+40	2.49e+41	1.28e+41
59105.54	5.59e+41	5.56e+41	1.46e+42	7.51e+41
59107.36	5.98e+41	5.95e+41	1.56e+42	8.04e+41
59107.49	4.31e+41	4.28e+41	1.12e+42	5.78e+41
59107.49	1.65e+41	1.64e+41	4.31e+41	2.22e+41
59107.50	4.49e+41	4.47e+41	1.17e+42	6.03e+41
59107.53	4.56e+41	4.54e+41	1.19e+42	6.13e+41
59107.54	3.12e+41	3.10e+41	8.14e+41	4.19e+41
59108.39	9.96e+41	9.90e+41	2.60e+42	1.34e+42
59108.39	9.96e+41	9.90e+41	2.60e+42	1.34e+42
59109.32	2.07e+42	2.06e+42	5.41e+42	2.79e+42
59109.32	2.07e+42	2.06e+42	5.41e+42	2.79e+42
59109.40	2.01e+42	2.00e+42	5.24e+42	2.70e+42
59109.40	1.39e+42	1.38e+42	3.63e+42	1.87e+42
59109.41	2.20e+42	2.18e+42	5.73e+42	2.95e+42
59109.41	1.60e+42	1.59e+42	4.17e+42	2.15e+42
59109.43	1.37e+42	1.36e+42	3.57e+42	1.84e+42
59110.35	2.51e+42	2.50e+42	6.55e+42	3.37e+42
59110.36	2.04e+42	2.03e+42	5.33e+42	2.74e+42
59111.37	2.61e+42	2.60e+42	6.82e+42	3.51e+42
59111.40	2.39e+42	2.38e+42	6.24e+42	3.21e+42
59111.40	2.19e+42	2.18e+42	5.72e+42	2.94e+42
59111.40	6.23e+41	6.19e+41	1.62e+42	8.36e+41
59111.44	3.18e+42	3.17e+42	8.31e+42	4.28e+42
59111.50	2.23e+42	2.22e+42	5.83e+42	3.00e+42
59111.51	2.68e+42	2.66e+42	6.98e+42	3.60e+42
59112.50	2.27e+42	2.25e+42	5.91e+42	3.04e+42
59112.55	2.78e+42	2.76e+42	7.24e+42	3.73e+42
59113.30	2.52e+42	2.51e+42	6.57e+42	3.38e+42
59113.34	2.26e+42	2.24e+42	5.89e+42	3.03e+42
59113.39	2.67e+42	2.66e+42	6.97e+42	3.59e+42
59113.46	2.40e+42	2.38e+42	6.25e+42	3.22e+42
59113.46	2.40e+42	2.38e+42	6.25e+42	3.22e+42
59113.47	3.23e+42	3.21e+42	8.43e+42	4.34e+42
59113.47	2.24e+42	2.22e+42	5.83e+42	3.00e+42
59113.48	2.20e+42	2.19e+42	5.75e+42	2.96e+42
59114.32	2.63e+42	2.61e+42	6.85e+42	3.53e+42
59115.31	2.56e+42	2.55e+42	6.68e+42	3.44e+42
59115.50	2.28e+42	2.27e+42	5.96e+42	3.07e+42
59115.50	2.35e+42	2.34e+42	6.13e+42	3.16e+42
59115.51	3.10e+42	3.08e+42	8.08e+42	4.16e+42
59115.52	3.26e+42	3.24e+42	8.51e+42	4.38e+42
59116.26	2.41e+42	2.40e+42	6.28e+42	3.23e+42
59116.31	2.38e+42	2.37e+42	6.21e+42	3.20e+42
59116.34	2.51e+42	2.49e+42	6.54e+42	3.37e+42
59116.36	2.51e+42	2.49e+42	6.54e+42	3.37e+42
59117.29	2.46e+42	2.45e+42	6.42e+42	3.30e+42
59117.37	2.54e+42	2.52e+42	6.62e+42	3.41e+42
59117.37	2.68e+42	2.67e+42	7.00e+42	3.60e+42
59117.38	2.21e+42	2.20e+42	5.78e+42	2.97e+42
59117.42	2.33e+42	2.32e+42	6.08e+42	3.13e+42
59117.44	2.42e+42	2.41e+42	6.32e+42	3.25e+42
59117.47	2.77e+42	2.75e+42	7.21e+42	3.71e+42
59117.47	2.53e+42	2.52e+42	6.60e+42	3.40e+42
59118.26	2.19e+42	2.17e+42	5.70e+42	2.94e+42
59118.35	2.23e+42	2.22e+42	5.82e+42	3.00e+42
59118.36	2.54e+42	2.53e+42	6.63e+42	3.42e+42
59118.37	2.37e+42	2.36e+42	6.19e+42	3.18e+42
59118.37	2.23e+42	2.22e+42	5.81e+42	2.99e+42
59119.34	2.13e+42	2.11e+42	5.54e+42	2.85e+42
59119.36	2.27e+42	2.26e+42	5.93e+42	3.06e+42
59119.37	2.75e+42	2.74e+42	7.17e+42	3.69e+42
59119.38	2.82e+42	2.80e+42	7.35e+42	3.78e+42
59119.38	2.59e+42	2.58e+42	6.76e+42	3.48e+42
59119.41	2.21e+42	2.20e+42	5.76e+42	2.97e+42
59120.28	2.28e+42	2.27e+42	5.95e+42	3.06e+42
59120.37	2.51e+42	2.50e+42	6.55e+42	3.37e+42
59120.38	1.70e+42	1.69e+42	4.43e+42	2.28e+42
59121.31	2.17e+42	2.16e+42	5.67e+42	2.92e+42
59121.43	1.93e+42	1.92e+42	5.03e+42	2.59e+42
59121.43	2.04e+42	2.03e+42	5.31e+42	2.74e+42
59121.47	2.88e+42	2.86e+42	7.51e+42	3.87e+42
59121.47	2.00e+42	1.99e+42	5.21e+42	2.68e+42
59126.36	2.16e+42	2.15e+42	5.63e+42	2.90e+42
59127.36	2.36e+42	2.34e+42	6.15e+42	3.16e+42
59127.36	2.19e+42	2.18e+42	5.72e+42	2.94e+42
59127.44	3.95e+42	3.93e+42	1.03e+43	5.31e+42
59127.45	3.03e+42	3.02e+42	7.91e+42	4.07e+42
59127.46	3.42e+42	3.41e+42	8.93e+42	4.60e+42
59129.27	2.14e+42	2.13e+42	5.58e+42	2.87e+42
59129.33	1.41e+42	1.40e+42	3.67e+42	1.89e+42
59129.46	2.47e+42	2.46e+42	6.45e+42	3.32e+42
59129.47	2.57e+42	2.56e+42	6.71e+42	3.45e+42
59129.47	2.45e+42	2.44e+42	6.39e+42	3.29e+42
59129.49	2.40e+42	2.39e+42	6.26e+42	3.22e+42
59130.48	1.78e+42	1.77e+42	4.64e+42	2.39e+42
59130.48	2.18e+42	2.16e+42	5.68e+42	2.92e+42
59131.24	2.05e+42	2.04e+42	5.34e+42	2.75e+42
59131.32	1.63e+42	1.63e+42	4.26e+42	2.19e+42
59131.46	2.30e+42	2.29e+42	5.99e+42	3.09e+42
59131.46	1.93e+42	1.92e+42	5.05e+42	2.60e+42
59131.49	1.60e+42	1.59e+42	4.17e+42	2.14e+42
59131.50	2.17e+42	2.16e+42	5.67e+42	2.92e+42
59132.45	1.28e+42	1.28e+42	3.35e+42	1.72e+42
59133.40	2.70e+42	2.68e+42	7.04e+42	3.62e+42
59133.41	1.96e+42	1.95e+42	5.12e+42	2.64e+42
59133.41	2.46e+42	2.45e+42	6.43e+42	3.31e+42
59133.43	1.55e+42	1.54e+42	4.04e+42	2.08e+42
59134.27	1.27e+42	1.26e+42	3.30e+42	1.70e+42
59134.30	1.88e+42	1.87e+42	4.91e+42	2.53e+42
59135.43	1.44e+42	1.44e+42	3.76e+42	1.94e+42
59135.43	1.26e+42	1.25e+42	3.29e+42	1.69e+42
59135.43	8.31e+41	8.27e+41	2.17e+42	1.12e+42
59135.45	2.19e+42	2.17e+42	5.70e+42	2.94e+42
59136.30	1.90e+42	1.89e+42	4.95e+42	2.55e+42
59136.34	1.06e+42	1.05e+42	2.76e+42	1.42e+42
59137.42	1.69e+42	1.68e+42	4.42e+42	2.27e+42
59137.43	1.96e+42	1.95e+42	5.11e+42	2.63e+42
59137.43	1.90e+42	1.89e+42	4.96e+42	2.55e+42
59137.44	2.15e+42	2.14e+42	5.62e+42	2.89e+42
59137.45	1.70e+42	1.69e+42	4.42e+42	2.28e+42
59137.46	1.09e+42	1.08e+42	2.84e+42	1.46e+42
59138.23	9.92e+41	9.87e+41	2.59e+42	1.33e+42
59138.31	1.77e+42	1.76e+42	4.62e+42	2.38e+42
59139.41	1.25e+42	1.25e+42	3.27e+42	1.69e+42
59139.41	1.16e+42	1.16e+42	3.03e+42	1.56e+42
59139.42	1.23e+42	1.23e+42	3.22e+42	1.66e+42
59139.43	1.82e+42	1.81e+42	4.76e+42	2.45e+42
59140.25	1.79e+42	1.78e+42	4.68e+42	2.41e+42
59140.28	1.05e+42	1.04e+42	2.73e+42	1.41e+42
59141.38	1.82e+42	1.81e+42	4.75e+42	2.45e+42
59141.38	1.27e+42	1.26e+42	3.31e+42	1.70e+42
59141.41	2.12e+42	2.11e+42	5.54e+42	2.85e+42
59141.42	1.56e+42	1.55e+42	4.08e+42	2.10e+42
59142.27	9.65e+41	9.60e+41	2.52e+42	1.30e+42
59142.27	1.42e+42	1.41e+42	3.70e+42	1.91e+42
59143.26	1.58e+42	1.57e+42	4.11e+42	2.12e+42
59143.27	5.71e+41	5.68e+41	1.49e+42	7.67e+41
59143.29	1.38e+42	1.38e+42	3.61e+42	1.86e+42
59143.31	1.30e+42	1.29e+42	3.40e+42	1.75e+42
59143.40	7.13e+41	7.09e+41	1.86e+42	9.57e+41
59143.40	7.38e+41	7.34e+41	1.93e+42	9.91e+41
59143.41	3.36e+41	3.35e+41	8.78e+41	4.52e+41
59144.21	1.59e+42	1.58e+42	4.14e+42	2.13e+42
59144.33	8.57e+41	8.52e+41	2.24e+42	1.15e+42
59145.29	9.44e+41	9.39e+41	2.46e+42	1.27e+42
59145.29	1.76e+42	1.75e+42	4.60e+42	2.37e+42
59145.40	1.60e+42	1.59e+42	4.17e+42	2.14e+42
59145.40	1.46e+42	1.46e+42	3.82e+42	1.97e+42
59145.41	1.56e+42	1.55e+42	4.06e+42	2.09e+42
59145.42	1.47e+42	1.46e+42	3.83e+42	1.97e+42
59147.38	1.87e+42	1.86e+42	4.87e+42	2.51e+42
59147.39	1.35e+42	1.35e+42	3.53e+42	1.82e+42
59147.39	1.36e+42	1.36e+42	3.56e+42	1.83e+42
59147.40	1.17e+42	1.17e+42	3.06e+42	1.58e+42
59147.42	7.40e+41	7.35e+41	1.93e+42	9.93e+41
59147.42	1.48e+42	1.47e+42	3.86e+42	1.99e+42
59148.30	4.65e+41	4.62e+41	1.21e+42	6.24e+41
59148.31	1.22e+42	1.21e+42	3.18e+42	1.64e+42
59148.31	2.26e+42	2.25e+42	5.91e+42	3.04e+42
59154.41	1.46e+42	1.45e+42	3.80e+42	1.96e+42
59154.41	1.72e+42	1.71e+42	4.48e+42	2.31e+42
59155.26	1.68e+42	1.67e+42	4.38e+42	2.25e+42
59155.50	3.64e+42	3.62e+42	9.48e+42	4.88e+42
59157.33	1.49e+42	1.48e+42	3.87e+42	1.99e+42
59157.38	1.86e+42	1.85e+42	4.85e+42	2.50e+42
59157.38	1.78e+42	1.77e+42	4.64e+42	2.39e+42
59157.39	1.93e+42	1.92e+42	5.02e+42	2.59e+42
59157.40	1.92e+42	1.91e+42	5.01e+42	2.58e+42
59158.39	1.89e+42	1.88e+42	4.93e+42	2.54e+42
59159.34	1.53e+43	1.52e+43	3.98e+43	2.05e+43
59160.35	1.77e+42	1.76e+42	4.62e+42	2.38e+42
59160.36	5.68e+42	5.65e+42	1.48e+43	7.63e+42
59160.36	1.12e+42	1.11e+42	2.91e+42	1.50e+42
59161.37	2.03e+42	2.02e+42	5.31e+42	2.73e+42
59161.38	1.34e+42	1.34e+42	3.50e+42	1.80e+42
59161.39	1.49e+42	1.48e+42	3.88e+42	2.00e+42
59163.35	1.61e+42	1.60e+42	4.21e+42	2.17e+42
59163.36	3.99e+41	3.97e+41	1.04e+42	5.36e+41
59163.42	4.27e+41	4.24e+41	1.11e+42	5.73e+41
59163.42	9.64e+41	9.59e+41	2.52e+42	1.29e+42
59163.43	2.45e+41	2.44e+41	6.39e+41	3.29e+41
59163.44	2.40e+41	2.39e+41	6.27e+41	3.23e+41
59167.23	1.17e+42	1.16e+42	3.05e+42	1.57e+42
59169.19	1.10e+42	1.09e+42	2.87e+42	1.48e+42
59169.22	4.76e+41	4.74e+41	1.24e+42	6.39e+41
59169.22	1.49e+42	1.48e+42	3.89e+42	2.00e+42
59169.33	1.89e+42	1.88e+42	4.92e+42	2.53e+42
59169.35	7.50e+41	7.46e+41	1.96e+42	1.01e+42
59169.35	1.43e+42	1.42e+42	3.73e+42	1.92e+42
59169.36	1.45e+42	1.44e+42	3.79e+42	1.95e+42
59173.22	1.15e+42	1.14e+42	2.99e+42	1.54e+42
59173.38	3.46e+41	3.44e+41	9.02e+41	4.65e+41
59173.38	1.04e+42	1.04e+42	2.72e+42	1.40e+42
59182.36	8.43e+41	8.38e+41	2.20e+42	1.13e+42
59182.36	1.08e+42	1.07e+42	2.81e+42	1.45e+42
59185.37	9.92e+41	9.87e+41	2.59e+42	1.33e+42
59185.38	1.48e+42	1.47e+42	3.86e+42	1.99e+42
59185.38	2.25e+41	2.24e+41	5.88e+41	3.03e+41
59185.39	6.32e+40	6.29e+40	1.65e+41	8.49e+40
59186.35	8.12e+41	8.08e+41	2.12e+42	1.09e+42
59186.35	9.47e+41	9.41e+41	2.47e+42	1.27e+42
59187.36	1.04e+42	1.03e+42	2.71e+42	1.40e+42
59187.37	1.87e+42	1.86e+42	4.89e+42	2.52e+42
59187.37	1.30e+42	1.29e+42	3.38e+42	1.74e+42
59187.38	1.12e+42	1.11e+42	2.92e+42	1.50e+42
59189.29	7.04e+41	7.00e+41	1.84e+42	9.46e+41
59189.29	1.43e+42	1.42e+42	3.72e+42	1.92e+42
59189.31	8.07e+41	8.03e+41	2.11e+42	1.08e+42
59190.29	1.52e+41	1.51e+41	3.95e+41	2.04e+41
59190.29	8.35e+41	8.31e+41	2.18e+42	1.12e+42
59191.26	3.70e+41	3.68e+41	9.64e+41	4.96e+41
59191.26	2.28e+41	2.27e+41	5.95e+41	3.06e+41
59191.27	4.78e+41	4.76e+41	1.25e+42	6.42e+41
59191.28	1.92e+41	1.91e+41	5.00e+41	2.58e+41
59192.31	6.48e+41	6.44e+41	1.69e+42	8.70e+41
59192.31	1.80e+41	1.79e+41	4.71e+41	2.42e+41
59193.30	4.80e+41	4.78e+41	1.25e+42	6.45e+41
59193.30	5.97e+41	5.93e+41	1.56e+42	8.01e+41
59193.32	1.06e+42	1.05e+42	2.77e+42	1.42e+42
59193.33	1.15e+42	1.15e+42	3.01e+42	1.55e+42
59195.32	1.47e+41	1.46e+41	3.83e+41	1.97e+41
59195.32	2.64e+41	2.62e+41	6.88e+41	3.54e+41
59195.34	2.34e+40	2.33e+40	6.11e+40	3.15e+40
59195.34	3.03e+41	3.02e+41	7.91e+41	4.07e+41
59197.27	2.01e+41	1.99e+41	5.23e+41	2.69e+41
59197.27	6.48e+41	6.45e+41	1.69e+42	8.71e+41
59197.30	4.48e+41	4.45e+41	1.17e+42	6.01e+41
59199.28	2.01e+41	2.00e+41	5.24e+41	2.70e+41
59199.32	2.33e+41	2.32e+41	6.08e+41	3.13e+41
59381.58	1.76e+41	1.75e+41	4.60e+41	2.37e+41
59381.58	5.38e+40	5.35e+40	1.40e+41	7.22e+40
59385.60	3.54e+38	3.52e+38	9.24e+38	4.76e+38
59390.60	2.20e+41	2.19e+41	5.75e+41	2.96e+41
59390.60	2.74e+40	2.72e+40	7.14e+40	3.68e+40
59400.57	5.96e+40	5.92e+40	1.55e+41	8.00e+40
59400.57	4.85e+40	4.82e+40	1.26e+41	6.51e+40
59401.56	7.97e+40	7.92e+40	2.08e+41	1.07e+41
59410.56	4.39e+39	4.37e+39	1.15e+40	5.90e+39
59412.51	1.17e+41	1.16e+41	3.05e+41	1.57e+41
59417.52	4.95e+40	4.92e+40	1.29e+41	6.65e+40
59417.52	2.96e+41	2.94e+41	7.72e+41	3.97e+41
59420.56	2.11e+41	2.09e+41	5.49e+41	2.83e+41
59428.52	1.68e+41	1.67e+41	4.39e+41	2.26e+41
59428.53	1.42e+39	1.41e+39	3.71e+39	1.91e+39
59431.48	1.29e+41	1.29e+41	3.37e+41	1.74e+41
59438.62	9.11e+39	9.06e+39	2.38e+40	1.22e+40
59446.59	9.01e+40	8.96e+40	2.35e+41	1.21e+41
59448.60	1.49e+41	1.48e+41	3.89e+41	2.00e+41
59455.60	1.17e+41	1.17e+41	3.06e+41	1.57e+41
59455.60	9.52e+39	9.47e+39	2.48e+40	1.28e+40
59458.58	1.07e+40	1.06e+40	2.79e+40	1.44e+40
59464.39	2.33e+40	2.32e+40	6.08e+40	3.13e+40
59467.56	4.19e+40	4.17e+40	1.09e+41	5.63e+40
59467.57	9.41e+40	9.36e+40	2.46e+41	1.26e+41
59485.52	2.96e+40	2.94e+40	7.72e+40	3.98e+40
59491.50	7.12e+40	7.08e+40	1.86e+41	9.56e+40
59491.50	1.45e+38	1.44e+38	3.39e+38	1.78e+38
59510.44	1.92e+41	1.91e+41	5.00e+41	2.58e+41
59514.41	3.14e+40	3.12e+40	8.19e+40	4.22e+40
59519.28	7.07e+40	7.03e+40	1.84e+41	9.49e+40
59530.37	1.37e+40	1.36e+40	3.56e+40	1.83e+40
59537.32	7.71e+40	7.67e+40	2.01e+41	1.04e+41
59538.24	2.30e+40	2.29e+40	6.00e+40	3.09e+40
59541.32	3.64e+40	3.62e+40	9.48e+40	4.88e+40
59545.33	1.17e+41	1.16e+41	3.05e+41	1.57e+41
59739.60	3.31e+40	3.29e+40	8.63e+40	4.44e+40
59739.61	1.74e+41	1.73e+41	4.53e+41	2.33e+41
59740.60	1.53e+40	1.53e+40	4.00e+40	2.06e+40
59757.59	6.23e+40	6.19e+40	1.62e+41	8.36e+40
59765.57	6.67e+39	6.63e+39	1.74e+40	8.96e+39
59774.56	5.63e+40	5.59e+40	1.47e+41	7.55e+40
59776.55	8.51e+40	8.46e+40	2.22e+41	1.14e+41
59795.53	7.66e+40	7.62e+40	2.00e+41	1.03e+41
59795.53	1.11e+40	1.10e+40	2.89e+40	1.49e+40
59810.45	1.04e+41	1.04e+41	2.72e+41	1.40e+41
59825.44	2.69e+39	2.67e+39	7.01e+39	3.61e+39
59825.45	4.16e+40	4.14e+40	1.08e+41	5.58e+40
59830.43	6.65e+40	6.61e+40	1.73e+41	8.93e+40
59841.38	6.64e+40	6.60e+40	1.73e+41	8.92e+40
59842.38	6.04e+39	6.01e+39	1.58e+40	8.12e+39
59850.39	1.97e+40	1.96e+40	5.14e+40	2.65e+40
59854.48	2.94e+40	2.92e+40	7.66e+40	3.94e+40
59867.48	1.15e+41	1.15e+41	3.01e+41	1.55e+41
59876.39	2.52e+40	2.51e+40	6.59e+40	3.39e+40
59876.40	4.00e+40	3.98e+40	1.04e+41	5.37e+40
59881.28	5.04e+40	5.01e+40	1.31e+41	6.76e+40
59881.28	6.29e+40	6.26e+40	1.64e+41	8.45e+40
59908.22	1.23e+41	1.22e+41	3.20e+41	1.65e+41

#KEY
# Lobs = integrate observed fluxes with no BB fit
# L+BB = observed flux + BB fit extrapolation
# See logL-obs_2020tly_gwrizy.txt and logL-bb_2020tly_gwrizy.txt for simple LC files
# Methodology:
# filters used:gwrizy
# redshift used:0.058
# extinction used:0.0
# Wavelengths used in observer frame (data already K-corrected?)
# BB fit below 1A suppressed by factor (lamda/1)^0