##phase	g	err	w	err	r	err	i	err	z	err	y	err	
#
59036.59	22.79	1.20	22.79	1.20	22.79	1.20	22.79	1.20	22.79	1.20	22.79	1.20
59051.56	23.59	1.20	23.59	1.20	23.59	1.20	23.59	1.20	23.59	1.20	23.59	1.20
59051.56	22.95	1.20	22.95	1.20	22.95	1.20	22.95	1.20	22.95	1.20	22.95	1.20
59055.54	26.05	1.20	26.05	1.20	26.05	1.20	26.05	1.20	26.05	1.20	26.05	1.20
59060.50	22.21	1.20	22.21	1.20	22.21	1.20	22.21	1.20	22.21	1.20	22.21	1.20
59077.47	22.71	1.20	22.71	1.20	22.71	1.20	22.71	1.20	22.71	1.20	22.71	1.20
59079.49	24.34	1.20	24.34	1.20	24.34	1.20	24.34	1.20	24.34	1.20	24.34	1.20
59079.49	23.81	1.20	23.81	1.20	23.81	1.20	23.81	1.20	23.81	1.20	23.81	1.20
59093.41	22.92	1.20	22.92	1.20	22.92	1.20	22.92	1.20	22.92	1.20	22.92	1.20
59100.43	23.43	1.20	23.43	1.20	23.43	1.20	23.43	1.20	23.43	1.20	23.43	1.20
59100.43	24.04	1.20	24.04	1.20	24.04	1.20	24.04	1.20	24.04	1.20	24.04	1.20
59101.43	20.77	1.20	20.77	1.20	20.77	1.20	20.77	1.20	20.77	1.20	20.77	1.20
59101.45	21.42	1.20	21.42	1.20	21.42	1.20	21.42	1.20	21.42	1.20	21.42	1.20
59101.45	21.12	1.20	21.12	1.20	21.12	1.20	21.12	1.20	21.12	1.20	21.12	1.20
59103.40	23.33	1.20	23.33	1.20	23.33	1.20	23.33	1.20	23.33	1.20	23.33	1.20
59103.50	22.61	1.20	22.61	1.20	22.61	1.20	22.61	1.20	22.61	1.20	22.61	1.20
59103.50	20.18	1.20	20.18	1.20	20.18	1.20	20.18	1.20	20.18	1.20	20.18	1.20
59103.52	22.36	1.20	22.36	1.20	22.36	1.20	22.36	1.20	22.36	1.20	22.36	1.20
59105.48	22.81	1.20	22.81	1.20	22.81	1.20	22.81	1.20	22.81	1.20	22.81	1.20
59105.48	22.63	1.20	22.63	1.20	22.63	1.20	22.63	1.20	22.63	1.20	22.63	1.20
59105.54	20.71	1.20	20.71	1.20	20.71	1.20	20.71	1.20	20.71	1.20	20.71	1.20
59107.36	20.64	1.20	20.64	1.20	20.64	1.20	20.64	1.20	20.64	1.20	20.64	1.20
59107.49	20.99	1.20	20.99	1.20	20.99	1.20	20.99	1.20	20.99	1.20	20.99	1.20
59107.49	22.03	1.20	22.03	1.20	22.03	1.20	22.03	1.20	22.03	1.20	22.03	1.20
59107.50	20.95	1.20	20.95	1.20	20.95	1.20	20.95	1.20	20.95	1.20	20.95	1.20
59107.53	20.93	1.20	20.93	1.20	20.93	1.20	20.93	1.20	20.93	1.20	20.93	1.20
59107.54	21.34	1.20	21.34	1.20	21.34	1.20	21.34	1.20	21.34	1.20	21.34	1.20
59108.39	20.08	1.20	20.08	1.20	20.08	1.20	20.08	1.20	20.08	1.20	20.08	1.20
59108.39	20.08	1.20	20.08	1.20	20.08	1.20	20.08	1.20	20.08	1.20	20.08	1.20
59109.32	19.29	1.20	19.29	1.20	19.29	1.20	19.29	1.20	19.29	1.20	19.29	1.20
59109.32	19.29	1.20	19.29	1.20	19.29	1.20	19.29	1.20	19.29	1.20	19.29	1.20
59109.40	19.32	1.20	19.32	1.20	19.32	1.20	19.32	1.20	19.32	1.20	19.32	1.20
59109.40	19.72	1.20	19.72	1.20	19.72	1.20	19.72	1.20	19.72	1.20	19.72	1.20
59109.41	19.22	1.20	19.22	1.20	19.22	1.20	19.22	1.20	19.22	1.20	19.22	1.20
59109.41	19.57	1.20	19.57	1.20	19.57	1.20	19.57	1.20	19.57	1.20	19.57	1.20
59109.43	19.74	1.20	19.74	1.20	19.74	1.20	19.74	1.20	19.74	1.20	19.74	1.20
59110.35	19.08	1.20	19.08	1.20	19.08	1.20	19.08	1.20	19.08	1.20	19.08	1.20
59110.36	19.30	1.20	19.30	1.20	19.30	1.20	19.30	1.20	19.30	1.20	19.30	1.20
59111.37	19.04	1.20	19.04	1.20	19.04	1.20	19.04	1.20	19.04	1.20	19.04	1.20
59111.40	19.13	1.20	19.13	1.20	19.13	1.20	19.13	1.20	19.13	1.20	19.13	1.20
59111.40	19.23	1.20	19.23	1.20	19.23	1.20	19.23	1.20	19.23	1.20	19.23	1.20
59111.40	20.59	1.20	20.59	1.20	20.59	1.20	20.59	1.20	20.59	1.20	20.59	1.20
59111.44	18.82	1.20	18.82	1.20	18.82	1.20	18.82	1.20	18.82	1.20	18.82	1.20
59111.50	19.21	1.20	19.21	1.20	19.21	1.20	19.21	1.20	19.21	1.20	19.21	1.20
59111.51	19.01	1.20	19.01	1.20	19.01	1.20	19.01	1.20	19.01	1.20	19.01	1.20
59112.50	19.19	1.20	19.19	1.20	19.19	1.20	19.19	1.20	19.19	1.20	19.19	1.20
59112.55	18.97	1.20	18.97	1.20	18.97	1.20	18.97	1.20	18.97	1.20	18.97	1.20
59113.30	19.07	1.20	19.07	1.20	19.07	1.20	19.07	1.20	19.07	1.20	19.07	1.20
59113.34	19.20	1.20	19.20	1.20	19.20	1.20	19.20	1.20	19.20	1.20	19.20	1.20
59113.39	19.01	1.20	19.01	1.20	19.01	1.20	19.01	1.20	19.01	1.20	19.01	1.20
59113.46	19.13	1.20	19.13	1.20	19.13	1.20	19.13	1.20	19.13	1.20	19.13	1.20
59113.46	19.13	1.20	19.13	1.20	19.13	1.20	19.13	1.20	19.13	1.20	19.13	1.20
59113.47	18.80	1.20	18.80	1.20	18.80	1.20	18.80	1.20	18.80	1.20	18.80	1.20
59113.47	19.20	1.20	19.20	1.20	19.20	1.20	19.20	1.20	19.20	1.20	19.20	1.20
59113.48	19.22	1.20	19.22	1.20	19.22	1.20	19.22	1.20	19.22	1.20	19.22	1.20
59114.32	19.03	1.20	19.03	1.20	19.03	1.20	19.03	1.20	19.03	1.20	19.03	1.20
59115.31	19.06	1.20	19.06	1.20	19.06	1.20	19.06	1.20	19.06	1.20	19.06	1.20
59115.50	19.18	1.20	19.18	1.20	19.18	1.20	19.18	1.20	19.18	1.20	19.18	1.20
59115.50	19.15	1.20	19.15	1.20	19.15	1.20	19.15	1.20	19.15	1.20	19.15	1.20
59115.51	18.85	1.20	18.85	1.20	18.85	1.20	18.85	1.20	18.85	1.20	18.85	1.20
59115.52	18.80	1.20	18.80	1.20	18.80	1.20	18.80	1.20	18.80	1.20	18.80	1.20
59116.26	19.12	1.20	19.12	1.20	19.12	1.20	19.12	1.20	19.12	1.20	19.12	1.20
59116.31	19.14	1.20	19.14	1.20	19.14	1.20	19.14	1.20	19.14	1.20	19.14	1.20
59116.34	19.08	1.20	19.08	1.20	19.08	1.20	19.08	1.20	19.08	1.20	19.08	1.20
59116.36	19.08	1.20	19.08	1.20	19.08	1.20	19.08	1.20	19.08	1.20	19.08	1.20
59117.29	19.10	1.20	19.10	1.20	19.10	1.20	19.10	1.20	19.10	1.20	19.10	1.20
59117.37	19.07	1.20	19.07	1.20	19.07	1.20	19.07	1.20	19.07	1.20	19.07	1.20
59117.37	19.01	1.20	19.01	1.20	19.01	1.20	19.01	1.20	19.01	1.20	19.01	1.20
59117.38	19.21	1.20	19.21	1.20	19.21	1.20	19.21	1.20	19.21	1.20	19.21	1.20
59117.42	19.16	1.20	19.16	1.20	19.16	1.20	19.16	1.20	19.16	1.20	19.16	1.20
59117.44	19.12	1.20	19.12	1.20	19.12	1.20	19.12	1.20	19.12	1.20	19.12	1.20
59117.47	18.97	1.20	18.97	1.20	18.97	1.20	18.97	1.20	18.97	1.20	18.97	1.20
59117.47	19.07	1.20	19.07	1.20	19.07	1.20	19.07	1.20	19.07	1.20	19.07	1.20
59118.26	19.23	1.20	19.23	1.20	19.23	1.20	19.23	1.20	19.23	1.20	19.23	1.20
59118.35	19.21	1.20	19.21	1.20	19.21	1.20	19.21	1.20	19.21	1.20	19.21	1.20
59118.36	19.07	1.20	19.07	1.20	19.07	1.20	19.07	1.20	19.07	1.20	19.07	1.20
59118.37	19.14	1.20	19.14	1.20	19.14	1.20	19.14	1.20	19.14	1.20	19.14	1.20
59118.37	19.21	1.20	19.21	1.20	19.21	1.20	19.21	1.20	19.21	1.20	19.21	1.20
59119.34	19.26	1.20	19.26	1.20	19.26	1.20	19.26	1.20	19.26	1.20	19.26	1.20
59119.36	19.19	1.20	19.19	1.20	19.19	1.20	19.19	1.20	19.19	1.20	19.19	1.20
59119.37	18.98	1.20	18.98	1.20	18.98	1.20	18.98	1.20	18.98	1.20	18.98	1.20
59119.38	18.95	1.20	18.95	1.20	18.95	1.20	18.95	1.20	18.95	1.20	18.95	1.20
59119.38	19.04	1.20	19.04	1.20	19.04	1.20	19.04	1.20	19.04	1.20	19.04	1.20
59119.41	19.22	1.20	19.22	1.20	19.22	1.20	19.22	1.20	19.22	1.20	19.22	1.20
59120.28	19.18	1.20	19.18	1.20	19.18	1.20	19.18	1.20	19.18	1.20	19.18	1.20
59120.37	19.08	1.20	19.08	1.20	19.08	1.20	19.08	1.20	19.08	1.20	19.08	1.20
59120.38	19.50	1.20	19.50	1.20	19.50	1.20	19.50	1.20	19.50	1.20	19.50	1.20
59121.31	19.23	1.20	19.23	1.20	19.23	1.20	19.23	1.20	19.23	1.20	19.23	1.20
59121.43	19.36	1.20	19.36	1.20	19.36	1.20	19.36	1.20	19.36	1.20	19.36	1.20
59121.43	19.31	1.20	19.31	1.20	19.31	1.20	19.31	1.20	19.31	1.20	19.31	1.20
59121.47	18.93	1.20	18.93	1.20	18.93	1.20	18.93	1.20	18.93	1.20	18.93	1.20
59121.47	19.33	1.20	19.33	1.20	19.33	1.20	19.33	1.20	19.33	1.20	19.33	1.20
59126.36	19.24	1.20	19.24	1.20	19.24	1.20	19.24	1.20	19.24	1.20	19.24	1.20
59127.36	19.15	1.20	19.15	1.20	19.15	1.20	19.15	1.20	19.15	1.20	19.15	1.20
59127.36	19.23	1.20	19.23	1.20	19.23	1.20	19.23	1.20	19.23	1.20	19.23	1.20
59127.44	18.59	1.20	18.59	1.20	18.59	1.20	18.59	1.20	18.59	1.20	18.59	1.20
59127.45	18.87	1.20	18.87	1.20	18.87	1.20	18.87	1.20	18.87	1.20	18.87	1.20
59127.46	18.74	1.20	18.74	1.20	18.74	1.20	18.74	1.20	18.74	1.20	18.74	1.20
59129.27	19.25	1.20	19.25	1.20	19.25	1.20	19.25	1.20	19.25	1.20	19.25	1.20
59129.33	19.71	1.20	19.71	1.20	19.71	1.20	19.71	1.20	19.71	1.20	19.71	1.20
59129.46	19.09	1.20	19.09	1.20	19.09	1.20	19.09	1.20	19.09	1.20	19.09	1.20
59129.47	19.05	1.20	19.05	1.20	19.05	1.20	19.05	1.20	19.05	1.20	19.05	1.20
59129.47	19.11	1.20	19.11	1.20	19.11	1.20	19.11	1.20	19.11	1.20	19.11	1.20
59129.49	19.13	1.20	19.13	1.20	19.13	1.20	19.13	1.20	19.13	1.20	19.13	1.20
59130.48	19.45	1.20	19.45	1.20	19.45	1.20	19.45	1.20	19.45	1.20	19.45	1.20
59130.48	19.23	1.20	19.23	1.20	19.23	1.20	19.23	1.20	19.23	1.20	19.23	1.20
59131.24	19.30	1.20	19.30	1.20	19.30	1.20	19.30	1.20	19.30	1.20	19.30	1.20
59131.32	19.55	1.20	19.55	1.20	19.55	1.20	19.55	1.20	19.55	1.20	19.55	1.20
59131.46	19.18	1.20	19.18	1.20	19.18	1.20	19.18	1.20	19.18	1.20	19.18	1.20
59131.46	19.36	1.20	19.36	1.20	19.36	1.20	19.36	1.20	19.36	1.20	19.36	1.20
59131.49	19.57	1.20	19.57	1.20	19.57	1.20	19.57	1.20	19.57	1.20	19.57	1.20
59131.50	19.23	1.20	19.23	1.20	19.23	1.20	19.23	1.20	19.23	1.20	19.23	1.20
59132.45	19.81	1.20	19.81	1.20	19.81	1.20	19.81	1.20	19.81	1.20	19.81	1.20
59133.40	19.00	1.20	19.00	1.20	19.00	1.20	19.00	1.20	19.00	1.20	19.00	1.20
59133.41	19.35	1.20	19.35	1.20	19.35	1.20	19.35	1.20	19.35	1.20	19.35	1.20
59133.41	19.10	1.20	19.10	1.20	19.10	1.20	19.10	1.20	19.10	1.20	19.10	1.20
59133.43	19.60	1.20	19.60	1.20	19.60	1.20	19.60	1.20	19.60	1.20	19.60	1.20
59134.27	19.82	1.20	19.82	1.20	19.82	1.20	19.82	1.20	19.82	1.20	19.82	1.20
59134.30	19.39	1.20	19.39	1.20	19.39	1.20	19.39	1.20	19.39	1.20	19.39	1.20
59135.43	19.68	1.20	19.68	1.20	19.68	1.20	19.68	1.20	19.68	1.20	19.68	1.20
59135.43	19.83	1.20	19.83	1.20	19.83	1.20	19.83	1.20	19.83	1.20	19.83	1.20
59135.43	20.28	1.20	20.28	1.20	20.28	1.20	20.28	1.20	20.28	1.20	20.28	1.20
59135.45	19.23	1.20	19.23	1.20	19.23	1.20	19.23	1.20	19.23	1.20	19.23	1.20
59136.30	19.38	1.20	19.38	1.20	19.38	1.20	19.38	1.20	19.38	1.20	19.38	1.20
59136.34	20.02	1.20	20.02	1.20	20.02	1.20	20.02	1.20	20.02	1.20	20.02	1.20
59137.42	19.51	1.20	19.51	1.20	19.51	1.20	19.51	1.20	19.51	1.20	19.51	1.20
59137.43	19.35	1.20	19.35	1.20	19.35	1.20	19.35	1.20	19.35	1.20	19.35	1.20
59137.43	19.38	1.20	19.38	1.20	19.38	1.20	19.38	1.20	19.38	1.20	19.38	1.20
59137.44	19.25	1.20	19.25	1.20	19.25	1.20	19.25	1.20	19.25	1.20	19.25	1.20
59137.45	19.50	1.20	19.50	1.20	19.50	1.20	19.50	1.20	19.50	1.20	19.50	1.20
59137.46	19.98	1.20	19.98	1.20	19.98	1.20	19.98	1.20	19.98	1.20	19.98	1.20
59138.23	20.09	1.20	20.09	1.20	20.09	1.20	20.09	1.20	20.09	1.20	20.09	1.20
59138.31	19.46	1.20	19.46	1.20	19.46	1.20	19.46	1.20	19.46	1.20	19.46	1.20
59139.41	19.83	1.20	19.83	1.20	19.83	1.20	19.83	1.20	19.83	1.20	19.83	1.20
59139.41	19.91	1.20	19.91	1.20	19.91	1.20	19.91	1.20	19.91	1.20	19.91	1.20
59139.42	19.85	1.20	19.85	1.20	19.85	1.20	19.85	1.20	19.85	1.20	19.85	1.20
59139.43	19.43	1.20	19.43	1.20	19.43	1.20	19.43	1.20	19.43	1.20	19.43	1.20
59140.25	19.44	1.20	19.44	1.20	19.44	1.20	19.44	1.20	19.44	1.20	19.44	1.20
59140.28	20.03	1.20	20.03	1.20	20.03	1.20	20.03	1.20	20.03	1.20	20.03	1.20
59141.38	19.43	1.20	19.43	1.20	19.43	1.20	19.43	1.20	19.43	1.20	19.43	1.20
59141.38	19.82	1.20	19.82	1.20	19.82	1.20	19.82	1.20	19.82	1.20	19.82	1.20
59141.41	19.26	1.20	19.26	1.20	19.26	1.20	19.26	1.20	19.26	1.20	19.26	1.20
59141.42	19.59	1.20	19.59	1.20	19.59	1.20	19.59	1.20	19.59	1.20	19.59	1.20
59142.27	20.12	1.20	20.12	1.20	20.12	1.20	20.12	1.20	20.12	1.20	20.12	1.20
59142.27	19.70	1.20	19.70	1.20	19.70	1.20	19.70	1.20	19.70	1.20	19.70	1.20
59143.26	19.59	1.20	19.59	1.20	19.59	1.20	19.59	1.20	19.59	1.20	19.59	1.20
59143.27	20.69	1.20	20.69	1.20	20.69	1.20	20.69	1.20	20.69	1.20	20.69	1.20
59143.29	19.73	1.20	19.73	1.20	19.73	1.20	19.73	1.20	19.73	1.20	19.73	1.20
59143.31	19.79	1.20	19.79	1.20	19.79	1.20	19.79	1.20	19.79	1.20	19.79	1.20
59143.40	20.45	1.20	20.45	1.20	20.45	1.20	20.45	1.20	20.45	1.20	20.45	1.20
59143.40	20.41	1.20	20.41	1.20	20.41	1.20	20.41	1.20	20.41	1.20	20.41	1.20
59143.41	21.26	1.20	21.26	1.20	21.26	1.20	21.26	1.20	21.26	1.20	21.26	1.20
59144.21	19.58	1.20	19.58	1.20	19.58	1.20	19.58	1.20	19.58	1.20	19.58	1.20
59144.33	20.25	1.20	20.25	1.20	20.25	1.20	20.25	1.20	20.25	1.20	20.25	1.20
59145.29	20.14	1.20	20.14	1.20	20.14	1.20	20.14	1.20	20.14	1.20	20.14	1.20
59145.29	19.46	1.20	19.46	1.20	19.46	1.20	19.46	1.20	19.46	1.20	19.46	1.20
59145.40	19.57	1.20	19.57	1.20	19.57	1.20	19.57	1.20	19.57	1.20	19.57	1.20
59145.40	19.66	1.20	19.66	1.20	19.66	1.20	19.66	1.20	19.66	1.20	19.66	1.20
59145.41	19.60	1.20	19.60	1.20	19.60	1.20	19.60	1.20	19.60	1.20	19.60	1.20
59145.42	19.66	1.20	19.66	1.20	19.66	1.20	19.66	1.20	19.66	1.20	19.66	1.20
59147.38	19.40	1.20	19.40	1.20	19.40	1.20	19.40	1.20	19.40	1.20	19.40	1.20
59147.39	19.75	1.20	19.75	1.20	19.75	1.20	19.75	1.20	19.75	1.20	19.75	1.20
59147.39	19.74	1.20	19.74	1.20	19.74	1.20	19.74	1.20	19.74	1.20	19.74	1.20
59147.40	19.90	1.20	19.90	1.20	19.90	1.20	19.90	1.20	19.90	1.20	19.90	1.20
59147.42	20.41	1.20	20.41	1.20	20.41	1.20	20.41	1.20	20.41	1.20	20.41	1.20
59147.42	19.65	1.20	19.65	1.20	19.65	1.20	19.65	1.20	19.65	1.20	19.65	1.20
59148.30	20.91	1.20	20.91	1.20	20.91	1.20	20.91	1.20	20.91	1.20	20.91	1.20
59148.31	19.86	1.20	19.86	1.20	19.86	1.20	19.86	1.20	19.86	1.20	19.86	1.20
59148.31	19.19	1.20	19.19	1.20	19.19	1.20	19.19	1.20	19.19	1.20	19.19	1.20
59154.41	19.67	1.20	19.67	1.20	19.67	1.20	19.67	1.20	19.67	1.20	19.67	1.20
59154.41	19.49	1.20	19.49	1.20	19.49	1.20	19.49	1.20	19.49	1.20	19.49	1.20
59155.26	19.52	1.20	19.52	1.20	19.52	1.20	19.52	1.20	19.52	1.20	19.52	1.20
59155.50	18.68	1.20	18.68	1.20	18.68	1.20	18.68	1.20	18.68	1.20	18.68	1.20
59157.33	19.65	1.20	19.65	1.20	19.65	1.20	19.65	1.20	19.65	1.20	19.65	1.20
59157.38	19.40	1.20	19.40	1.20	19.40	1.20	19.40	1.20	19.40	1.20	19.40	1.20
59157.38	19.45	1.20	19.45	1.20	19.45	1.20	19.45	1.20	19.45	1.20	19.45	1.20
59157.39	19.37	1.20	19.37	1.20	19.37	1.20	19.37	1.20	19.37	1.20	19.37	1.20
59157.40	19.37	1.20	19.37	1.20	19.37	1.20	19.37	1.20	19.37	1.20	19.37	1.20
59158.39	19.39	1.20	19.39	1.20	19.39	1.20	19.39	1.20	19.39	1.20	19.39	1.20
59159.34	17.12	1.20	17.12	1.20	17.12	1.20	17.12	1.20	17.12	1.20	17.12	1.20
59160.35	19.46	1.20	19.46	1.20	19.46	1.20	19.46	1.20	19.46	1.20	19.46	1.20
59160.36	18.19	1.20	18.19	1.20	18.19	1.20	18.19	1.20	18.19	1.20	18.19	1.20
59160.36	19.96	1.20	19.96	1.20	19.96	1.20	19.96	1.20	19.96	1.20	19.96	1.20
59161.37	19.31	1.20	19.31	1.20	19.31	1.20	19.31	1.20	19.31	1.20	19.31	1.20
59161.38	19.76	1.20	19.76	1.20	19.76	1.20	19.76	1.20	19.76	1.20	19.76	1.20
59161.39	19.65	1.20	19.65	1.20	19.65	1.20	19.65	1.20	19.65	1.20	19.65	1.20
59163.35	19.56	1.20	19.56	1.20	19.56	1.20	19.56	1.20	19.56	1.20	19.56	1.20
59163.36	21.08	1.20	21.08	1.20	21.08	1.20	21.08	1.20	21.08	1.20	21.08	1.20
59163.42	21.00	1.20	21.00	1.20	21.00	1.20	21.00	1.20	21.00	1.20	21.00	1.20
59163.42	20.12	1.20	20.12	1.20	20.12	1.20	20.12	1.20	20.12	1.20	20.12	1.20
59163.43	21.61	1.20	21.61	1.20	21.61	1.20	21.61	1.20	21.61	1.20	21.61	1.20
59163.44	21.63	1.20	21.63	1.20	21.63	1.20	21.63	1.20	21.63	1.20	21.63	1.20
59167.23	19.91	1.20	19.91	1.20	19.91	1.20	19.91	1.20	19.91	1.20	19.91	1.20
59169.19	19.98	1.20	19.98	1.20	19.98	1.20	19.98	1.20	19.98	1.20	19.98	1.20
59169.22	20.88	1.20	20.88	1.20	20.88	1.20	20.88	1.20	20.88	1.20	20.88	1.20
59169.22	19.64	1.20	19.64	1.20	19.64	1.20	19.64	1.20	19.64	1.20	19.64	1.20
59169.33	19.39	1.20	19.39	1.20	19.39	1.20	19.39	1.20	19.39	1.20	19.39	1.20
59169.35	20.39	1.20	20.39	1.20	20.39	1.20	20.39	1.20	20.39	1.20	20.39	1.20
59169.35	19.69	1.20	19.69	1.20	19.69	1.20	19.69	1.20	19.69	1.20	19.69	1.20
59169.36	19.67	1.20	19.67	1.20	19.67	1.20	19.67	1.20	19.67	1.20	19.67	1.20
59173.22	19.93	1.20	19.93	1.20	19.93	1.20	19.93	1.20	19.93	1.20	19.93	1.20
59173.38	21.23	1.20	21.23	1.20	21.23	1.20	21.23	1.20	21.23	1.20	21.23	1.20
59173.38	20.03	1.20	20.03	1.20	20.03	1.20	20.03	1.20	20.03	1.20	20.03	1.20
59182.36	20.26	1.20	20.26	1.20	20.26	1.20	20.26	1.20	20.26	1.20	20.26	1.20
59182.36	20.00	1.20	20.00	1.20	20.00	1.20	20.00	1.20	20.00	1.20	20.00	1.20
59185.37	20.09	1.20	20.09	1.20	20.09	1.20	20.09	1.20	20.09	1.20	20.09	1.20
59185.38	19.65	1.20	19.65	1.20	19.65	1.20	19.65	1.20	19.65	1.20	19.65	1.20
59185.38	21.70	1.20	21.70	1.20	21.70	1.20	21.70	1.20	21.70	1.20	21.70	1.20
59185.39	23.08	1.20	23.08	1.20	23.08	1.20	23.08	1.20	23.08	1.20	23.08	1.20
59186.35	20.30	1.20	20.30	1.20	20.30	1.20	20.30	1.20	20.30	1.20	20.30	1.20
59186.35	20.14	1.20	20.14	1.20	20.14	1.20	20.14	1.20	20.14	1.20	20.14	1.20
59187.36	20.04	1.20	20.04	1.20	20.04	1.20	20.04	1.20	20.04	1.20	20.04	1.20
59187.37	19.40	1.20	19.40	1.20	19.40	1.20	19.40	1.20	19.40	1.20	19.40	1.20
59187.37	19.80	1.20	19.80	1.20	19.80	1.20	19.80	1.20	19.80	1.20	19.80	1.20
59187.38	19.95	1.20	19.95	1.20	19.95	1.20	19.95	1.20	19.95	1.20	19.95	1.20
59189.29	20.46	1.20	20.46	1.20	20.46	1.20	20.46	1.20	20.46	1.20	20.46	1.20
59189.29	19.69	1.20	19.69	1.20	19.69	1.20	19.69	1.20	19.69	1.20	19.69	1.20
59189.31	20.31	1.20	20.31	1.20	20.31	1.20	20.31	1.20	20.31	1.20	20.31	1.20
59190.29	22.13	1.20	22.13	1.20	22.13	1.20	22.13	1.20	22.13	1.20	22.13	1.20
59190.29	20.27	1.20	20.27	1.20	20.27	1.20	20.27	1.20	20.27	1.20	20.27	1.20
59191.26	21.16	1.20	21.16	1.20	21.16	1.20	21.16	1.20	21.16	1.20	21.16	1.20
59191.26	21.68	1.20	21.68	1.20	21.68	1.20	21.68	1.20	21.68	1.20	21.68	1.20
59191.27	20.88	1.20	20.88	1.20	20.88	1.20	20.88	1.20	20.88	1.20	20.88	1.20
59191.28	21.87	1.20	21.87	1.20	21.87	1.20	21.87	1.20	21.87	1.20	21.87	1.20
59192.31	20.55	1.20	20.55	1.20	20.55	1.20	20.55	1.20	20.55	1.20	20.55	1.20
59192.31	21.94	1.20	21.94	1.20	21.94	1.20	21.94	1.20	21.94	1.20	21.94	1.20
59193.30	20.88	1.20	20.88	1.20	20.88	1.20	20.88	1.20	20.88	1.20	20.88	1.20
59193.30	20.64	1.20	20.64	1.20	20.64	1.20	20.64	1.20	20.64	1.20	20.64	1.20
59193.32	20.02	1.20	20.02	1.20	20.02	1.20	20.02	1.20	20.02	1.20	20.02	1.20
59193.33	19.92	1.20	19.92	1.20	19.92	1.20	19.92	1.20	19.92	1.20	19.92	1.20
59195.32	22.16	1.20	22.16	1.20	22.16	1.20	22.16	1.20	22.16	1.20	22.16	1.20
59195.32	21.52	1.20	21.52	1.20	21.52	1.20	21.52	1.20	21.52	1.20	21.52	1.20
59195.34	24.15	1.20	24.15	1.20	24.15	1.20	24.15	1.20	24.15	1.20	24.15	1.20
59195.34	21.37	1.20	21.37	1.20	21.37	1.20	21.37	1.20	21.37	1.20	21.37	1.20
59197.27	21.82	1.20	21.82	1.20	21.82	1.20	21.82	1.20	21.82	1.20	21.82	1.20
59197.27	20.55	1.20	20.55	1.20	20.55	1.20	20.55	1.20	20.55	1.20	20.55	1.20
59197.30	20.95	1.20	20.95	1.20	20.95	1.20	20.95	1.20	20.95	1.20	20.95	1.20
59199.28	21.82	1.20	21.82	1.20	21.82	1.20	21.82	1.20	21.82	1.20	21.82	1.20
59199.32	21.66	1.20	21.66	1.20	21.66	1.20	21.66	1.20	21.66	1.20	21.66	1.20
59381.58	21.96	1.20	21.96	1.20	21.96	1.20	21.96	1.20	21.96	1.20	21.96	1.20
59381.58	23.25	1.20	23.25	1.20	23.25	1.20	23.25	1.20	23.25	1.20	23.25	1.20
59385.60	28.70	1.20	28.70	1.20	28.70	1.20	28.70	1.20	28.70	1.20	28.70	1.20
59390.60	21.72	1.20	21.72	1.20	21.72	1.20	21.72	1.20	21.72	1.20	21.72	1.20
59390.60	23.98	1.20	23.98	1.20	23.98	1.20	23.98	1.20	23.98	1.20	23.98	1.20
59400.57	23.14	1.20	23.14	1.20	23.14	1.20	23.14	1.20	23.14	1.20	23.14	1.20
59400.57	23.36	1.20	23.36	1.20	23.36	1.20	23.36	1.20	23.36	1.20	23.36	1.20
59401.56	22.82	1.20	22.82	1.20	22.82	1.20	22.82	1.20	22.82	1.20	22.82	1.20
59410.56	25.97	1.20	25.97	1.20	25.97	1.20	25.97	1.20	25.97	1.20	25.97	1.20
59412.51	22.41	1.20	22.41	1.20	22.41	1.20	22.41	1.20	22.41	1.20	22.41	1.20
59417.52	23.34	1.20	23.34	1.20	23.34	1.20	23.34	1.20	23.34	1.20	23.34	1.20
59417.52	21.40	1.20	21.40	1.20	21.40	1.20	21.40	1.20	21.40	1.20	21.40	1.20
59420.56	21.77	1.20	21.77	1.20	21.77	1.20	21.77	1.20	21.77	1.20	21.77	1.20
59428.52	22.01	1.20	22.01	1.20	22.01	1.20	22.01	1.20	22.01	1.20	22.01	1.20
59428.53	27.20	1.20	27.20	1.20	27.20	1.20	27.20	1.20	27.20	1.20	27.20	1.20
59431.48	22.30	1.20	22.30	1.20	22.30	1.20	22.30	1.20	22.30	1.20	22.30	1.20
59438.62	25.18	1.20	25.18	1.20	25.18	1.20	25.18	1.20	25.18	1.20	25.18	1.20
59446.59	22.69	1.20	22.69	1.20	22.69	1.20	22.69	1.20	22.69	1.20	22.69	1.20
59448.60	22.14	1.20	22.14	1.20	22.14	1.20	22.14	1.20	22.14	1.20	22.14	1.20
59455.60	22.41	1.20	22.41	1.20	22.41	1.20	22.41	1.20	22.41	1.20	22.41	1.20
59455.60	25.13	1.20	25.13	1.20	25.13	1.20	25.13	1.20	25.13	1.20	25.13	1.20
59458.58	25.01	1.20	25.01	1.20	25.01	1.20	25.01	1.20	25.01	1.20	25.01	1.20
59464.39	24.16	1.20	24.16	1.20	24.16	1.20	24.16	1.20	24.16	1.20	24.16	1.20
59467.56	23.52	1.20	23.52	1.20	23.52	1.20	23.52	1.20	23.52	1.20	23.52	1.20
59467.57	22.64	1.20	22.64	1.20	22.64	1.20	22.64	1.20	22.64	1.20	22.64	1.20
59485.52	23.90	1.20	23.90	1.20	23.90	1.20	23.90	1.20	23.90	1.20	23.90	1.20
59491.50	22.95	1.20	22.95	1.20	22.95	1.20	22.95	1.20	22.95	1.20	22.95	1.20
59491.50	29.68	1.20	29.68	1.20	29.68	1.20	29.68	1.20	29.68	1.20	29.68	1.20
59510.44	21.87	1.20	21.87	1.20	21.87	1.20	21.87	1.20	21.87	1.20	21.87	1.20
59514.41	23.84	1.20	23.84	1.20	23.84	1.20	23.84	1.20	23.84	1.20	23.84	1.20
59519.28	22.95	1.20	22.95	1.20	22.95	1.20	22.95	1.20	22.95	1.20	22.95	1.20
59530.37	24.74	1.20	24.74	1.20	24.74	1.20	24.74	1.20	24.74	1.20	24.74	1.20
59537.32	22.86	1.20	22.86	1.20	22.86	1.20	22.86	1.20	22.86	1.20	22.86	1.20
59538.24	24.17	1.20	24.17	1.20	24.17	1.20	24.17	1.20	24.17	1.20	24.17	1.20
59541.32	23.68	1.20	23.68	1.20	23.68	1.20	23.68	1.20	23.68	1.20	23.68	1.20
59545.33	22.41	1.20	22.41	1.20	22.41	1.20	22.41	1.20	22.41	1.20	22.41	1.20
59739.60	23.78	1.20	23.78	1.20	23.78	1.20	23.78	1.20	23.78	1.20	23.78	1.20
59739.61	21.98	1.20	21.98	1.20	21.98	1.20	21.98	1.20	21.98	1.20	21.98	1.20
59740.60	24.61	1.20	24.61	1.20	24.61	1.20	24.61	1.20	24.61	1.20	24.61	1.20
59757.59	23.09	1.20	23.09	1.20	23.09	1.20	23.09	1.20	23.09	1.20	23.09	1.20
59765.57	25.52	1.20	25.52	1.20	25.52	1.20	25.52	1.20	25.52	1.20	25.52	1.20
59774.56	23.20	1.20	23.20	1.20	23.20	1.20	23.20	1.20	23.20	1.20	23.20	1.20
59776.55	22.75	1.20	22.75	1.20	22.75	1.20	22.75	1.20	22.75	1.20	22.75	1.20
59795.53	22.87	1.20	22.87	1.20	22.87	1.20	22.87	1.20	22.87	1.20	22.87	1.20
59795.53	24.97	1.20	24.97	1.20	24.97	1.20	24.97	1.20	24.97	1.20	24.97	1.20
59810.45	22.53	1.20	22.53	1.20	22.53	1.20	22.53	1.20	22.53	1.20	22.53	1.20
59825.44	26.50	1.20	26.50	1.20	26.50	1.20	26.50	1.20	26.50	1.20	26.50	1.20
59825.45	23.53	1.20	23.53	1.20	23.53	1.20	23.53	1.20	23.53	1.20	23.53	1.20
59830.43	23.02	1.20	23.02	1.20	23.02	1.20	23.02	1.20	23.02	1.20	23.02	1.20
59841.38	23.02	1.20	23.02	1.20	23.02	1.20	23.02	1.20	23.02	1.20	23.02	1.20
59842.38	25.62	1.20	25.62	1.20	25.62	1.20	25.62	1.20	25.62	1.20	25.62	1.20
59850.39	24.34	1.20	24.34	1.20	24.34	1.20	24.34	1.20	24.34	1.20	24.34	1.20
59854.48	23.91	1.20	23.91	1.20	23.91	1.20	23.91	1.20	23.91	1.20	23.91	1.20
59867.48	22.42	1.20	22.42	1.20	22.42	1.20	22.42	1.20	22.42	1.20	22.42	1.20
59876.39	24.07	1.20	24.07	1.20	24.07	1.20	24.07	1.20	24.07	1.20	24.07	1.20
59876.40	23.57	1.20	23.57	1.20	23.57	1.20	23.57	1.20	23.57	1.20	23.57	1.20
59881.28	23.32	1.20	23.32	1.20	23.32	1.20	23.32	1.20	23.32	1.20	23.32	1.20
59881.28	23.08	1.20	23.08	1.20	23.08	1.20	23.08	1.20	23.08	1.20	23.08	1.20
59908.22	22.36	1.20	22.36	1.20	22.36	1.20	22.36	1.20	22.36	1.20	22.36	1.20
#
## All light curves linearly interpolated
## Extrapolation done by assuming constant colour with reference band
