59036.591	40.916	0.432
59051.557	40.597	0.432
59051.560	40.849	0.432
59055.541	39.613	0.432
59060.500	41.148	0.432
59077.467	40.948	0.432
59079.489	40.296	0.432
59079.492	40.509	0.432
59093.414	40.862	0.432
59100.429	40.659	0.432
59100.431	40.417	0.432
59101.425	41.722	0.432
59101.448	41.465	0.432
59101.454	41.585	0.432
59103.396	40.701	0.432
59103.501	40.988	0.432
59103.504	41.961	0.432
59103.520	41.085	0.432
59105.478	40.909	0.432
59105.481	40.979	0.432
59105.538	41.747	0.432
59107.356	41.777	0.432
59107.487	41.634	0.432
59107.492	41.218	0.432
59107.502	41.653	0.432
59107.534	41.659	0.432
59107.537	41.494	0.432
59108.390	41.998	0.432
59108.390	41.998	0.432
59109.322	42.317	0.432
59109.322	42.317	0.432
59109.402	42.303	0.432
59109.405	42.143	0.432
59109.409	42.342	0.432
59109.410	42.204	0.432
59109.432	42.137	0.432
59110.346	42.400	0.432
59110.359	42.310	0.432
59111.367	42.417	0.432
59111.398	42.379	0.432
59111.401	42.341	0.432
59111.404	41.794	0.432
59111.442	42.503	0.432
59111.505	42.349	0.432
59111.508	42.428	0.432
59112.500	42.355	0.432
59112.551	42.443	0.432
59113.302	42.401	0.432
59113.340	42.353	0.432
59113.390	42.427	0.432
59113.462	42.380	0.432
59113.462	42.380	0.432
59113.467	42.509	0.432
59113.472	42.349	0.432
59113.483	42.343	0.432
59114.322	42.419	0.432
59115.305	42.409	0.432
59115.496	42.359	0.432
59115.499	42.371	0.432
59115.506	42.491	0.432
59115.522	42.513	0.432
59116.265	42.382	0.432
59116.307	42.377	0.432
59116.337	42.399	0.432
59116.362	42.399	0.432
59117.286	42.391	0.432
59117.373	42.404	0.432
59117.374	42.429	0.432
59117.377	42.345	0.432
59117.415	42.368	0.432
59117.438	42.384	0.432
59117.467	42.442	0.432
59117.472	42.403	0.432
59118.262	42.340	0.432
59118.354	42.349	0.432
59118.363	42.405	0.432
59118.370	42.375	0.432
59118.373	42.348	0.432
59119.338	42.327	0.432
59119.360	42.357	0.432
59119.370	42.439	0.432
59119.377	42.450	0.432
59119.378	42.414	0.432
59119.409	42.344	0.432
59120.284	42.358	0.432
59120.374	42.400	0.432
59120.376	42.230	0.432
59121.307	42.337	0.432
59121.431	42.285	0.432
59121.435	42.309	0.432
59121.467	42.459	0.432
59121.472	42.300	0.432
59126.362	42.334	0.432
59127.362	42.372	0.432
59127.365	42.341	0.432
59127.438	42.597	0.432
59127.447	42.482	0.432
59127.458	42.535	0.432
59129.269	42.330	0.432
59129.330	42.149	0.432
59129.459	42.393	0.432
59129.466	42.410	0.432
59129.469	42.389	0.432
59129.488	42.380	0.432
59130.478	42.251	0.432
59130.480	42.338	0.432
59131.235	42.311	0.432
59131.317	42.213	0.432
59131.462	42.361	0.432
59131.465	42.287	0.432
59131.485	42.203	0.432
59131.501	42.337	0.432
59132.452	42.109	0.432
59133.405	42.431	0.432
59133.408	42.293	0.432
59133.414	42.392	0.432
59133.431	42.190	0.432
59134.268	42.102	0.432
59134.298	42.275	0.432
59135.425	42.159	0.432
59135.429	42.100	0.432
59135.434	41.920	0.432
59135.448	42.340	0.432
59136.300	42.279	0.432
59136.344	42.024	0.432
59137.420	42.229	0.432
59137.429	42.292	0.432
59137.433	42.279	0.432
59137.444	42.333	0.432
59137.453	42.229	0.432
59137.456	42.037	0.432
59138.233	41.997	0.432
59138.306	42.249	0.432
59139.409	42.099	0.432
59139.413	42.065	0.432
59139.418	42.091	0.432
59139.432	42.261	0.432
59140.249	42.254	0.432
59140.277	42.020	0.432
59141.378	42.261	0.432
59141.381	42.103	0.432
59141.413	42.327	0.432
59141.418	42.194	0.432
59142.269	41.985	0.432
59142.272	42.152	0.432
59143.265	42.197	0.432
59143.268	41.757	0.432
59143.288	42.141	0.432
59143.313	42.115	0.432
59143.400	41.853	0.432
59143.403	41.868	0.432
59143.408	41.527	0.432
59144.214	42.201	0.432
59144.332	41.933	0.432
59145.290	41.975	0.432
59145.293	42.247	0.432
59145.398	42.203	0.432
59145.400	42.165	0.432
59145.413	42.192	0.432
59145.424	42.167	0.432
59147.384	42.271	0.432
59147.387	42.131	0.432
59147.393	42.135	0.432
59147.403	42.070	0.432
59147.417	41.869	0.432
59147.420	42.171	0.432
59148.300	41.667	0.432
59148.307	42.087	0.432
59148.313	42.355	0.432
59154.408	42.164	0.432
59154.411	42.235	0.432
59155.264	42.225	0.432
59155.501	42.561	0.432
59157.333	42.172	0.432
59157.377	42.270	0.432
59157.380	42.250	0.432
59157.387	42.285	0.432
59157.397	42.284	0.432
59158.393	42.277	0.432
59159.344	43.183	0.432
59160.351	42.248	0.432
59160.355	42.755	0.432
59160.361	42.048	0.432
59161.374	42.309	0.432
59161.379	42.128	0.432
59161.385	42.173	0.432
59163.354	42.208	0.432
59163.356	41.601	0.432
59163.420	41.630	0.432
59163.423	41.984	0.432
59163.429	41.389	0.432
59163.442	41.381	0.432
59167.227	42.067	0.432
59169.191	42.041	0.432
59169.221	41.678	0.432
59169.224	42.173	0.432
59169.332	42.276	0.432
59169.351	41.875	0.432
59169.354	42.156	0.432
59169.362	42.162	0.432
59173.218	42.059	0.432
59173.375	41.539	0.432
59173.378	42.018	0.432
59182.358	41.926	0.432
59182.361	42.033	0.432
59185.369	41.997	0.432
59185.375	42.171	0.432
59185.379	41.353	0.432
59185.393	40.801	0.432
59186.345	41.910	0.432
59186.348	41.976	0.432
59187.362	42.017	0.432
59187.366	42.273	0.432
59187.372	42.113	0.432
59187.384	42.049	0.432
59189.288	41.848	0.432
59189.294	42.155	0.432
59189.312	41.907	0.432
59190.286	41.181	0.432
59190.289	41.922	0.432
59191.262	41.568	0.432
59191.265	41.358	0.432
59191.271	41.680	0.432
59191.282	41.283	0.432
59192.306	41.811	0.432
59192.309	41.256	0.432
59193.297	41.681	0.432
59193.302	41.776	0.432
59193.317	42.025	0.432
59193.328	42.063	0.432
59195.315	41.167	0.432
59195.319	41.421	0.432
59195.338	40.370	0.432
59195.344	41.482	0.432
59197.270	41.302	0.432
59197.274	41.812	0.432
59197.296	41.651	0.432
59199.282	41.303	0.432
59199.320	41.367	0.432
59381.580	41.247	0.432
59381.582	40.731	0.432
59385.597	38.549	0.432
59390.601	41.343	0.432
59390.604	40.437	0.432
59400.571	40.775	0.432
59400.574	40.685	0.432
59401.557	40.901	0.432
59410.564	39.643	0.432
59412.513	41.069	0.432
59417.516	40.695	0.432
59417.519	41.471	0.432
59420.556	41.323	0.432
59428.523	41.226	0.432
59428.526	39.153	0.432
59431.478	41.112	0.432
59438.617	39.959	0.432
59446.593	40.955	0.432
59448.596	41.173	0.432
59455.595	41.069	0.432
59455.598	39.979	0.432
59458.581	40.029	0.432
59464.393	40.367	0.432
59467.562	40.623	0.432
59467.565	40.974	0.432
59485.517	40.471	0.432
59491.495	40.853	0.432
59491.497	38.161	0.432
59510.440	41.283	0.432
59514.412	40.497	0.432
59519.278	40.849	0.432
59530.369	40.135	0.432
59537.324	40.887	0.432
59538.238	40.362	0.432
59541.324	40.561	0.432
59545.331	41.067	0.432
59739.604	40.520	0.432
59739.607	41.240	0.432
59740.598	40.186	0.432
59757.586	40.794	0.432
59765.568	39.824	0.432
59774.558	40.750	0.432
59776.548	40.930	0.432
59795.530	40.884	0.432
59795.533	40.044	0.432
59810.447	41.019	0.432
59825.443	39.429	0.432
59825.446	40.619	0.432
59830.425	40.823	0.432
59841.376	40.822	0.432
59842.376	39.781	0.432
59850.389	40.295	0.432
59854.484	40.468	0.432
59867.480	41.062	0.432
59876.395	40.402	0.432
59876.403	40.602	0.432
59881.278	40.702	0.432
59881.280	40.799	0.432
59908.216	41.089	0.432
